3.23387
2.33811
-0.037314
3.23387
2.43812
0.13589
3.26619
4.28121
-0.018657
3.11619
4.18121
0.0679435
3.26619
4.28121
0.018657
3.11619
4.18121
-0.0679435
3.23387
2.33811
0.037314
3.23387
2.43812
-0.13589
2.60938
2.56541
-0.037314
2.67366
2.64202
0.135891
2.63413
2.54464
-0.018657
2.58351
2.71767
0.0679453
3.88313
4.03314
-0.018657
3.70394
4.05295
0.0679457
3.85837
4.05391
-0.037314
3.79409
3.9773
0.135888
2.63413
2.54464
0.018657
2.58351
2.71767
-0.0679453
3.88313
4.03314
0.018657
3.70394
4.05295
-0.0679457
2.60938
2.56541
0.037314
2.67366
2.64202
-0.135891
3.85837
4.05391
0.037314
3.79409
3.9773
-0.135888
2.58462
2.58618
0.018657
2.7638
2.56636
-0.0679453
3.83362
4.07468
0.018657
3.88424
3.90166
-0.0679416
3.83362
4.07468
-0.018657
3.88424
3.90166
0.0679416
2.58462
2.58618
-0.018657
2.7638
2.56636
0.0679453
2.27709
3.14095
-0.037314
2.37557
3.15831
0.135891
2.2827
3.10913
-0.018657
2.35514
3.27421
0.0679446
4.19627
3.44655
-0.018657
4.07175
3.57691
0.0679446
4.19066
3.47837
-0.037314
4.09218
3.46101
0.135891
2.2827
3.10913
0.018657
2.35514
3.27421
-0.0679446
4.19627
3.44655
0.018657
4.07175
3.57691
-0.0679446
2.27709
3.14095
0.037314
2.37557
3.15831
-0.135891
4.19066
3.47837
0.037314
4.09218
3.46101
-0.135891
2.27147
3.17278
0.018657
2.396
3.04242
-0.0679446
4.18505
3.51019
0.018657
4.11261
3.34511
-0.0679446
4.18505
3.51019
-0.018657
4.11261
3.34511
0.0679446
2.27147
3.17278
-0.018657
2.396
3.04242
0.0679446
2.39249
3.79543
-0.037314
2.47909
3.74543
0.135891
2.37633
3.76745
-0.018657
2.53793
3.84735
0.067945
4.0591
2.7959
-0.018657
4.0475
2.97581
0.067945
4.07526
2.82389
-0.037314
3.98866
2.87389
0.135891
2.37633
3.76745
0.018657
2.53793
3.84735
-0.067945
4.0591
2.7959
0.018657
4.0475
2.97581
-0.067945
2.39249
3.79543
0.037314
2.47909
3.74543
-0.135891
4.07526
2.82389
0.037314
3.98866
2.87389
-0.135891
2.40865
3.82342
0.018657
2.42025
3.64352
-0.067945
4.09142
2.85187
0.018657
3.92981
2.77197
-0.067945
4.09142
2.85187
-0.018657
3.92981
2.77197
0.067945
2.40865
3.82342
-0.018657
2.42025
3.64352
0.067945
2.90159
4.22262
-0.037313
2.93579
4.12865
0.135891
2.87122
4.21157
-0.018657
3.04637
4.16889
0.0679454
3.5358
2.38565
-0.018657
3.64255
2.53093
0.0679446
3.56616
2.3967
-0.037314
3.53196
2.49068
0.13589
2.87122
4.21157
0.018657
3.04637
4.16889
-0.0679454
3.5358
2.38565
0.018657
3.64255
2.53093
-0.0679446
2.90159
4.22262
0.037314
2.93579
4.12865
-0.13589
3.56616
2.3967
0.037313
3.53196
2.49068
-0.135891
2.93195
4.23367
0.018657
2.8252
4.0884
-0.0679446
3.59653
2.40776
0.018657
3.42137
2.45043
-0.0679454
3.59653
2.40776
-0.018657
3.42137
2.45043
0.0679454
2.93195
4.23367
-0.018657
2.8252
4.0884
0.0679446
3.56616
4.22262
-0.037313
3.53196
4.12865
0.135891
3.5358
4.23367
-0.018657
3.64255
4.0884
0.0679446
2.87122
2.40776
-0.018657
3.04637
2.45043
0.0679454
2.90158
2.3967
-0.037314
2.93578
2.49068
0.13589
3.5358
4.23367
0.018657
3.64255
4.0884
-0.0679446
2.87122
2.40776
0.018657
3.04637
2.45043
-0.0679454
3.56616
4.22262
0.037314
3.53196
4.12865
-0.13589
2.90158
2.3967
0.037313
2.93578
2.49068
-0.135891
3.59653
4.21157
0.018657
3.42137
4.16889
-0.0679454
2.93195
2.38565
0.018657
2.8252
2.53093
-0.0679446
2.93195
2.38565
-0.018657
2.8252
2.53093
0.0679446
3.59653
4.21157
-0.018657
3.42137
4.16889
0.0679454
4.07526
3.79543
-0.037314
3.98866
3.74543
0.135891
4.0591
3.82342
-0.018657
4.0475
3.64352
0.067945
2.37633
2.85187
-0.018657
2.53793
2.77197
0.067945
2.39249
2.82389
-0.037314
2.47909
2.87389
0.135891
4.0591
3.82342
0.018657
4.0475
3.64352
-0.067945
2.37633
2.85187
0.018657
2.53793
2.77197
-0.067945
4.07526
3.79543
0.037314
3.98866
3.74543
-0.135891
2.39249
2.82389
0.037314
2.47909
2.87389
-0.135891
4.09142
3.76745
0.018657
3.92981
3.84735
-0.067945
2.40864
2.7959
0.018657
2.42025
2.97581
-0.067945
2.40864
2.7959
-0.018657
2.42025
2.97581
0.067945
4.09142
3.76745
-0.018657
3.92981
3.84735
0.067945
4.19066
3.14095
-0.037314
4.09218
3.15832
0.13589
4.19627
3.17278
-0.018657
4.07175
3.04242
0.0679474
2.2827
3.51019
-0.018657
2.35514
3.34511
0.0679446
2.27709
3.47837
-0.037314
2.37557
3.46101
0.135891
4.19627
3.17278
0.018657
4.07175
3.04242
-0.0679474
2.2827
3.51019
0.018657
2.35514
3.34511
-0.0679446
4.19066
3.14095
0.037314
4.09218
3.15832
-0.13589
2.27709
3.47837
0.037314
2.37557
3.46101
-0.135891
4.18505
3.10913
0.018657
4.11261
3.27422
-0.067941
2.27147
3.44655
0.018657
2.396
3.57691
-0.0679446
2.27147
3.44655
-0.018657
2.396
3.57691
0.0679446
4.18505
3.10913
-0.018657
4.11261
3.27422
0.067941
3.85837
2.56541
-0.037314
3.79409
2.64202
0.135891
3.88313
2.58618
-0.018657
3.70394
2.56636
0.0679453
2.63413
4.07468
-0.018657
2.58351
3.90166
0.0679453
2.60938
4.05391
-0.037314
2.67366
3.97731
0.135891
3.88313
2.58618
0.018657
3.70394
2.56636
-0.0679453
2.63413
4.07468
0.018657
2.58351
3.90166
-0.0679453
3.85837
2.56541
0.037314
3.79409
2.64202
-0.135891
2.60938
4.05391
0.037314
2.67366
3.97731
-0.135891
3.83362
2.54464
0.018657
3.88424
2.71767
-0.0679453
2.58462
4.03314
0.018657
2.7638
4.05296
-0.0679453
2.58462
4.03314
-0.018657
2.7638
4.05296
0.0679453
3.83362
2.54464
-0.018657
3.88424
2.71767
0.0679453
3.23387
2.33811
-0.037314
3.23387
2.23811
-0.210518
3.26619
4.28121
-0.018657
3.41619
4.38121
-0.105257
3.26619
4.28121
0.018657
3.41619
4.38121
0.105257
3.23387
2.33811
0.037314
3.23387
2.23811
0.210518
