-1.9714
3.08153
0.228561
-1.9714
3.08153
0.428561
-1.91702
3.00015
0.228561
-1.91702
3.00015
0.428561
-1.71565
3.20152
0.228561
-1.71565
3.20152
0.428561
-1.73916
3.2367
0.228561
-1.73916
3.2367
0.428561
-1.37029
2.8914
0.228561
-1.37029
2.8914
0.428561
-1.28891
2.94577
0.228561
-1.28891
2.94577
0.428561
-1.44409
3.17801
0.228561
-1.44409
3.17801
0.428561
-1.47927
3.1545
0.228561
-1.47927
3.1545
0.428561
-1.75426
3.81839
0.228561
-1.75426
3.81839
0.428561
-1.83564
3.76401
0.228561
-1.83564
3.76401
0.428561
-1.68047
3.53177
0.228561
-1.68047
3.53177
0.428561
-1.64528
3.55528
0.228561
-1.64528
3.55528
0.428561
-2.04487
3.2589
0.228561
-2.04487
3.2589
0.428561
-2.02577
3.16291
0.228561
-2.02577
3.16291
0.428561
-1.76267
3.27189
0.228561
-1.76267
3.27189
0.428561
-1.77092
3.31339
0.228561
-1.77092
3.31339
0.428561
-1.0606
3.35489
0.228561
-1.0606
3.35489
0.428561
-1.07969
3.45089
0.228561
-1.07969
3.45089
0.428561
-1.35363
3.39639
0.228561
-1.35363
3.39639
0.428561
-1.34538
3.35489
0.228561
-1.34538
3.35489
0.428561
-1.91702
3.70964
0.228561
-1.91702
3.70964
0.428561
-1.9714
3.62826
0.228561
-1.9714
3.62826
0.428561
-1.73916
3.47308
0.228561
-1.73916
3.47308
0.428561
-1.71565
3.50826
0.228561
-1.71565
3.50826
0.428561
-2.04487
3.45089
0.228561
-2.04487
3.45089
0.428561
-2.06396
3.35489
0.228561
-2.06396
3.35489
0.428561
-1.77918
3.35489
0.228561
-1.77918
3.35489
0.428561
-1.77092
3.39639
0.228561
-1.77092
3.39639
0.428561
-1.37029
3.81839
0.228561
-1.37029
3.81839
0.428561
-1.46628
3.83748
0.228561
-1.46628
3.83748
0.428561
-1.52078
3.56354
0.228561
-1.52078
3.56354
0.428561
-1.47927
3.55528
0.228561
-1.47927
3.55528
0.428561
-2.02577
3.54688
0.228561
-2.02577
3.54688
0.428561
-1.76267
3.4379
0.228561
-1.76267
3.4379
0.428561
-1.56228
3.85657
0.228561
-1.56228
3.85657
0.428561
-1.56228
3.57179
0.228561
-1.56228
3.57179
0.428561
-1.28891
3.76401
0.228561
-1.28891
3.76401
0.428561
-1.44409
3.53177
0.228561
-1.44409
3.53177
0.428561
-1.75426
2.8914
0.228561
-1.75426
2.8914
0.428561
-1.65827
2.8723
0.228561
-1.65827
2.8723
0.428561
-1.60378
3.14625
0.228561
-1.60378
3.14625
0.428561
-1.64528
3.1545
0.228561
-1.64528
3.1545
0.428561
-1.65827
3.83748
0.228561
-1.65827
3.83748
0.428561
-1.60378
3.56354
0.228561
-1.60378
3.56354
0.428561
-1.15316
3.62826
0.228561
-1.15316
3.62826
0.428561
-1.20754
3.70964
0.228561
-1.20754
3.70964
0.428561
-1.40891
3.50826
0.228561
-1.40891
3.50826
0.428561
-1.3854
3.47308
0.228561
-1.3854
3.47308
0.428561
-1.56228
2.85321
0.228561
-1.56228
2.85321
0.428561
-1.46628
2.8723
0.228561
-1.46628
2.8723
0.428561
-1.52078
3.14625
0.228561
-1.52078
3.14625
0.428561
-1.56228
3.13799
0.228561
-1.56228
3.13799
0.428561
-1.09878
3.54688
0.228561
-1.09878
3.54688
0.428561
-1.36189
3.4379
0.228561
-1.36189
3.4379
0.428561
-1.20754
3.00015
0.228561
-1.20754
3.00015
0.428561
-1.15316
3.08153
0.228561
-1.15316
3.08153
0.428561
-1.3854
3.2367
0.228561
-1.3854
3.2367
0.428561
-1.40891
3.20152
0.228561
-1.40891
3.20152
0.428561
-1.07969
3.2589
0.228561
-1.07969
3.2589
0.428561
-1.35363
3.31339
0.228561
-1.35363
3.31339
0.428561
-1.09878
3.16291
0.228561
-1.09878
3.16291
0.428561
-1.36189
3.27189
0.228561
-1.36189
3.27189
0.428561
-1.83564
2.94577
0.228561
-1.83564
2.94577
0.428561
-1.68047
3.17801
0.228561
-1.68047
3.17801
0.428561
-1.9714
3.08153
-0.228561
-1.9714
3.08153
-0.428561
-1.73916
3.2367
-0.228561
-1.73916
3.2367
-0.428561
-1.71565
3.20152
-0.228561
-1.71565
3.20152
-0.428561
-1.91702
3.00015
-0.228561
-1.91702
3.00015
-0.428561
-1.37029
2.8914
-0.228561
-1.37029
2.8914
-0.428561
-1.47927
3.1545
-0.228561
-1.47927
3.1545
-0.428561
-1.44409
3.17801
-0.228561
-1.44409
3.17801
-0.428561
-1.28891
2.94577
-0.228561
-1.28891
2.94577
-0.428561
-1.75426
3.81839
-0.228561
-1.75426
3.81839
-0.428561
-1.64528
3.55528
-0.228561
-1.64528
3.55528
-0.428561
-1.68047
3.53177
-0.228561
-1.68047
3.53177
-0.428561
-1.83564
3.76401
-0.228561
-1.83564
3.76401
-0.428561
-2.04487
3.2589
-0.228561
-2.04487
3.2589
-0.428561
-1.77092
3.31339
-0.228561
-1.77092
3.31339
-0.428561
-1.76267
3.27189
-0.228561
-1.76267
3.27189
-0.428561
-2.02577
3.16291
-0.228561
-2.02577
3.16291
-0.428561
-1.0606
3.35489
-0.228561
-1.0606
3.35489
-0.428561
-1.34538
3.35489
-0.228561
-1.34538
3.35489
-0.428561
-1.35363
3.39639
-0.228561
-1.35363
3.39639
-0.428561
-1.07969
3.45089
-0.228561
-1.07969
3.45089
-0.428561
-1.91702
3.70964
-0.228561
-1.91702
3.70964
-0.428561
-1.71565
3.50826
-0.228561
-1.71565
3.50826
-0.428561
-1.73916
3.47308
-0.228561
-1.73916
3.47308
-0.428561
-1.9714
3.62826
-0.228561
-1.9714
3.62826
-0.428561
-2.04487
3.45089
-0.228561
-2.04487
3.45089
-0.428561
-1.77092
3.39639
-0.228561
-1.77092
3.39639
-0.428561
-1.77918
3.35489
-0.228561
-1.77918
3.35489
-0.428561
-2.06396
3.35489
-0.228561
-2.06396
3.35489
-0.428561
-1.37029
3.81839
-0.228561
-1.37029
3.81839
-0.428561
-1.47927
3.55528
-0.228561
-1.47927
3.55528
-0.428561
-1.52078
3.56354
-0.228561
-1.52078
3.56354
-0.428561
-1.46628
3.83748
-0.228561
-1.46628
3.83748
-0.428561
-1.76267
3.4379
-0.228561
-1.76267
3.4379
-0.428561
-2.02577
3.54688
-0.228561
-2.02577
3.54688
-0.428561
-1.56228
3.57179
-0.228561
-1.56228
3.57179
-0.428561
-1.56228
3.85657
-0.228561
-1.56228
3.85657
-0.428561
-1.28891
3.76401
-0.228561
-1.28891
3.76401
-0.428561
-1.44409
3.53177
-0.228561
-1.44409
3.53177
-0.428561
-1.75426
2.8914
-0.228561
-1.75426
2.8914
-0.428561
-1.64528
3.1545
-0.228561
-1.64528
3.1545
-0.428561
-1.60378
3.14625
-0.228561
-1.60378
3.14625
-0.428561
-1.65827
2.8723
-0.228561
-1.65827
2.8723
-0.428561
-1.65827
3.83748
-0.228561
-1.65827
3.83748
-0.428561
-1.60378
3.56354
-0.228561
-1.60378
3.56354
-0.428561
-1.15316
3.62826
-0.228561
-1.15316
3.62826
-0.428561
-1.3854
3.47308
-0.228561
-1.3854
3.47308
-0.428561
-1.40891
3.50826
-0.228561
-1.40891
3.50826
-0.428561
-1.20754
3.70964
-0.228561
-1.20754
3.70964
-0.428561
-1.56228
2.85321
-0.228561
-1.56228
2.85321
-0.428561
-1.56228
3.13799
-0.228561
-1.56228
3.13799
-0.428561
-1.52078
3.14625
-0.228561
-1.52078
3.14625
-0.428561
-1.46628
2.8723
-0.228561
-1.46628
2.8723
-0.428561
-1.36189
3.4379
-0.228561
-1.36189
3.4379
-0.428561
-1.09878
3.54688
-0.228561
-1.09878
3.54688
-0.428561
-1.20754
3.00015
-0.228561
-1.20754
3.00015
-0.428561
-1.40891
3.20152
-0.228561
-1.40891
3.20152
-0.428561
-1.3854
3.2367
-0.228561
-1.3854
3.2367
-0.428561
-1.15316
3.08153
-0.228561
-1.15316
3.08153
-0.428561
-1.07969
3.2589
-0.228561
-1.07969
3.2589
-0.428561
-1.35363
3.31339
-0.228561
-1.35363
3.31339
-0.428561
-1.09878
3.16291
-0.228561
-1.09878
3.16291
-0.428561
-1.36189
3.27189
-0.228561
-1.36189
3.27189
-0.428561
-1.83564
2.94577
-0.228561
-1.83564
2.94577
-0.428561
-1.68047
3.17801
-0.228561
-1.68047
3.17801
-0.428561
