2.89516
3.08153
0.228561
2.87256
3.06643
0.426705
2.94954
3.00015
0.228561
2.93068
2.98129
0.426775
3.15091
3.20152
0.266863
3.13205
3.18266
0.465077
3.1274
3.2367
0.266863
3.1048
3.2216
0.465007
3.49627
2.8914
0.228561
3.50647
2.86677
0.426776
3.57765
2.94577
0.228561
3.59275
2.92317
0.426705
3.42247
3.17801
0.266863
3.43757
3.15541
0.465007
3.38729
3.1545
0.266863
3.39749
3.12987
0.465078
3.1123
3.81839
0.228561
3.10209
3.84302
0.426776
3.03092
3.76401
0.228561
3.01582
3.78661
0.426705
3.18609
3.53177
0.266863
3.17099
3.55437
0.465007
3.22128
3.55528
0.266863
3.21107
3.57991
0.465078
2.82169
3.2589
0.228561
2.79505
3.2536
0.426708
2.84079
3.16291
0.228561
2.81616
3.1527
0.426776
3.10389
3.27189
0.266863
3.07926
3.26168
0.465078
3.09564
3.31339
0.266863
3.06899
3.30809
0.46501
3.80596
3.35489
0.228561
3.83261
3.35489
0.426777
3.78687
3.45089
0.228561
3.81351
3.45619
0.426708
3.51293
3.39639
0.266863
3.53957
3.40169
0.46501
3.52118
3.35489
0.266863
3.54783
3.35489
0.465079
2.94954
3.70964
0.228561
2.93068
3.72849
0.426775
2.89516
3.62826
0.228561
2.87256
3.64336
0.426705
3.1274
3.47308
0.266863
3.1048
3.48818
0.465007
3.15091
3.50826
0.266863
3.13205
3.52712
0.465077
2.82169
3.45089
0.228561
2.79505
3.45619
0.426708
2.8026
3.35489
0.228561
2.77595
3.35489
0.426777
3.08738
3.35489
0.266863
3.06073
3.35489
0.465079
3.09564
3.39639
0.266863
3.06899
3.40169
0.46501
3.49627
3.81839
0.228561
3.50647
3.84302
0.426776
3.40027
3.83748
0.228561
3.40558
3.86412
0.426708
3.34578
3.56354
0.266863
3.35108
3.59018
0.46501
3.38729
3.55528
0.266863
3.39749
3.57991
0.465078
2.84079
3.54688
0.228561
2.81616
3.55708
0.426776
3.10389
3.4379
0.266863
3.07926
3.4481
0.465078
3.30428
3.85657
0.228561
3.30428
3.88322
0.426777
3.30428
3.57179
0.266863
3.30428
3.59844
0.465079
3.57765
3.76401
0.228561
3.59275
3.78661
0.426705
3.42247
3.53177
0.266863
3.43757
3.55437
0.465007
3.1123
2.8914
0.228561
3.10209
2.86677
0.426776
3.20829
2.8723
0.228561
3.20299
2.84566
0.426708
3.26278
3.14625
0.266863
3.25748
3.11961
0.46501
3.22128
3.1545
0.266863
3.21107
3.12987
0.465078
3.20829
3.83748
0.228561
3.20299
3.86412
0.426708
3.26278
3.56354
0.266863
3.25748
3.59018
0.46501
3.7134
3.62826
0.228561
3.736
3.64336
0.426705
3.65902
3.70964
0.228561
3.67788
3.72849
0.426775
3.45765
3.50826
0.266863
3.47651
3.52712
0.465077
3.48116
3.47308
0.266863
3.50376
3.48818
0.465007
3.30428
2.85321
0.228561
3.30428
2.82656
0.426777
3.40027
2.8723
0.228561
3.40558
2.84566
0.426708
3.34578
3.14625
0.266863
3.35108
3.11961
0.46501
3.30428
3.13799
0.266863
3.30428
3.11134
0.465079
3.76778
3.54688
0.228561
3.79241
3.55708
0.426776
3.50467
3.4379
0.266863
3.5293
3.4481
0.465078
3.65902
3.00015
0.228561
3.67788
2.98129
0.426775
3.7134
3.08153
0.228561
3.736
3.06643
0.426705
3.48116
3.2367
0.266863
3.50376
3.2216
0.465007
3.45765
3.20152
0.266863
3.47651
3.18266
0.465077
3.78687
3.2589
0.228561
3.81351
3.2536
0.426708
3.51293
3.31339
0.266863
3.53957
3.30809
0.46501
3.76778
3.16291
0.228561
3.79241
3.1527
0.426776
3.50467
3.27189
0.266863
3.5293
3.26168
0.465078
3.03092
2.94577
0.228561
3.01582
2.92317
0.426705
3.18609
3.17801
0.266863
3.17099
3.15541
0.465007
2.89516
3.08153
-0.228561
2.87256
3.06643
-0.426705
3.1274
3.2367
-0.266863
3.1048
3.2216
-0.465007
3.15091
3.20152
-0.266863
3.13205
3.18266
-0.465077
2.94954
3.00015
-0.228561
2.93068
2.98129
-0.426775
3.49627
2.8914
-0.228561
3.50647
2.86677
-0.426776
3.38729
3.1545
-0.266863
3.39749
3.12987
-0.465078
3.42247
3.17801
-0.266863
3.43757
3.15541
-0.465007
3.57765
2.94577
-0.228561
3.59275
2.92317
-0.426705
3.1123
3.81839
-0.228561
3.10209
3.84302
-0.426776
3.22128
3.55528
-0.266863
3.21107
3.57991
-0.465078
3.18609
3.53177
-0.266863
3.17099
3.55437
-0.465007
3.03092
3.76401
-0.228561
3.01582
3.78661
-0.426705
2.82169
3.2589
-0.228561
2.79505
3.2536
-0.426708
3.09564
3.31339
-0.266863
3.06899
3.30809
-0.46501
3.10389
3.27189
-0.266863
3.07926
3.26168
-0.465078
2.84079
3.16291
-0.228561
2.81616
3.1527
-0.426776
3.80596
3.35489
-0.228561
3.83261
3.35489
-0.426777
3.52118
3.35489
-0.266863
3.54783
3.35489
-0.465079
3.51293
3.39639
-0.266863
3.53957
3.40169
-0.46501
3.78687
3.45089
-0.228561
3.81351
3.45619
-0.426708
2.94954
3.70964
-0.228561
2.93068
3.72849
-0.426775
3.15091
3.50826
-0.266863
3.13205
3.52712
-0.465077
3.1274
3.47308
-0.266863
3.1048
3.48818
-0.465007
2.89516
3.62826
-0.228561
2.87256
3.64336
-0.426705
2.82169
3.45089
-0.228561
2.79505
3.45619
-0.426708
3.09564
3.39639
-0.266863
3.06899
3.40169
-0.46501
3.08738
3.35489
-0.266863
3.06073
3.35489
-0.465079
2.8026
3.35489
-0.228561
2.77595
3.35489
-0.426777
3.49627
3.81839
-0.228561
3.50647
3.84302
-0.426776
3.38729
3.55528
-0.266863
3.39749
3.57991
-0.465078
3.34578
3.56354
-0.266863
3.35108
3.59018
-0.46501
3.40027
3.83748
-0.228561
3.40558
3.86412
-0.426708
3.10389
3.4379
-0.266863
3.07926
3.4481
-0.465078
2.84079
3.54688
-0.228561
2.81616
3.55708
-0.426776
3.30428
3.57179
-0.266863
3.30428
3.59844
-0.465079
3.30428
3.85657
-0.228561
3.30428
3.88322
-0.426777
3.57765
3.76401
-0.228561
3.59275
3.78661
-0.426705
3.42247
3.53177
-0.266863
3.43757
3.55437
-0.465007
3.1123
2.8914
-0.228561
3.10209
2.86677
-0.426776
3.22128
3.1545
-0.266863
3.21107
3.12987
-0.465078
3.26278
3.14625
-0.266863
3.25748
3.11961
-0.46501
3.20829
2.8723
-0.228561
3.20299
2.84566
-0.426708
3.20829
3.83748
-0.228561
3.20299
3.86412
-0.426708
3.26278
3.56354
-0.266863
3.25748
3.59018
-0.46501
3.7134
3.62826
-0.228561
3.736
3.64336
-0.426705
3.48116
3.47308
-0.266863
3.50376
3.48818
-0.465007
3.45765
3.50826
-0.266863
3.47651
3.52712
-0.465077
3.65902
3.70964
-0.228561
3.67788
3.72849
-0.426775
3.30428
2.85321
-0.228561
3.30428
2.82656
-0.426777
3.30428
3.13799
-0.266863
3.30428
3.11134
-0.465079
3.34578
3.14625
-0.266863
3.35108
3.11961
-0.46501
3.40027
2.8723
-0.228561
3.40558
2.84566
-0.426708
3.50467
3.4379
-0.266863
3.5293
3.4481
-0.465078
3.76778
3.54688
-0.228561
3.79241
3.55708
-0.426776
3.65902
3.00015
-0.228561
3.67788
2.98129
-0.426775
3.45765
3.20152
-0.266863
3.47651
3.18266
-0.465077
3.48116
3.2367
-0.266863
3.50376
3.2216
-0.465007
3.7134
3.08153
-0.228561
3.736
3.06643
-0.426705
3.78687
3.2589
-0.228561
3.81351
3.2536
-0.426708
3.51293
3.31339
-0.266863
3.53957
3.30809
-0.46501
3.76778
3.16291
-0.228561
3.79241
3.1527
-0.426776
3.50467
3.27189
-0.266863
3.5293
3.26168
-0.465078
3.03092
2.94577
-0.228561
3.01582
2.92317
-0.426705
3.18609
3.17801
-0.266863
3.17099
3.15541
-0.465007
