1.7075
4.00216
0.266637
1.528
3.92282
0.305158
1.59877
4.24816
0.266637
1.41251
4.18716
0.306498
1.59877
4.24816
-0
1.40869
4.18596
0
1.7075
4.00216
-0
1.52458
3.9213
0
1.93543
4.65084
-0
1.93484
4.85083
0
1.50945
4.65472
-0
1.35417
4.78076
0
1.50945
4.65472
0.266637
1.36216
4.77463
0.329287
1.93543
4.65084
0.266637
1.93485
4.84685
0.30635
2.09346
3.75617
-0
2.24234
3.62263
0
2.20995
4.00216
-0
2.39071
3.91657
0
2.20995
4.00216
0.266637
2.38729
3.91819
0.30536
2.09346
3.75617
0.266637
2.23918
3.62554
0.307896
2.04106
3.8079
0.311976
2.0603
3.79096
0.510327
2.12603
3.98733
0.311976
2.14422
3.97746
0.510903
1.93543
3.95362
0.322895
1.93358
3.94591
0.522738
1.93543
3.74676
0.311976
1.93292
3.72901
0.51117
2.31343
4.45272
0.311976
2.32859
4.45367
0.511398
2.35491
4.5856
0.311976
2.36641
4.59716
0.511311
1.93543
4.57933
0.311976
1.93514
4.60149
0.510745
1.93543
4.4495
0.32676
1.9346
4.45589
0.526656
1.79088
3.98441
0.311976
1.77006
3.97441
0.510638
1.87055
3.80414
0.311976
1.8478
3.78787
0.51001
1.93543
4.24816
0.334026
1.93402
4.24555
0.534004
1.62972
4.45105
0.311976
1.61327
4.45305
0.511288
1.6743
4.24816
0.311976
1.65098
4.24158
0.510503
2.39053
4.45338
-0
2.58144
4.39378
0
2.4546
4.6586
-0
2.61483
4.7783
0
2.4546
4.6586
0.266637
2.6057
4.77179
0.332661
2.39053
4.45338
0.266637
2.57746
4.39502
0.307285
2.24956
4.24816
0.311976
2.2712
4.24075
0.510664
1.55411
4.45144
0.266637
1.36288
4.40942
0.307457
1.55411
4.45144
-0
1.35877
4.40852
0
1.60087
4.58238
0.311976
1.58881
4.5949
0.511219
2.32645
4.24816
-0
2.51274
4.17538
0
2.32645
4.24816
0.266637
2.50901
4.17681
0.306415
1.81623
3.75617
-0
1.65723
3.63485
0
1.93543
3.65909
-0
1.92217
3.45953
0
1.93543
3.65909
0.266637
1.9222
3.46543
0.314808
1.81623
3.75617
0.266637
1.66034
3.63734
0.306364
1.55516
4.61855
0.305902
1.51995
4.64803
0.500558
1.59192
4.45125
0.305902
1.52362
4.43624
0.493281
1.5217
4.64503
0.289307
1.43097
4.71974
0.451127
1.56424
4.45139
0.289307
1.41679
4.41899
0.420489
2.06726
3.78203
0.305902
2.11882
3.73594
0.493565
2.16799
3.99475
0.305902
2.23429
3.96334
0.491964
2.08644
3.7631
0.289307
2.19823
3.66309
0.421599
2.19871
4.00018
0.289307
2.33798
3.93422
0.416801
1.93543
3.67084
0.289307
1.92486
3.53244
0.433301
1.93543
3.70293
0.305902
1.92995
3.64332
0.496736
1.93543
4.64125
0.289307
1.93498
4.79387
0.418571
1.93543
4.61508
0.305902
1.93522
4.68679
0.492605
1.63653
4.24816
0.305902
1.56863
4.22575
0.492682
1.74919
3.99329
0.305902
1.68177
3.96349
0.491824
1.60889
4.24816
0.289307
1.46412
4.2006
0.418845
1.71867
3.99979
0.289307
1.57745
3.93737
0.416427
2.28801
4.24816
0.305902
2.35468
4.22199
0.492635
2.35198
4.45305
0.305902
2.41899
4.43213
0.493175
2.31615
4.24816
0.289307
2.45817
4.19256
0.418688
2.3802
4.45329
0.289307
2.52455
4.40823
0.420192
1.82351
3.7626
0.289307
1.70208
3.67041
0.418747
1.84339
3.78016
0.305902
1.78596
3.73694
0.492539
2.44125
4.64882
0.289307
2.53134
4.71705
0.454314
2.40476
4.6221
0.305902
2.4392
4.64859
0.501126
1.7075
4.00216
-0.266638
1.528
3.92282
-0.305159
1.59877
4.24816
-0.266638
1.41251
4.18716
-0.306499
1.93543
4.65084
-0.266638
1.93485
4.84685
-0.306352
1.50945
4.65472
-0.266638
1.36216
4.77463
-0.329288
2.09346
3.75617
-0.266638
2.23918
3.62554
-0.307897
2.20995
4.00216
-0.266638
2.38729
3.91819
-0.305361
2.04106
3.8079
-0.311977
2.05967
3.79145
-0.510429
1.93543
3.74676
-0.311977
1.93311
3.72979
-0.511241
1.93543
3.95362
-0.32082
1.93399
3.9479
-0.520733
2.12603
3.98733
-0.311977
2.14242
3.97874
-0.51112
2.31343
4.45272
-0.311977
2.32692
4.45235
-0.511521
1.93543
4.4495
-0.32082
1.93489
4.45387
-0.520772
1.93543
4.57933
-0.311977
1.93523
4.59934
-0.510973
2.35491
4.5856
-0.311977
2.36593
4.59572
-0.511417
1.87055
3.80414
-0.311977
1.84868
3.7884
-0.510153
1.79088
3.98441
-0.311977
1.77239
3.97577
-0.510933
1.93543
4.24816
-0.327572
1.93443
4.2469
-0.527566
1.6743
4.24816
-0.311977
1.65315
4.24225
-0.510768
1.62972
4.45105
-0.311977
1.61534
4.45168
-0.511458
2.39053
4.45338
-0.266638
2.57746
4.39502
-0.307286
2.4546
4.6586
-0.266638
2.6057
4.77179
-0.332662
2.24956
4.24816
-0.311977
2.26943
4.24142
-0.510873
1.55411
4.45144
-0.266638
1.36288
4.40942
-0.307458
1.60087
4.58238
-0.311977
1.58941
4.59344
-0.511342
2.32645
4.24816
-0.266638
2.50901
4.17681
-0.306416
1.81623
3.75617
-0.266638
1.66034
3.63734
-0.306365
1.93543
3.65909
-0.266638
1.9222
3.46543
-0.314809
1.59192
4.45125
-0.305903
1.52362
4.43624
-0.493282
1.55516
4.61855
-0.305903
1.51995
4.64803
-0.500559
1.56424
4.45139
-0.289307
1.41679
4.41899
-0.420489
1.5217
4.64503
-0.289307
1.43097
4.71974
-0.451127
2.16799
3.99475
-0.305903
2.23429
3.96334
-0.491965
2.06726
3.78203
-0.305903
2.11882
3.73594
-0.493566
2.19871
4.00018
-0.289307
2.33798
3.93422
-0.416801
2.08644
3.7631
-0.289307
2.19823
3.66309
-0.421599
1.93543
3.67084
-0.289307
1.92486
3.53244
-0.433301
1.93543
3.70293
-0.305903
1.92995
3.64332
-0.496737
1.93543
4.64125
-0.289307
1.93498
4.79387
-0.418571
1.93543
4.61508
-0.305903
1.93522
4.68679
-0.492606
1.74919
3.99329
-0.305903
1.68177
3.96349
-0.491825
1.63653
4.24816
-0.305903
1.56863
4.22575
-0.492683
1.71867
3.99979
-0.289307
1.57745
3.93737
-0.416427
1.60889
4.24816
-0.289307
1.46412
4.2006
-0.418845
2.35198
4.45305
-0.305903
2.41899
4.43213
-0.493176
2.28801
4.24816
-0.305903
2.35468
4.22199
-0.492636
2.3802
4.45329
-0.289307
2.52455
4.40823
-0.420192
2.31615
4.24816
-0.289307
2.45817
4.19256
-0.418688
1.82351
3.7626
-0.289307
1.70208
3.67041
-0.418747
1.84339
3.78016
-0.305903
1.78596
3.73694
-0.49254
2.44125
4.64882
-0.289307
2.53134
4.71705
-0.454314
2.40476
4.6221
-0.305903
2.4392
4.64859
-0.501127
