3.35299
3.34007
0.23136
3.39818
3.26252
0.0526312
2.61068
4.48658
0.23136
2.56549
4.56413
0.0526312
2.62644
4.49576
0.233067
2.60924
4.59106
0.0580735
3.36876
3.34925
0.233068
3.44212
3.28957
0.0568434
2.64159
4.50459
0.238125
2.65139
4.61702
0.0730076
3.38391
3.35808
0.238125
3.48485
3.31588
0.0707058
2.65556
4.51273
0.246338
2.69056
4.64116
0.0970683
3.39788
3.36622
0.246338
3.52491
3.34054
0.0940144
2.6678
4.51986
0.25739
2.72533
4.66259
0.129638
3.41012
3.37335
0.25739
3.56076
3.36263
0.126272
2.67785
4.52572
0.270858
2.75428
4.68045
0.169784
3.42017
3.37921
0.270858
3.59084
3.38117
0.166612
2.68532
4.53007
0.286223
2.77611
4.69392
0.216168
3.42763
3.38356
0.286223
3.61366
3.39523
0.213701
2.68991
4.53274
0.302896
2.78971
4.70231
0.267022
3.43223
3.38624
0.302896
3.62793
3.40403
0.265673
2.69146
4.53365
0.320234
2.79433
4.70517
0.320234
3.43378
3.38714
0.320234
3.63279
3.40703
0.320234
2.68991
4.53274
0.337573
2.78971
4.70231
0.373447
3.43223
3.38624
0.337573
3.62793
3.40403
0.374796
2.68532
4.53007
0.354245
2.77611
4.69392
0.4243
3.42763
3.38356
0.354245
3.61366
3.39523
0.426767
2.67785
4.52572
0.36961
2.75428
4.68045
0.470684
3.42017
3.37921
0.36961
3.59084
3.38117
0.473856
2.6678
4.51986
0.383078
2.72533
4.66259
0.51083
3.41012
3.37335
0.383078
3.56076
3.36263
0.514196
2.65556
4.51273
0.39413
2.69056
4.64116
0.5434
3.39788
3.36622
0.39413
3.52491
3.34054
0.546454
2.64159
4.50459
0.402343
2.65139
4.61702
0.56746
3.38391
3.35808
0.402343
3.48485
3.31588
0.569762
2.62644
4.49576
0.407401
2.60924
4.59106
0.582394
3.36876
3.34925
0.407401
3.44212
3.28957
0.583626
2.61068
4.48658
0.409108
2.56549
4.56413
0.587837
3.35299
3.34007
0.409108
3.39818
3.26252
0.587837
2.59491
4.47739
0.407401
2.52155
4.53708
0.583626
3.33723
3.33089
0.407401
3.35443
3.23559
0.582394
2.57976
4.46856
0.402343
2.47881
4.51077
0.569758
3.32208
3.32206
0.402343
3.31227
3.20963
0.56746
2.56579
4.46042
0.39413
2.43876
4.4861
0.546454
3.30811
3.31392
0.39413
3.27311
3.18549
0.5434
2.55355
4.45329
0.383078
2.40291
4.46402
0.514201
3.29587
3.30679
0.383078
3.23835
3.16406
0.510831
2.5435
4.44744
0.36961
2.37283
4.44549
0.473856
3.28582
3.30093
0.36961
3.20939
3.1462
0.470687
2.53604
4.44309
0.354245
2.35001
4.43142
0.426767
3.27836
3.29658
0.354245
3.18756
3.13273
0.424303
2.53144
4.44041
0.337572
2.33574
4.42262
0.374786
3.27376
3.2939
0.337572
3.17396
3.12433
0.373437
2.52989
4.43951
0.320234
2.33088
4.41962
0.320225
3.2722
3.293
0.320234
3.16934
3.12148
0.320225
2.53144
4.44041
0.302895
2.33574
4.42262
0.265672
3.27376
3.2939
0.302895
3.17396
3.12433
0.267021
2.53604
4.44309
0.286223
2.35002
4.43142
0.213693
3.27836
3.29658
0.286223
3.18756
3.13273
0.216157
2.5435
4.44744
0.270858
2.37283
4.44549
0.166605
3.28582
3.30093
0.270858
3.20939
3.14621
0.169774
2.55355
4.45329
0.25739
2.40292
4.46402
0.126262
3.29587
3.30679
0.25739
3.23835
3.16406
0.129632
2.56579
4.46042
0.246338
2.43877
4.4861
0.0940062
3.30811
3.31392
0.246338
3.27312
3.18549
0.0970632
2.57976
4.46856
0.238125
2.47882
4.51077
0.0707058
3.32208
3.32206
0.238125
3.31228
3.20963
0.0730076
2.59491
4.47739
0.233067
2.52155
4.53708
0.0568424
3.33723
3.33089
0.233067
3.35443
3.23559
0.0580735
