-0.368441
5.95263
1.04977
-0.36822
6.15263
1.04918
-0.396445
5.95263
1.4396
-0.411854
6.12785
1.53479
-0.380713
5.94533
1.44215
-0.264145
6.06846
1.54823
-0.352709
5.94533
1.05231
-0.20537
6.08032
1.06064
-0.374197
5.92772
1.44321
-0.206971
5.92772
1.55291
-0.346193
5.92772
1.05337
-0.146467
5.92772
1.06383
-0.380713
5.9101
1.44215
-0.264145
5.78698
1.54823
-0.352709
5.9101
1.05231
-0.20537
5.77512
1.06064
-0.396445
5.90281
1.4396
-0.411854
5.72758
1.53479
-0.368441
5.90281
1.04977
-0.368215
5.70281
1.04918
-0.412177
5.9101
1.43706
-0.552183
5.7935
1.51954
-0.384172
5.9101
1.04722
-0.530866
5.77471
1.03504
-0.418693
5.92772
1.436
-0.603063
5.92772
1.51351
-0.390689
5.92772
1.04617
-0.589969
5.92772
1.02921
-0.412177
5.94533
1.43706
-0.552183
6.06193
1.51954
-0.384172
5.94533
1.04722
-0.530868
6.08073
1.03504
-0.345474
5.92772
1.02291
-0.148295
5.92772
1.05639
-0.351294
5.94533
1.01843
-0.207016
6.08149
1.04386
-0.365344
5.90281
1.00762
-0.364749
5.70281
1.00666
-0.379393
5.9101
0.996817
-0.521475
5.77306
0.964682
-0.36233
5.9101
0.950689
-0.487202
5.7683
0.885128
-0.35138
5.90281
0.967646
-0.350897
5.70281
0.967201
-0.365344
5.95263
1.00762
-0.36476
6.15263
1.00666
-0.379393
5.94533
0.996817
-0.52148
6.08237
0.964683
-0.351294
5.9101
1.01843
-0.207016
5.77395
1.04386
-0.385213
5.92772
0.99234
-0.580074
5.92772
0.947292
-0.366865
5.92772
0.943666
-0.543565
5.92772
0.84998
-0.36233
5.94533
0.950689
-0.487202
6.08714
0.885128
-0.333804
5.94533
0.910626
-0.436776
6.09136
0.820778
-0.337433
5.92772
0.902525
-0.487676
5.92772
0.770513
-0.340431
5.9101
0.984603
-0.213278
5.76879
1.04675
-0.335895
5.92772
0.991627
-0.156048
5.92772
1.07912
-0.340431
5.94533
0.984603
-0.213278
6.08665
1.04675
-0.35138
5.95263
0.967646
-0.350903
6.15263
0.967201
-0.333804
5.9101
0.910626
-0.436776
5.76408
0.820778
-0.309068
5.92772
0.876447
-0.417831
5.92772
0.708606
-0.307281
5.9101
0.885808
-0.378952
5.75887
0.7763
-0.325043
5.90281
0.930185
-0.324326
5.70281
0.929891
-0.316281
5.9101
0.949744
-0.2091
5.76509
1.03624
-0.312652
5.92772
0.957846
-0.156444
5.92772
1.08274
-0.316281
5.94533
0.949744
-0.2091
6.09035
1.03624
-0.325043
5.95263
0.930185
-0.324326
6.15263
0.929891
-0.302969
5.95263
0.908405
-0.302376
6.15263
0.908183
-0.298656
5.94533
0.931003
-0.22309
6.0963
1.03824
-0.260848
5.94533
0.915109
-0.130756
6.07314
0.997219
-0.265161
5.95263
0.892512
-0.173752
6.12966
0.875064
-0.302969
5.90281
0.908405
-0.302376
5.70281
0.908183
-0.298656
5.9101
0.931003
-0.223092
5.75913
1.03823
-0.296869
5.92772
0.940363
-0.181429
5.92772
1.10368
-0.307281
5.94533
0.885808
-0.378956
6.09657
0.776302
-0.259061
5.92772
0.92447
-0.107793
5.92772
1.05531
-0.260848
5.9101
0.915109
-0.13076
5.78229
0.997217
-0.265161
5.90281
0.892512
-0.173755
5.72578
0.875065
-0.269473
5.9101
0.869914
-0.217044
5.76713
0.740267
-0.27126
5.92772
0.860554
-0.238967
5.92772
0.663178
-0.269473
5.94533
0.869914
-0.217044
6.08831
0.740267
-0.368441
5.95263
-1.01042
-0.368662
5.75263
-1.01102
-0.396445
5.95263
-1.40026
-0.381036
5.77741
-1.30508
-0.380713
5.94533
-1.40281
-0.497281
5.82221
-1.29673
-0.352709
5.94533
-1.01297
-0.500048
5.81035
-1.00465
-0.374197
5.92772
-1.40386
-0.541423
5.92772
-1.29416
-0.346193
5.92772
-1.01403
-0.545919
5.92772
-1.00356
-0.380713
5.9101
-1.40281
-0.497281
6.03323
-1.29673
-0.352709
5.9101
-1.01297
-0.500048
6.04509
-1.00465
-0.396445
5.90281
-1.40026
-0.381036
6.07803
-1.30508
-0.368441
5.90281
-1.01042
-0.368667
6.10281
-1.01102
-0.412177
5.9101
-1.39771
-0.272171
6.0267
-1.31523
-0.384172
5.9101
-1.00788
-0.237478
6.0455
-1.02006
-0.418693
5.92772
-1.39666
-0.234323
5.92772
-1.31915
-0.390689
5.92772
-1.00682
-0.191409
5.92772
-1.02378
-0.412177
5.94533
-1.39771
-0.272171
5.82873
-1.31523
-0.384172
5.94533
-1.00788
-0.237476
5.80994
-1.02006
-0.345474
5.92772
-0.983567
-0.542653
5.92772
-0.950091
-0.351294
5.94533
-0.97909
-0.495575
5.80918
-0.953667
-0.365344
5.90281
-0.968282
-0.365939
6.10281
-0.969251
-0.379393
5.9101
-0.957473
-0.237311
6.04714
-0.989608
-0.36233
5.9101
-0.911346
-0.237461
6.05191
-0.976908
-0.35138
5.90281
-0.928303
-0.351863
6.10281
-0.928748
-0.365344
5.95263
-0.968282
-0.365928
5.75263
-0.969251
-0.379393
5.94533
-0.957473
-0.237306
5.8083
-0.989607
-0.351294
5.9101
-0.97909
-0.495575
6.04625
-0.953667
-0.385213
5.92772
-0.952996
-0.190352
5.92772
-0.998044
-0.366865
5.92772
-0.904322
-0.190166
5.92772
-0.99801
-0.36233
5.94533
-0.911346
-0.237458
5.80353
-0.976907
-0.333804
5.94533
-0.871283
-0.230832
5.79931
-0.961131
-0.337433
5.92772
-0.863181
-0.187192
5.92772
-0.995195
-0.340431
5.9101
-0.94526
-0.467586
6.05142
-0.883112
-0.335895
5.92772
-0.952284
-0.515742
5.92772
-0.86479
-0.340431
5.94533
-0.94526
-0.467586
5.80402
-0.883112
-0.35138
5.95263
-0.928303
-0.351857
5.75263
-0.928748
-0.333804
5.9101
-0.871283
-0.230836
6.05613
-0.961132
-0.309068
5.92772
-0.837103
-0.200305
5.92772
-1.00494
-0.307281
5.9101
-0.846464
-0.235612
6.06134
-0.955969
-0.325043
5.90281
-0.890842
-0.32576
6.10281
-0.891136
-0.316281
5.9101
-0.910401
-0.423462
6.05512
-0.823904
-0.312652
5.92772
-0.918502
-0.46886
5.92772
-0.793606
-0.316281
5.94533
-0.910401
-0.423462
5.80031
-0.823904
-0.325043
5.95263
-0.890842
-0.32576
5.75263
-0.891136
-0.302969
5.95263
-0.869062
-0.303562
5.75263
-0.869284
-0.298656
5.94533
-0.891659
-0.374222
5.79437
-0.784427
-0.260848
5.94533
-0.875766
-0.39094
5.81753
-0.793656
-0.265161
5.95263
-0.853168
-0.35657
5.7756
-0.870616
-0.302969
5.90281
-0.869062
-0.303562
6.10281
-0.869284
-0.298656
5.9101
-0.891659
-0.37422
6.06107
-0.784429
-0.296869
5.92772
-0.901019
-0.412309
5.92772
-0.737698
-0.307281
5.94533
-0.846464
-0.235606
5.7941
-0.95597
-0.259061
5.92772
-0.885126
-0.410329
5.92772
-0.75429
-0.260848
5.9101
-0.875766
-0.390936
6.03791
-0.793658
-0.265161
5.90281
-0.853168
-0.356563
6.07984
-0.870615
-0.269473
5.9101
-0.83057
-0.3219
6.05309
-0.960212
-0.27126
5.92772
-0.82121
-0.303553
5.92772
-1.01859
-0.269473
5.94533
-0.83057
-0.321902
5.80236
-0.960217
