1.53508
3.82374
-0.106144
1.50602
3.73651
-0.283759
1.60219
4.02514
-0.106144
1.60339
4.02687
-0.306133
1.65254
4.00836
-0.091923
1.7578
3.99145
-0.261139
1.58543
3.80696
-0.091923
1.64062
3.69166
-0.245745
1.6894
3.99608
-0.053072
1.86755
3.99552
-0.143969
1.62229
3.79468
-0.053072
1.73916
3.65882
-0.141878
1.70289
3.99158
0
1.90209
4.00944
0
1.63578
3.79018
0
1.77522
3.64681
0
1.6894
3.99608
0.053072
1.86755
3.99552
0.143969
1.62229
3.79468
0.053072
1.73916
3.65882
0.141878
1.65254
4.00836
0.091923
1.7578
3.99145
0.261139
1.58543
3.80696
0.091923
1.64062
3.69166
0.245745
1.60219
4.02514
0.106144
1.60339
4.02687
0.306133
1.53508
3.82374
0.106144
1.50602
3.73651
0.283759
1.55184
4.04191
0.091923
1.45658
4.079
0.263824
1.48473
3.84051
0.091923
1.37142
3.78136
0.245745
1.51498
4.0542
0.053072
1.35346
4.11976
0.151114
1.44787
3.8528
0.053072
1.27288
3.8142
0.14188
1.50149
4.05869
0
1.31652
4.13477
0
1.43438
3.85729
0
1.23681
3.82622
0
1.51498
4.0542
-0.053072
1.35346
4.11976
-0.151114
1.44787
3.8528
-0.053072
1.27288
3.8142
-0.14188
1.68021
4.02161
0.053072
1.84607
3.9733
0.153855
1.65716
4.05289
0.091923
1.74786
4.01049
0.265058
1.55184
4.04191
-0.091923
1.45658
4.079
-0.263824
1.48473
3.84051
-0.091923
1.37142
3.78136
-0.245745
1.62567
4.09561
0.106144
1.62707
4.09746
0.306131
1.70825
4.09213
0.091923
1.84086
4.0599
0.238121
1.68684
4.14069
0.106144
1.77131
4.17797
0.283558
1.68865
4.01016
-0
1.88503
3.9723
0
1.59418
4.13833
-0.091923
1.51647
4.2012
-0.265155
1.62567
4.09561
-0.106144
1.62707
4.09746
-0.306131
1.65716
4.05289
-0.091923
1.74786
4.01049
-0.265058
1.68021
4.02161
-0.053072
1.84607
3.9733
-0.153855
1.57113
4.1696
-0.053072
1.43882
4.28137
-0.153087
1.5627
4.18105
0
1.41088
4.31125
0
1.57113
4.1696
0.053072
1.43882
4.28137
0.153087
1.59418
4.13833
0.091923
1.51648
4.20119
0.265155
1.70825
4.09213
-0.091923
1.84086
4.0599
-0.238121
1.68684
4.14069
-0.106144
1.77131
4.17797
-0.283558
1.66544
4.18926
-0.091923
1.69915
4.30404
-0.252198
1.64978
4.22481
-0.053072
1.64484
4.40068
-0.14818
1.64404
4.23782
0
1.62468
4.43688
0
1.64978
4.22481
0.053072
1.64484
4.40068
0.14818
1.66544
4.18926
0.091923
1.69915
4.30404
0.252198
1.72391
4.05657
0.053072
1.88984
3.97957
0.133931
1.72965
4.04356
-0
1.90729
3.95168
0
1.72391
4.05657
-0.053072
1.88984
3.97957
-0.133931
