3.92566
4.52735
-0.16921
3.81814
4.58499
-0.327695
4.27096
4.58244
-0.175914
4.29139
4.70053
-0.336032
4.27096
4.50157
-0.203128
4.3032
4.50469
-0.400487
3.97502
4.46498
-0.202038
3.89823
4.40834
-0.377808
4.07268
4.35837
-0.110994
4.01955
4.17333
-0.165185
4.27096
4.36151
-0.101564
4.3027
4.18168
-0.183145
4.27096
4.33984
0
4.29763
4.14162
0.000241812
4.09482
4.3427
-0.011518
4.0382
4.15096
-0.00609536
4.27096
4.36151
0.101564
4.29874
4.18055
0.182087
4.08931
4.36031
0.091044
4.03192
4.17881
0.152422
4.27096
4.42071
0.175914
4.30399
4.30197
0.33343
4.05763
4.40648
0.169211
3.99946
4.26054
0.292978
4.27096
4.50157
0.203129
4.30372
4.49774
0.40039
4.00827
4.46885
0.202038
3.9377
4.40445
0.37774
4.27096
4.58244
0.175915
4.29408
4.69675
0.338393
3.95446
4.5307
0.180729
3.85809
4.57783
0.349525
4.27096
4.64164
0.101564
4.28397
4.82261
0.185726
3.91061
4.57546
0.110994
3.79032
4.70107
0.209753
4.27096
4.66331
0
4.27964
4.86312
0.000408344
3.88847
4.59113
0.011519
3.75721
4.74176
0.0205029
4.27096
4.64164
-0.101564
4.28212
4.82342
-0.184227
3.89398
4.57352
-0.091043
3.76633
4.70391
-0.172925
4.27096
4.42071
-0.175914
4.30742
4.30677
-0.336193
4.02883
4.40313
-0.180729
3.97272
4.25638
-0.304476
4.31569
4.50157
-0.187545
4.4334
4.50157
-0.349234
4.31569
4.42691
-0.162419
4.429
4.33168
-0.296929
4.34843
4.50157
-0.14497
4.50697
4.50157
-0.266898
4.34843
4.44386
-0.125548
4.50296
4.37001
-0.228835
4.31569
4.37225
-0.093772
4.42144
4.21856
-0.165858
4.34843
4.40161
-0.072485
4.49564
4.27887
-0.129639
4.31569
4.35224
0
4.41817
4.1805
0
4.34843
4.38615
0
4.49229
4.2472
0
4.31569
4.37225
0.093773
4.42144
4.21856
0.165859
4.34843
4.40161
0.072485
4.49564
4.27887
0.129639
4.31569
4.42691
0.162419
4.429
4.33168
0.296929
4.34843
4.44386
0.125548
4.50296
4.37001
0.228835
4.31569
4.50157
0.187545
4.4334
4.50157
0.349234
4.34843
4.50157
0.14497
4.50697
4.50157
0.266898
4.31569
4.57624
0.162419
4.429
4.67147
0.296929
4.34843
4.55929
0.125548
4.50296
4.63313
0.228835
4.31569
4.6309
0.093773
4.42144
4.78458
0.165859
4.34843
4.60154
0.072485
4.49564
4.72427
0.129639
4.31569
4.6509
0
4.41817
4.82265
0
4.34843
4.617
0
4.49229
4.75595
0
4.31569
4.6309
-0.093772
4.42144
4.78458
-0.165858
4.34843
4.60154
-0.072485
4.49564
4.72427
-0.129639
4.31569
4.57624
-0.162419
4.429
4.67147
-0.296929
4.34843
4.55929
-0.125548
4.50296
4.63313
-0.228835
