4.55606
3.8884
-0
4.75578
3.89899
-7.28168e-11
4.4622
4.15771
-0
4.63481
4.25872
0
4.4622
4.13328
0.218463
4.61733
4.23328
0.295502
4.55606
3.86397
0.278666
4.70938
3.89742
0.402645
2.75302
4.62549
0.273522
2.72988
4.70339
0.45627
2.75302
4.69731
0.215937
2.70743
4.86553
0.314046
2.55463
4.62146
0.217381
2.44902
4.77666
0.286361
2.4513
4.48402
0.28047
2.32006
4.58374
0.393756
4.30474
4.07262
-0
4.136
3.96525
0
4.489
3.57605
-0
4.5052
3.37671
7.55547e-11
4.489
3.6108
0.306051
4.52158
3.51898
0.480715
4.30474
4.00133
0.297118
4.19254
3.93935
0.450638
2.75302
4.72174
-0
2.7011
4.91488
-3.76693e-10
2.55463
4.64589
-0
2.43137
4.80339
0
3.75901
4.74891
-0
3.83207
4.93508
0
3.50299
4.81402
-0
3.52337
5.01298
3.78983e-10
3.50299
4.7896
0.217967
3.52269
4.95444
0.329493
3.75901
4.72447
0.211695
3.8222
4.8746
0.32776
3.21724
4.64853
-0
3.22824
4.44883
0
3.50302
4.62613
-0
3.4622
4.43034
7.70115e-10
3.50302
4.55484
0.307226
3.47559
4.41969
0.452074
3.21724
4.57724
0.305918
3.22347
4.43918
0.450492
2.63597
4.41522
0.305421
2.71573
4.30376
0.451077
2.34692
4.15648
0.307226
2.28204
4.1054
0.489382
3.78421
4.45776
0.305557
3.72679
4.33922
0.456054
3.77441
4.58125
0.269732
3.80939
4.64726
0.455259
3.50943
4.68626
0.276094
3.52256
4.7597
0.461656
2.4513
4.48402
-0
2.27668
4.58153
0
2.34692
4.15648
-0
2.42583
3.97271
0
3.25302
4.6896
0.273522
3.24594
4.77021
0.456422
3.00302
4.65755
0.273522
2.98963
4.74043
0.455048
2.94116
4.52513
0.30294
2.98086
4.39079
0.445682
2.63597
4.48651
-0
2.74423
4.31834
-7.74666e-10
2.94116
4.59642
-0
2.99381
4.40347
0
3.25302
4.80257
-0
3.2324
5.00151
-3.75464e-10
3.25302
4.77814
0.215937
3.23628
4.94727
0.321373
3.00302
4.76216
-0
2.9711
4.95959
0
3.00302
4.73773
0.215937
2.97942
4.89237
0.340553
4.23862
4.38827
0.212191
4.35335
4.50544
0.326669
4.30737
4.13632
0.273522
4.35567
4.18426
0.461588
3.99556
4.59598
0.213004
4.08849
4.728
0.331044
4.02319
4.40223
0.268333
4.06982
4.4606
0.453855
4.0783
4.24757
0.305196
3.99332
4.1532
0.459699
4.23862
4.4127
-0
4.37909
4.55506
0
3.99556
4.62041
-0
4.10888
4.78521
-3.76247e-10
3.78421
4.52905
-0
3.69235
4.3514
0
4.0783
4.31886
-0
3.94565
4.16918
-7.60602e-10
4.55606
3.86397
-0.278666
4.70938
3.89742
-0.402645
4.4622
4.13328
-0.218464
4.61733
4.23328
-0.295503
2.75302
4.62549
-0.273523
2.72988
4.70339
-0.456271
2.4513
4.48402
-0.280471
2.32006
4.58374
-0.393757
2.55463
4.62146
-0.217382
2.44902
4.77666
-0.286362
2.75302
4.69731
-0.215937
2.70743
4.86553
-0.314046
4.30474
4.00133
-0.297118
4.19254
3.93935
-0.450638
4.489
3.6108
-0.306051
4.52158
3.51898
-0.480715
3.75901
4.72447
-0.211696
3.8222
4.8746
-0.327761
3.50299
4.7896
-0.217968
3.52269
4.95444
-0.329494
3.21724
4.57724
-0.305918
3.22347
4.43918
-0.450492
3.50302
4.55484
-0.307227
3.47559
4.41969
-0.452075
2.63597
4.41522
-0.305422
2.71573
4.30376
-0.451078
2.34692
4.15648
-0.307227
2.28204
4.1054
-0.489383
3.78421
4.45776
-0.305557
3.72679
4.33922
-0.456054
3.50943
4.68626
-0.276095
3.52256
4.7597
-0.461657
3.77441
4.58125
-0.269732
3.80939
4.64726
-0.455259
3.25302
4.6896
-0.273523
3.24594
4.77021
-0.456423
2.94116
4.52513
-0.30294
2.98086
4.39079
-0.445682
3.00302
4.65755
-0.273523
2.98963
4.74043
-0.455049
3.25302
4.77814
-0.215937
3.23628
4.94727
-0.321373
3.00302
4.73773
-0.215937
2.97942
4.89237
-0.340553
4.30737
4.13632
-0.273522
4.35567
4.18426
-0.461588
4.23862
4.38827
-0.212192
4.35335
4.50544
-0.32667
4.02319
4.40223
-0.268333
4.06982
4.4606
-0.453855
3.99556
4.59598
-0.213004
4.08849
4.728
-0.331044
4.0783
4.24757
-0.305196
3.99332
4.1532
-0.459699
