-0.969573
4.24194
0.228561
-0.947897
4.27438
0.424718
-1.14602
4.35983
0.228561
-1.12651
4.40693
0.421955
-1.20183
4.22508
0.228561
-1.27218
4.05532
0.307499
-1.04905
4.12299
0.228561
-1.13046
4.00117
0.364686
-0.515936
3.56302
0.228561
-0.477671
3.57064
0.424719
-0.557336
3.77115
0.228561
-0.51024
3.79066
0.421955
-0.692086
3.71534
0.228561
-0.858917
3.64625
0.314551
-0.656238
3.53511
0.228561
-0.796133
3.50728
0.368756
-0.502239
3.79397
0
-0.317464
3.87051
0
-0.502239
3.79397
0.170071
-0.32115
3.86898
0.209825
-0.45857
3.57443
0.170071
-0.266182
3.6127
0.209091
-0.45857
3.57443
0
-0.262413
3.61345
0
-0.557336
2.93863
0.228561
-0.51024
2.91912
0.421955
-0.515936
3.14676
0.228561
-0.477671
3.13915
0.424719
-0.656238
3.17467
0.228561
-0.793734
3.20203
0.371203
-0.692086
2.99445
0.228561
-0.854401
3.06166
0.324143
-0.675232
2.76219
0.228561
-0.642789
2.74051
0.424718
-0.794174
2.84166
0.228561
-0.908836
2.91827
0.373417
-1.35415
2.30855
0.228561
-1.34653
2.27029
0.424719
-1.14602
2.34995
0.228561
-1.12651
2.30285
0.421955
-1.20183
2.4847
0.228561
-1.26768
2.6436
0.330615
-1.38206
2.44885
0.228561
-1.40843
2.58141
0.375978
-1.1232
2.29485
0
-1.04666
2.11008
0
-1.1232
2.29485
0.170071
-1.04819
2.11376
0.209825
-1.34274
2.25118
0.170071
-1.30447
2.0588
0.209091
-1.34274
2.25118
0
-1.30372
2.05503
0
-1.97854
2.34995
0.228561
-1.99805
2.30285
0.421955
-1.77041
2.30855
0.228561
-1.77802
2.27028
0.424719
-1.7425
2.44885
0.228561
-1.71613
2.58141
0.375978
-1.92272
2.4847
0.228561
-1.85688
2.6436
0.330615
-2.15498
2.46785
0.228561
-2.17666
2.4354
0.424718
-2.07551
2.58679
0.228561
-1.99988
2.69997
0.375087
-2.44932
2.76219
0.228561
-2.48177
2.74051
0.424718
-2.33143
2.58574
0.228561
-2.36747
2.5497
0.421955
-2.22829
2.68888
0.228561
-2.10559
2.81153
0.328054
-2.33038
2.84166
0.228561
-2.21572
2.91827
0.373417
-2.62232
2.91581
0
-2.80709
2.83927
0
-2.62232
2.91581
0.170071
-2.8034
2.8408
0.209825
-2.66599
3.13535
0.170071
-2.85837
3.09709
0.209091
-2.66599
3.13535
0
-2.86214
3.09633
0
-2.70966
3.35489
0
-2.90966
3.35489
0
-2.70966
3.35489
0.170071
-2.90566
3.35489
0.209825
-2.66599
3.57443
0.170071
-2.85837
3.6127
0.209091
-2.66599
3.57443
0
-2.86214
3.61345
0
-2.15498
4.24194
0.228561
-2.17666
4.27438
0.424718
-2.33143
4.12404
0.228561
-2.36747
4.16009
0.421955
-2.22829
4.02091
0.228561
-2.09921
3.89188
0.310347
-2.07551
4.123
0.228561
-1.9941
4.00117
0.364686
-2.3736
4.16621
0
-2.51502
4.30763
0
-2.3736
4.16621
0.170071
-2.5122
4.30481
0.209824
-2.18748
4.29057
0.170071
-2.29646
4.45367
0.209089
-2.18748
4.29057
0
-2.29859
4.45686
0
-1.56228
2.26715
0.228561
-1.56228
2.21618
0.421956
-1.56228
2.413
0.228561
-1.56228
2.58448
0.331504
-1.35415
4.40123
0.228561
-1.34653
4.4395
0.424719
-1.56228
4.44263
0.228561
-1.56228
4.49361
0.421956
-1.56228
4.29678
0.228561
-1.56228
4.11259
0.306491
-1.38206
4.26093
0.228561
-1.41082
4.11635
0.36372
-2.00136
4.41493
0.170071
-2.07637
4.59602
0.209825
-2.00136
4.41493
0
-2.0779
4.59971
0
-1.97854
4.35983
0.228561
-1.99805
4.40693
0.421955
-1.92272
4.22508
0.228561
-1.85238
4.05532
0.307499
-0.937077
4.29057
0
-0.825962
4.45686
0
-0.937077
4.29057
0.170071
-0.828097
4.45367
0.209089
-0.75096
4.16621
0.170071
-0.61236
4.30481
0.209824
-0.75096
4.16621
0
-0.609539
4.30763
0
-2.49796
2.72969
0
-2.66425
2.61858
0
-2.49796
2.72969
0.170071
-2.66105
2.62071
0.209089
-1.77041
4.40123
0.228561
-1.77802
4.4395
0.424719
-1.7425
4.26093
0.228561
-1.71373
4.11635
0.36372
-0.474537
3.35489
0.228561
-0.423563
3.35489
0.421956
-0.620389
3.35489
0.228561
-0.798564
3.35489
0.319411
-2.56722
3.77115
0.228561
-2.61432
3.79066
0.421955
-2.60862
3.56302
0.228561
-2.64688
3.57064
0.424719
-2.46832
3.53512
0.228561
-2.32842
3.50728
0.368756
-2.43247
3.71534
0.228561
-2.26564
3.64625
0.314551
-2.44932
3.9476
0.228561
-2.48177
3.96927
0.424718
-2.33038
3.86812
0.228561
-2.20993
3.78764
0.366457
-0.937077
2.41921
0
-0.825962
2.25292
0
-0.937077
2.41921
0.170071
-0.828097
2.25612
0.209089
-2.62232
3.79397
0
-2.80709
3.87051
0
-2.62232
3.79397
0.170071
-2.8034
3.86898
0.209825
-2.49796
3.98009
0.170071
-2.66105
4.08907
0.209089
-2.49796
3.98009
0
-2.66425
4.09121
0
-1.1232
4.41493
0
-1.04666
4.59971
0
-1.1232
4.41493
0.170071
-1.04819
4.59602
0.209825
-2.00136
2.29485
0
-2.0779
2.11008
0
-2.00136
2.29485
0.170071
-2.07637
2.11376
0.209825
-2.18748
2.41921
0.170071
-2.29646
2.25612
0.209089
-2.18748
2.41921
0
-2.29859
2.25292
0
-2.65002
3.35489
0.228561
-2.70099
3.35489
0.421956
-2.50417
3.35489
0.228561
-2.32599
3.35489
0.319411
-0.626599
3.98009
0
-0.460306
4.09121
0
-0.626599
3.98009
0.170071
-0.463501
4.08907
0.209089
-2.60862
3.14676
0.228561
-2.64688
3.13915
0.424719
-2.56722
2.93863
0.228561
-2.61432
2.91912
0.421955
-2.43247
2.99445
0.228561
-2.27016
3.06166
0.324143
-2.46832
3.17467
0.228561
-2.33082
3.20203
0.371203
-0.502239
2.91581
0
-0.317464
2.83927
0
-0.502239
2.91581
0.170071
-0.32115
2.8408
0.209825
-0.626599
2.72969
0.170071
-0.463501
2.62071
0.209089
-0.626599
2.72969
0
-0.460306
2.61858
0
-1.56228
2.20752
0.170071
-1.56228
2.01151
0.209825
-1.56228
2.20752
0
-1.56228
2.00751
0
-2.3736
2.54357
0
-2.51502
2.40215
0
-2.3736
2.54357
0.170071
-2.5122
2.40497
0.209824
-0.414901
3.35489
0.170071
-0.218892
3.35489
0.209825
-0.414901
3.35489
0
-0.214901
3.35489
0
-1.78182
2.25118
0.170071
-1.82008
2.0588
0.209091
-1.78182
2.25118
0
-1.82084
2.05503
0
-0.793129
2.58574
0.228561
-0.757082
2.5497
0.421955
-0.896262
2.68888
0.228561
-1.01896
2.81153
0.328054
-0.969573
2.46785
0.228561
-0.947897
2.4354
0.424718
-1.04905
2.58679
0.228561
-1.12468
2.69997
0.375087
-1.78182
4.4586
0.170071
-1.82008
4.65099
0.209091
-1.78182
4.4586
0
-1.82084
4.65476
0
-0.75096
2.54357
0
-0.609539
2.40215
0
-0.75096
2.54357
0.170071
-0.61236
2.40497
0.209824
-0.793129
4.12404
0.228561
-0.757082
4.16009
0.421955
-0.896262
4.02091
0.228561
-1.02534
3.89188
0.310347
-0.45857
3.13535
0
-0.262413
3.09633
0
-0.45857
3.13535
0.170071
-0.266182
3.09709
0.209091
-1.34274
4.4586
0
-1.30372
4.65476
0
-1.34274
4.4586
0.170071
-1.30447
4.65099
0.209091
-0.675232
3.9476
0.228561
-0.642789
3.96927
0.424718
-0.794174
3.86812
0.228561
-0.914623
3.78764
0.366457
-1.56228
4.50227
0.170071
-1.56228
4.69828
0.209825
-1.56228
4.50227
0
-1.56228
4.70227
0
-1.47927
3.55528
0.228561
-1.47927
3.55528
0.428561
-1.52078
3.56354
0.228561
-1.52078
3.56354
0.428561
-1.56228
3.57179
0.228561
-1.56228
3.57179
0.428561
-1.60378
3.56354
0.228561
-1.60378
3.56354
0.428561
-1.64528
3.55528
0.228561
-1.64528
3.55528
0.428561
-1.68047
3.53177
0.228561
-1.68047
3.53177
0.428561
-1.71565
3.50826
0.228561
-1.71565
3.50826
0.428561
-1.73916
3.47308
0.228561
-1.73916
3.47308
0.428561
-1.76267
3.4379
0.228561
-1.76267
3.4379
0.428561
-1.77092
3.39639
0.228561
-1.77092
3.39639
0.428561
-1.77918
3.35489
0.228561
-1.77918
3.35489
0.428561
-1.77092
3.31339
0.228561
-1.77092
3.31339
0.428561
-1.76267
3.27189
0.228561
-1.76267
3.27189
0.428561
-1.73916
3.2367
0.228561
-1.73916
3.2367
0.428561
-1.71565
3.20152
0.228561
-1.71565
3.20152
0.428561
-1.68047
3.17801
0.228561
-1.68047
3.17801
0.428561
-1.64528
3.1545
0.228561
-1.64528
3.1545
0.428561
-1.60378
3.14625
0.228561
-1.60378
3.14625
0.428561
-1.56228
3.13799
0.228561
-1.56228
3.13799
0.428561
-1.52078
3.14625
0.228561
-1.52078
3.14625
0.428561
-1.47927
3.1545
0.228561
-1.47927
3.1545
0.428561
-1.44409
3.17801
0.228561
-1.44409
3.17801
0.428561
-1.40891
3.20152
0.228561
-1.40891
3.20152
0.428561
-1.3854
3.2367
0.228561
-1.3854
3.2367
0.428561
-1.36189
3.27189
0.228561
-1.36189
3.27189
0.428561
-1.35363
3.31339
0.228561
-1.35363
3.31339
0.428561
-1.34538
3.35489
0.228561
-1.34538
3.35489
0.428561
-1.35363
3.39639
0.228561
-1.35363
3.39639
0.428561
-1.36189
3.4379
0.228561
-1.36189
3.4379
0.428561
-1.3854
3.47308
0.228561
-1.3854
3.47308
0.428561
-1.40891
3.50826
0.228561
-1.40891
3.50826
0.428561
-1.44409
3.53177
0.228561
-1.44409
3.53177
0.428561
-1.92272
4.24534
0
-1.84855
4.06633
0.0495501
-1.7425
4.28119
0
-1.70762
4.10587
0.0897117
-1.7425
2.46911
0
-1.70762
2.64442
0.0897117
-1.92272
2.50495
0
-1.84855
2.68396
0.0495501
-1.20183
4.24534
0
-1.27601
4.06633
0.0495501
-1.04905
4.14325
0
-1.14838
3.9946
0.0896366
-2.22829
4.04116
0
-2.09125
3.90416
0.0494901
-2.07551
4.14325
0
-1.97617
3.9946
0.0896366
-2.33038
2.86192
0
-2.18168
2.96127
0.0895271
-2.43247
3.0147
0
-2.25342
3.08885
0.0494312
-1.56228
4.31703
0
-1.56228
4.12328
0.0495749
-1.38206
4.28119
0
-1.41693
4.10587
0.0897117
-2.43247
3.73559
0
-2.25342
3.66144
0.0494312
-2.33038
3.88838
0
-2.18168
3.78902
0.0895271
-2.46832
3.19492
0
-2.29288
3.22983
0.0894556
-2.50417
3.37514
0
-2.31037
3.37514
0.0494087
-2.46832
3.55537
0
-2.29288
3.52046
0.0894556
-0.656238
3.55537
0
-0.831678
3.52046
0.0894556
-0.620389
3.37514
0
-0.81419
3.37514
0.0494087
-1.04905
2.60704
0
-1.14838
2.7557
0.0896366
-1.20183
2.50495
0
-1.27601
2.68396
0.0495501
-2.22829
2.70913
0
-2.09125
2.84613
0.0494901
-2.07551
2.60704
0
-1.97617
2.75569
0.0896366
-1.56228
2.43326
0
-1.56228
2.62702
0.0495749
-1.38206
2.46911
0
-1.41693
2.64442
0.0897117
-0.896262
4.04116
0
-1.03331
3.90416
0.0494901
-0.896262
2.70913
0
-1.03331
2.84613
0.0494901
-0.794174
3.88838
0
-0.942879
3.78902
0.0895271
-0.692086
3.73559
0
-0.871136
3.66144
0.0494312
-0.692086
3.0147
0
-0.871136
3.08885
0.0494312
-0.794174
2.86192
0
-0.942879
2.96127
0.0895271
-0.656238
3.19492
0
-0.831678
3.22983
0.0894556
-1.91702
3.00015
0.228561
-2.04302
2.87415
0.319394
-1.9714
3.08153
0.228561
-2.08899
3.00296
0.369979
-1.28891
2.94577
0.228561
-1.21034
2.82818
0.369979
-1.37029
2.8914
0.228561
-1.3021
2.72678
0.319395
-1.83564
3.76401
0.228561
-1.91421
3.8816
0.369979
-1.75426
3.81839
0.228561
-1.82245
3.98301
0.319395
-2.02577
3.16291
0.228561
-2.19039
3.09472
0.319395
-2.04487
3.2589
0.228561
-2.18357
3.23131
0.369981
-1.07969
3.45089
0.228561
-0.940985
3.47848
0.369981
-1.0606
3.35489
0.228561
-0.882413
3.35489
0.319396
-1.9714
3.62826
0.228561
-2.08899
3.70683
0.369979
-1.91702
3.70964
0.228561
-2.04302
3.83563
0.319394
-2.06396
3.35489
0.228561
-2.24214
3.35489
0.319396
-2.04487
3.45089
0.228561
-2.18357
3.47848
0.369981
-1.46628
3.83748
0.228561
-1.43869
3.97619
0.369981
-1.37029
3.81839
0.228561
-1.3021
3.98301
0.319395
-2.02577
3.54688
0.228561
-2.19039
3.61507
0.319395
-1.56228
3.85657
0.228561
-1.56228
4.03476
0.319396
-1.28891
3.76401
0.228561
-1.21034
3.8816
0.369979
-1.65827
2.8723
0.228561
-1.68586
2.7336
0.369981
-1.75426
2.8914
0.228561
-1.82245
2.72678
0.319395
-1.65827
3.83748
0.228561
-1.68586
3.97619
0.369981
-1.20754
3.70964
0.228561
-1.08154
3.83563
0.319394
-1.15316
3.62826
0.228561
-1.03557
3.70683
0.369979
-1.46628
2.8723
0.228561
-1.43869
2.7336
0.369981
-1.56228
2.85321
0.228561
-1.56228
2.67503
0.319396
-1.09878
3.54688
0.228561
-0.934165
3.61507
0.319395
-1.15316
3.08153
0.228561
-1.03557
3.00296
0.369979
-1.20754
3.00015
0.228561
-1.08154
2.87415
0.319394
-1.07969
3.2589
0.228561
-0.940985
3.23131
0.369981
-1.09878
3.16291
0.228561
-0.934165
3.09472
0.319395
-1.83564
2.94577
0.228561
-1.91421
2.82818
0.369979
-1.56228
2.85321
0.176022
-1.56228
2.67503
0.0851868
-1.46628
2.8723
0.176022
-1.43869
2.7336
0.0346018
-1.07969
3.45089
0.176022
-0.940985
3.47848
0.0346018
-1.09878
3.54688
0.176022
-0.934165
3.61507
0.0851878
-1.20754
3.00015
0.176022
-1.08154
2.87415
0.0851888
-1.15316
3.08153
0.176022
-1.03557
3.00296
0.0346036
-1.07969
3.2589
0.176022
-0.940985
3.23131
0.0346018
-1.0606
3.35489
0.176022
-0.882413
3.35489
0.0851868
-1.09878
3.16291
0.176022
-0.934165
3.09472
0.0851878
-1.15316
3.62826
0.176022
-1.03557
3.70683
0.0346036
-1.28891
2.94577
0.176022
-1.21034
2.82818
0.0346036
-1.20754
3.70964
0.176022
-1.08154
3.83563
0.0851888
-1.28891
3.76401
0.176022
-1.21034
3.8816
0.0346036
-1.37029
2.8914
0.176022
-1.3021
2.72678
0.0851878
-1.56228
3.85657
0.176022
-1.56228
4.03476
0.0851868
-1.65827
3.83748
0.176022
-1.68586
3.97619
0.0346018
-1.65827
2.8723
0.176022
-1.68586
2.7336
0.0346018
-2.02577
3.54688
0.176022
-2.19039
3.61507
0.0851878
-2.04487
3.45089
0.176022
-2.18357
3.47848
0.0346018
-1.83564
2.94577
0.176022
-1.91421
2.82818
0.0346036
-1.75426
2.8914
0.176022
-1.82245
2.72678
0.0851878
-1.91702
3.00015
0.176022
-2.04302
2.87415
0.0851888
-1.9714
3.08153
0.176022
-2.08899
3.00296
0.0346036
-1.75426
3.81839
0.176022
-1.82245
3.98301
0.0851878
-1.83564
3.76401
0.176022
-1.91421
3.8816
0.0346036
-2.04487
3.2589
0.176022
-2.18357
3.23131
0.0346018
-2.02577
3.16291
0.176022
-2.19039
3.09472
0.0851878
-1.91702
3.70964
0.176022
-2.04302
3.83563
0.0851888
-1.9714
3.62826
0.176022
-2.08899
3.70683
0.0346036
-2.06396
3.35489
0.176022
-2.24214
3.35489
0.0851868
-1.37029
3.81839
0.176022
-1.3021
3.98301
0.0851878
-1.46628
3.83748
0.176022
-1.43869
3.97619
0.0346018
-1.47139
3.39254
0.176022
-1.30678
3.46073
0.0851878
-1.48206
3.40849
0.176022
-1.36447
3.48707
0.0346036
-1.50867
3.27467
0.176022
-1.4301
3.15708
0.0346036
-1.49272
3.28533
0.176022
-1.36672
3.15934
0.0851888
-1.49272
3.42445
0.176022
-1.36672
3.55045
0.0851888
-1.50867
3.43511
0.176022
-1.4301
3.5527
0.0346036
-1.54346
3.26026
0.176022
-1.51586
3.12156
0.0346018
-1.52463
3.26401
0.176022
-1.45644
3.09939
0.0851878
-1.56228
3.45326
0.176022
-1.56228
3.63145
0.0851868
-1.5811
3.44952
0.176022
-1.60869
3.58823
0.0346018
-1.5811
3.26026
0.176022
-1.60869
3.12156
0.0346018
-1.56228
3.25652
0.176022
-1.56228
3.07834
0.0851868
-1.65316
3.39254
0.176022
-1.81778
3.46073
0.0851878
-1.65691
3.37371
0.176022
-1.79561
3.40131
0.0346018
-1.61588
3.27467
0.176022
-1.69445
3.15708
0.0346036
-1.59992
3.26401
0.176022
-1.66811
3.09939
0.0851878
-1.63184
3.28533
0.176022
-1.75783
3.15934
0.0851888
-1.6425
3.30129
0.176022
-1.76009
3.22272
0.0346036
-1.59992
3.44578
0.176022
-1.66811
3.61039
0.0851878
-1.61588
3.43511
0.176022
-1.69445
3.5527
0.0346036
-1.65691
3.33607
0.176022
-1.79561
3.30848
0.0346018
-1.65316
3.31725
0.176022
-1.81778
3.24906
0.0851878
-1.4639
3.35489
0.176022
-1.28572
3.35489
0.0851868
-1.46765
3.37371
0.176022
-1.32894
3.4013
0.0346018
-1.63184
3.42445
0.176022
-1.75783
3.55045
0.0851888
-1.6425
3.40849
0.176022
-1.76009
3.48707
0.0346036
-1.66065
3.35489
0.176022
-1.83883
3.35489
0.0851868
-1.52463
3.44578
0.176022
-1.45644
3.61039
0.0851878
-1.54346
3.44952
0.176022
-1.51586
3.58823
0.0346018
-1.48206
3.30129
0.176022
-1.36447
3.22272
0.0346036
-1.46765
3.33607
0.176022
-1.32894
3.30848
0.0346018
-1.47139
3.31725
0.176022
-1.30678
3.24906
0.0851878
-1.65316
3.39254
0
-1.83794
3.46908
0
-1.65691
3.37371
0
-1.85306
3.41273
0
-1.61588
3.27467
0
-1.727
3.10838
0
-1.59992
3.26401
0
-1.67646
3.07923
0
-1.63184
3.28533
0
-1.77326
3.14391
0
-1.6425
3.30129
0
-1.80879
3.19017
0
-1.52463
3.26401
0
-1.44809
3.07923
0
-1.50867
3.27467
0
-1.39756
3.10838
0
-1.59992
3.44578
0
-1.67646
3.63055
0
-1.61588
3.43511
0
-1.727
3.60141
0
-1.65691
3.33607
0
-1.85306
3.29705
0
-1.65316
3.31725
0
-1.83794
3.24071
0
-1.4639
3.35489
0
-1.26391
3.35489
0
-1.46765
3.37371
0
-1.27149
3.41273
0
-1.63184
3.42445
0
-1.77326
3.56587
0
-1.6425
3.40849
0
-1.80879
3.51961
0
-1.66065
3.35489
0
-1.86065
3.35489
0
-1.52463
3.44578
0
-1.44809
3.63055
0
-1.54346
3.44952
0
-1.50444
3.64568
0
-1.56228
3.45326
0
-1.56228
3.65326
0
-1.50867
3.43511
0
-1.39756
3.60141
0
-1.5811
3.26026
0
-1.62012
3.06411
0
-1.5811
3.44952
0
-1.62012
3.64568
0
-1.48206
3.40849
0
-1.31576
3.51961
0
-1.49272
3.42445
0
-1.3513
3.56587
0
-1.56228
3.25652
0
-1.56228
3.05652
0
-1.54346
3.26026
0
-1.50444
3.06411
0
-1.47139
3.39254
0
-1.28662
3.46908
0
-1.49272
3.28533
0
-1.3513
3.14391
0
-1.48206
3.30129
0
-1.31576
3.19017
0
-1.46765
3.33607
0
-1.27149
3.29705
0
-1.47139
3.31725
0
-1.28662
3.24071
0
-1.56228
4.4848
0.21143
-1.56228
4.62484
0.354222
-1.34608
4.4418
0.21143
-1.31849
4.5805
0.352856
-1.12988
4.39879
0.21143
-1.07629
4.52817
0.354219
-0.946595
4.27633
0.21143
-0.868026
4.39391
0.352852
-0.763311
4.15386
0.21143
-0.664286
4.25288
0.354217
-0.640844
3.97057
0.21143
-0.523256
4.04914
0.352852
-0.518377
3.78729
0.21143
-0.388997
3.84088
0.354219
-0.475372
3.57109
0.21143
-0.336673
3.59868
0.352856
-0.432368
3.35489
0.21143
-0.29233
3.35489
0.354222
-0.475372
3.13869
0.21143
-0.336673
3.1111
0.352856
-0.518377
2.92249
0.21143
-0.388997
2.8689
0.354219
-0.640844
2.73921
0.21143
-0.523256
2.66064
0.352852
-0.763311
2.55592
0.21143
-0.664286
2.4569
0.354217
-0.946595
2.43346
0.21143
-0.868026
2.31587
0.352852
-1.12988
2.31099
0.21143
-1.07629
2.18161
0.354219
-1.34608
2.26799
0.21143
-1.31849
2.12929
0.352856
-1.56228
2.22498
0.21143
-1.56228
2.08494
0.354222
-1.77848
2.26799
0.21143
-1.80607
2.12929
0.352856
-1.99468
2.31099
0.21143
-2.04827
2.18161
0.354219
-2.17796
2.43346
0.21143
-2.25653
2.31587
0.352852
-2.36124
2.55592
0.21143
-2.46027
2.4569
0.354217
-2.48371
2.73921
0.21143
-2.6013
2.66064
0.352852
-2.60618
2.92249
0.21143
-2.73556
2.8689
0.354219
-2.64918
3.13869
0.21143
-2.78788
3.1111
0.352856
-2.69219
3.35489
0.21143
-2.83223
3.35489
0.354222
-2.64918
3.57109
0.21143
-2.78788
3.59868
0.352856
-2.60618
3.78729
0.21143
-2.73556
3.84088
0.354219
-2.48371
3.97057
0.21143
-2.6013
4.04914
0.352852
-2.36124
4.15386
0.21143
-2.46027
4.25288
0.354217
-2.17796
4.27633
0.21143
-2.25653
4.39391
0.352852
-1.99468
4.39879
0.21143
-2.04827
4.52817
0.354219
-1.77848
4.4418
0.21143
-1.80607
4.5805
0.352856
-0.969573
4.24194
-0.228561
-0.947897
4.27438
-0.424718
-1.04905
4.12299
-0.228561
-1.15987
3.95715
-0.213861
-1.20183
4.22508
-0.228561
-1.27814
4.04093
-0.212239
-1.14602
4.35983
-0.228561
-1.12651
4.40693
-0.421955
-0.515936
3.56302
-0.228561
-0.477671
3.57064
-0.424719
-0.656238
3.53511
-0.228561
-0.852364
3.49609
-0.225101
-0.692086
3.71534
-0.228561
-0.876762
3.63886
-0.22178
-0.557336
3.77115
-0.228561
-0.51024
3.79066
-0.421955
-0.45857
3.57443
-0.170071
-0.266182
3.6127
-0.209091
-0.502239
3.79397
-0.170071
-0.32115
3.86898
-0.209825
-0.557336
2.93863
-0.228561
-0.51024
2.91912
-0.421955
-0.692086
2.99445
-0.228561
-0.876762
3.07092
-0.235342
-0.656238
3.17467
-0.228561
-0.852364
3.21369
-0.232021
-0.515936
3.14676
-0.228561
-0.477671
3.13915
-0.424719
-0.675232
2.76219
-0.228561
-0.642789
2.74051
-0.424718
-0.794174
2.84166
-0.228561
-0.960269
2.95264
-0.238401
-1.35415
2.30855
-0.228561
-1.34653
2.27029
-0.424719
-1.38206
2.44885
-0.228561
-1.42093
2.64427
-0.245881
-1.20183
2.4847
-0.228561
-1.27814
2.66885
-0.244883
-1.14602
2.34995
-0.228561
-1.12651
2.30285
-0.421955
-1.34274
2.25118
-0.170071
-1.30447
2.0588
-0.209091
-1.1232
2.29485
-0.170071
-1.04819
2.11376
-0.209825
-1.97854
2.34995
-0.228561
-1.99805
2.30285
-0.421955
-1.92272
2.4847
-0.228561
-1.84642
2.66885
-0.244883
-1.7425
2.44885
-0.228561
-1.70362
2.64427
-0.245881
-1.77041
2.30855
-0.228561
-1.77802
2.27028
-0.424719
-2.15498
2.46785
-0.228561
-2.17666
2.4354
-0.424718
-2.07551
2.58679
-0.228561
-1.96469
2.75263
-0.243261
-2.44932
2.76219
-0.228561
-2.48177
2.74051
-0.424718
-2.33038
2.84166
-0.228561
-2.16429
2.95264
-0.238401
-2.22829
2.68888
-0.228561
-2.08712
2.82999
-0.241071
-2.33143
2.58574
-0.228561
-2.36747
2.5497
-0.421955
-2.66599
3.13535
-0.170071
-2.85837
3.09709
-0.209091
-2.62232
2.91581
-0.170071
-2.8034
2.8408
-0.209825
-2.66599
3.57443
-0.170071
-2.85837
3.6127
-0.209091
-2.70966
3.35489
-0.170071
-2.90566
3.35489
-0.209825
-2.15498
4.24194
-0.228561
-2.17666
4.27438
-0.424718
-2.07551
4.123
-0.228561
-1.96469
3.95716
-0.213861
-2.22829
4.02091
-0.228561
-2.08712
3.87979
-0.216051
-2.33143
4.12404
-0.228561
-2.36747
4.16009
-0.421955
-2.18748
4.29057
-0.170071
-2.29646
4.45367
-0.209089
-2.3736
4.16621
-0.170071
-2.5122
4.30481
-0.209824
-1.56228
2.26715
-0.228561
-1.56228
2.21618
-0.421956
-1.56228
2.413
-0.228561
-1.56228
2.61222
-0.246218
-1.35415
4.40123
-0.228561
-1.34653
4.4395
-0.424719
-1.38206
4.26093
-0.228561
-1.42093
4.06551
-0.211241
-1.56228
4.29678
-0.228561
-1.56228
4.09756
-0.210904
-1.56228
4.44263
-0.228561
-1.56228
4.49361
-0.421956
-2.00136
4.41493
-0.170071
-2.07637
4.59602
-0.209825
-1.97854
4.35983
-0.228561
-1.99805
4.40693
-0.421955
-1.92272
4.22508
-0.228561
-1.84642
4.04094
-0.212239
-0.75096
4.16621
-0.170071
-0.61236
4.30481
-0.209824
-0.937077
4.29057
-0.170071
-0.828097
4.45367
-0.209089
-2.49796
2.72969
-0.170071
-2.66105
2.62071
-0.209089
-1.77041
4.40123
-0.228561
-1.77802
4.4395
-0.424719
-1.7425
4.26093
-0.228561
-1.70362
4.06551
-0.211241
-0.474537
3.35489
-0.228561
-0.423563
3.35489
-0.421956
-0.620389
3.35489
-0.228561
-0.820389
3.35489
-0.228561
-2.56722
3.77115
-0.228561
-2.61432
3.79066
-0.421955
-2.43247
3.71534
-0.228561
-2.24779
3.63886
-0.22178
-2.46832
3.53512
-0.228561
-2.27219
3.49609
-0.225101
-2.60862
3.56302
-0.228561
-2.64688
3.57064
-0.424719
-2.44932
3.9476
-0.228561
-2.48177
3.96927
-0.424718
-2.33038
3.86812
-0.228561
-2.16429
3.75715
-0.218721
-0.937077
2.41921
-0.170071
-0.828097
2.25612
-0.209089
-2.49796
3.98009
-0.170071
-2.66105
4.08907
-0.209089
-2.62232
3.79397
-0.170071
-2.8034
3.86898
-0.209825
-1.1232
4.41493
-0.170071
-1.04819
4.59602
-0.209825
-2.18748
2.41921
-0.170071
-2.29646
2.25612
-0.209089
-2.00136
2.29485
-0.170071
-2.07637
2.11376
-0.209825
-2.50417
3.35489
-0.228561
-2.30417
3.35489
-0.228561
-2.65002
3.35489
-0.228561
-2.70099
3.35489
-0.421956
-0.626599
3.98009
-0.170071
-0.463501
4.08907
-0.209089
-2.60862
3.14676
-0.228561
-2.64688
3.13915
-0.424719
-2.46832
3.17467
-0.228561
-2.27219
3.21369
-0.232021
-2.43247
2.99445
-0.228561
-2.24779
3.07092
-0.235342
-2.56722
2.93863
-0.228561
-2.61432
2.91912
-0.421955
-0.626599
2.72969
-0.170071
-0.463501
2.62071
-0.209089
-0.502239
2.91581
-0.170071
-0.32115
2.8408
-0.209825
-1.56228
2.20752
-0.170071
-1.56228
2.01151
-0.209825
-2.3736
2.54357
-0.170071
-2.5122
2.40497
-0.209824
-0.414901
3.35489
-0.170071
-0.218892
3.35489
-0.209825
-1.78182
2.25118
-0.170071
-1.82008
2.0588
-0.209091
-0.793129
2.58574
-0.228561
-0.757082
2.5497
-0.421955
-0.896262
2.68888
-0.228561
-1.03743
2.82999
-0.241071
-0.969573
2.46785
-0.228561
-0.947897
2.4354
-0.424718
-1.04905
2.58679
-0.228561
-1.15987
2.75263
-0.243261
-1.78182
4.4586
-0.170071
-1.82008
4.65099
-0.209091
-0.75096
2.54357
-0.170071
-0.61236
2.40497
-0.209824
-0.793129
4.12404
-0.228561
-0.757082
4.16009
-0.421955
-0.896262
4.02091
-0.228561
-1.03743
3.87979
-0.216051
-0.45857
3.13535
-0.170071
-0.266182
3.09709
-0.209091
-1.34274
4.4586
-0.170071
-1.30447
4.65099
-0.209091
-0.675232
3.9476
-0.228561
-0.642789
3.96927
-0.424718
-0.794174
3.86812
-0.228561
-0.960269
3.75715
-0.218721
-1.56228
4.50227
-0.170071
-1.56228
4.69828
-0.209825
-1.47927
3.55528
-0.228561
-1.47927
3.55528
-0.428561
-1.44409
3.53177
-0.228561
-1.44409
3.53177
-0.428561
-1.40891
3.50826
-0.228561
-1.40891
3.50826
-0.428561
-1.3854
3.47308
-0.228561
-1.3854
3.47308
-0.428561
-1.36189
3.4379
-0.228561
-1.36189
3.4379
-0.428561
-1.35363
3.39639
-0.228561
-1.35363
3.39639
-0.428561
-1.34538
3.35489
-0.228561
-1.34538
3.35489
-0.428561
-1.35363
3.31339
-0.228561
-1.35363
3.31339
-0.428561
-1.36189
3.27189
-0.228561
-1.36189
3.27189
-0.428561
-1.3854
3.2367
-0.228561
-1.3854
3.2367
-0.428561
-1.40891
3.20152
-0.228561
-1.40891
3.20152
-0.428561
-1.44409
3.17801
-0.228561
-1.44409
3.17801
-0.428561
-1.47927
3.1545
-0.228561
-1.47927
3.1545
-0.428561
-1.52078
3.14625
-0.228561
-1.52078
3.14625
-0.428561
-1.56228
3.13799
-0.228561
-1.56228
3.13799
-0.428561
-1.60378
3.14625
-0.228561
-1.60378
3.14625
-0.428561
-1.64528
3.1545
-0.228561
-1.64528
3.1545
-0.428561
-1.68047
3.17801
-0.228561
-1.68047
3.17801
-0.428561
-1.71565
3.20152
-0.228561
-1.71565
3.20152
-0.428561
-1.73916
3.2367
-0.228561
-1.73916
3.2367
-0.428561
-1.76267
3.27189
-0.228561
-1.76267
3.27189
-0.428561
-1.77092
3.31339
-0.228561
-1.77092
3.31339
-0.428561
-1.77918
3.35489
-0.228561
-1.77918
3.35489
-0.428561
-1.77092
3.39639
-0.228561
-1.77092
3.39639
-0.428561
-1.76267
3.4379
-0.228561
-1.76267
3.4379
-0.428561
-1.73916
3.47308
-0.228561
-1.73916
3.47308
-0.428561
-1.71565
3.50826
-0.228561
-1.71565
3.50826
-0.428561
-1.68047
3.53177
-0.228561
-1.68047
3.53177
-0.428561
-1.64528
3.55528
-0.228561
-1.64528
3.55528
-0.428561
-1.60378
3.56354
-0.228561
-1.60378
3.56354
-0.428561
-1.56228
3.57179
-0.228561
-1.56228
3.57179
-0.428561
-1.52078
3.56354
-0.228561
-1.52078
3.56354
-0.428561
-1.91702
3.00015
-0.228561
-2.04302
2.87415
-0.137728
-1.9714
3.08153
-0.228561
-2.08899
3.00296
-0.0871426
-1.28891
2.94577
-0.228561
-1.21034
2.82818
-0.0871426
-1.37029
2.8914
-0.228561
-1.3021
2.72678
-0.137727
-1.83564
3.76401
-0.228561
-1.91421
3.8816
-0.0871426
-1.75426
3.81839
-0.228561
-1.82245
3.98301
-0.137727
-2.02577
3.16291
-0.228561
-2.19039
3.09472
-0.137727
-2.04487
3.2589
-0.228561
-2.18357
3.23131
-0.0871408
-1.07969
3.45089
-0.228561
-0.940985
3.47848
-0.0871408
-1.0606
3.35489
-0.228561
-0.882413
3.35489
-0.137726
-1.9714
3.62826
-0.228561
-2.08899
3.70683
-0.0871426
-1.91702
3.70964
-0.228561
-2.04302
3.83563
-0.137728
-2.06396
3.35489
-0.228561
-2.24214
3.35489
-0.137726
-2.04487
3.45089
-0.228561
-2.18357
3.47848
-0.0871408
-1.46628
3.83748
-0.228561
-1.43869
3.97619
-0.0871408
-1.37029
3.81839
-0.228561
-1.3021
3.98301
-0.137727
-2.02577
3.54688
-0.228561
-2.19039
3.61507
-0.137727
-1.56228
3.85657
-0.228561
-1.56228
4.03476
-0.137726
-1.28891
3.76401
-0.228561
-1.21034
3.8816
-0.0871426
-1.65827
2.8723
-0.228561
-1.68586
2.7336
-0.0871408
-1.75426
2.8914
-0.228561
-1.82245
2.72678
-0.137727
-1.65827
3.83748
-0.228561
-1.68586
3.97619
-0.0871408
-1.20754
3.70964
-0.228561
-1.08154
3.83563
-0.137728
-1.15316
3.62826
-0.228561
-1.03557
3.70683
-0.0871426
-1.46628
2.8723
-0.228561
-1.43869
2.7336
-0.0871408
-1.56228
2.85321
-0.228561
-1.56228
2.67503
-0.137726
-1.09878
3.54688
-0.228561
-0.934165
3.61507
-0.137727
-1.15316
3.08153
-0.228561
-1.03557
3.00296
-0.0871426
-1.20754
3.00015
-0.228561
-1.08154
2.87415
-0.137728
-1.07969
3.2589
-0.228561
-0.940985
3.23131
-0.0871408
-1.09878
3.16291
-0.228561
-0.934165
3.09472
-0.137727
-1.83564
2.94577
-0.228561
-1.91421
2.82818
-0.0871426
-1.46628
2.8723
-0.176022
-1.43869
2.7336
-0.0346018
-1.56228
2.85321
-0.176022
-1.56228
2.67503
-0.0851868
-1.09878
3.54688
-0.176022
-0.934165
3.61507
-0.0851878
-1.07969
3.45089
-0.176022
-0.940985
3.47848
-0.0346018
-1.15316
3.08153
-0.176022
-1.03557
3.00296
-0.0346036
-1.20754
3.00015
-0.176022
-1.08154
2.87415
-0.0851888
-1.0606
3.35489
-0.176022
-0.882413
3.35489
-0.0851868
-1.07969
3.2589
-0.176022
-0.940985
3.23131
-0.0346018
-1.09878
3.16291
-0.176022
-0.934165
3.09472
-0.0851878
-1.15316
3.62826
-0.176022
-1.03557
3.70683
-0.0346036
-1.28891
2.94577
-0.176022
-1.21034
2.82818
-0.0346036
-1.28891
3.76401
-0.176022
-1.21034
3.8816
-0.0346036
-1.20754
3.70964
-0.176022
-1.08154
3.83563
-0.0851888
-1.37029
2.8914
-0.176022
-1.3021
2.72678
-0.0851878
-1.65827
3.83748
-0.176022
-1.68586
3.97619
-0.0346018
-1.56228
3.85657
-0.176022
-1.56228
4.03476
-0.0851868
-1.65827
2.8723
-0.176022
-1.68586
2.7336
-0.0346018
-2.04487
3.45089
-0.176022
-2.18357
3.47848
-0.0346018
-2.02577
3.54688
-0.176022
-2.19039
3.61507
-0.0851878
-1.75426
2.8914
-0.176022
-1.82245
2.72678
-0.0851878
-1.83564
2.94577
-0.176022
-1.91421
2.82818
-0.0346036
-1.91702
3.00015
-0.176022
-2.04302
2.87415
-0.0851888
-1.9714
3.08153
-0.176022
-2.08899
3.00296
-0.0346036
-1.83564
3.76401
-0.176022
-1.91421
3.8816
-0.0346036
-1.75426
3.81839
-0.176022
-1.82245
3.98301
-0.0851878
-2.02577
3.16291
-0.176022
-2.19039
3.09472
-0.0851878
-2.04487
3.2589
-0.176022
-2.18357
3.23131
-0.0346018
-1.9714
3.62826
-0.176022
-2.08899
3.70683
-0.0346036
-1.91702
3.70964
-0.176022
-2.04302
3.83563
-0.0851888
-2.06396
3.35489
-0.176022
-2.24214
3.35489
-0.0851868
-1.46628
3.83748
-0.176022
-1.43869
3.97619
-0.0346018
-1.37029
3.81839
-0.176022
-1.3021
3.98301
-0.0851878
-1.48206
3.40849
-0.176022
-1.36447
3.48707
-0.0346036
-1.47139
3.39254
-0.176022
-1.30678
3.46073
-0.0851878
-1.49272
3.28533
-0.176022
-1.36672
3.15934
-0.0851888
-1.50867
3.27467
-0.176022
-1.4301
3.15708
-0.0346036
-1.50867
3.43511
-0.176022
-1.4301
3.5527
-0.0346036
-1.49272
3.42445
-0.176022
-1.36672
3.55045
-0.0851888
-1.52463
3.26401
-0.176022
-1.45644
3.09939
-0.0851878
-1.54346
3.26026
-0.176022
-1.51586
3.12156
-0.0346018
-1.5811
3.44952
-0.176022
-1.60869
3.58823
-0.0346018
-1.56228
3.45326
-0.176022
-1.56228
3.63145
-0.0851868
-1.56228
3.25652
-0.176022
-1.56228
3.07834
-0.0851868
-1.5811
3.26026
-0.176022
-1.60869
3.12156
-0.0346018
-1.65691
3.37371
-0.176022
-1.79561
3.40131
-0.0346018
-1.65316
3.39254
-0.176022
-1.81778
3.46073
-0.0851878
-1.59992
3.26401
-0.176022
-1.66811
3.09939
-0.0851878
-1.61588
3.27467
-0.176022
-1.69445
3.15708
-0.0346036
-1.63184
3.28533
-0.176022
-1.75783
3.15934
-0.0851888
-1.6425
3.30129
-0.176022
-1.76009
3.22272
-0.0346036
-1.61588
3.43511
-0.176022
-1.69445
3.5527
-0.0346036
-1.59992
3.44578
-0.176022
-1.66811
3.61039
-0.0851878
-1.65316
3.31725
-0.176022
-1.81778
3.24906
-0.0851878
-1.65691
3.33607
-0.176022
-1.79561
3.30848
-0.0346018
-1.46765
3.37371
-0.176022
-1.32894
3.4013
-0.0346018
-1.4639
3.35489
-0.176022
-1.28572
3.35489
-0.0851868
-1.6425
3.40849
-0.176022
-1.76009
3.48707
-0.0346036
-1.63184
3.42445
-0.176022
-1.75783
3.55045
-0.0851888
-1.66065
3.35489
-0.176022
-1.83883
3.35489
-0.0851868
-1.54346
3.44952
-0.176022
-1.51586
3.58823
-0.0346018
-1.52463
3.44578
-0.176022
-1.45644
3.61039
-0.0851878
-1.48206
3.30129
-0.176022
-1.36447
3.22272
-0.0346036
-1.46765
3.33607
-0.176022
-1.32894
3.30848
-0.0346018
-1.47139
3.31725
-0.176022
-1.30678
3.24906
-0.0851878
-1.34608
4.4418
-0.21143
-1.31849
4.5805
-0.352856
-1.56228
4.4848
-0.21143
-1.56228
4.62484
-0.354222
-0.946595
4.27633
-0.21143
-0.868026
4.39391
-0.352852
-1.12988
4.39879
-0.21143
-1.07629
4.52817
-0.354219
-0.640844
3.97057
-0.21143
-0.523256
4.04914
-0.352852
-0.763311
4.15386
-0.21143
-0.664286
4.25288
-0.354217
-0.475372
3.57109
-0.21143
-0.336673
3.59868
-0.352856
-0.518377
3.78729
-0.21143
-0.388997
3.84088
-0.354219
-0.475372
3.13869
-0.21143
-0.336673
3.1111
-0.352856
-0.432368
3.35489
-0.21143
-0.29233
3.35489
-0.354222
-0.640844
2.73921
-0.21143
-0.523256
2.66064
-0.352852
-0.518377
2.92249
-0.21143
-0.388997
2.8689
-0.354219
-0.946595
2.43346
-0.21143
-0.868026
2.31587
-0.352852
-0.763311
2.55592
-0.21143
-0.664286
2.4569
-0.354217
-1.34608
2.26799
-0.21143
-1.31849
2.12929
-0.352856
-1.12988
2.31099
-0.21143
-1.07629
2.18161
-0.354219
-1.77848
2.26799
-0.21143
-1.80607
2.12929
-0.352856
-1.56228
2.22498
-0.21143
-1.56228
2.08494
-0.354222
-2.17796
2.43346
-0.21143
-2.25653
2.31587
-0.352852
-1.99468
2.31099
-0.21143
-2.04827
2.18161
-0.354219
-2.48371
2.73921
-0.21143
-2.6013
2.66064
-0.352852
-2.36124
2.55592
-0.21143
-2.46027
2.4569
-0.354217
-2.64918
3.13869
-0.21143
-2.78788
3.1111
-0.352856
-2.60618
2.92249
-0.21143
-2.73556
2.8689
-0.354219
-2.64918
3.57109
-0.21143
-2.78788
3.59868
-0.352856
-2.69219
3.35489
-0.21143
-2.83223
3.35489
-0.354222
-2.48371
3.97057
-0.21143
-2.6013
4.04914
-0.352852
-2.60618
3.78729
-0.21143
-2.73556
3.84088
-0.354219
-2.17796
4.27633
-0.21143
-2.25653
4.39391
-0.352852
-2.36124
4.15386
-0.21143
-2.46027
4.25288
-0.354217
-1.77848
4.4418
-0.21143
-1.80607
4.5805
-0.352856
-1.99468
4.39879
-0.21143
-2.04827
4.52817
-0.354219
