-1.56966
2.33811
-0.037314
-1.56966
2.43812
0.13589
-1.53735
4.28121
-0.018657
-1.68735
4.18121
0.0679435
-1.53735
4.28121
0.018657
-1.68735
4.18121
-0.0679435
-1.56966
2.33811
0.037314
-1.56966
2.43812
-0.13589
-2.19416
2.56541
-0.037314
-2.12988
2.64202
0.135891
-2.16941
2.54464
-0.018657
-2.22003
2.71767
0.0679453
-0.920411
4.03314
-0.018657
-1.0996
4.05296
0.0679453
-0.945165
4.05391
-0.037314
-1.00945
3.97731
0.135891
-2.16941
2.54464
0.018657
-2.22003
2.71767
-0.0679453
-0.920411
4.03314
0.018657
-1.0996
4.05296
-0.0679453
-2.19416
2.56541
0.037314
-2.12988
2.64202
-0.135891
-0.945165
4.05391
0.037314
-1.00945
3.97731
-0.135891
-2.21892
2.58618
0.018657
-2.03973
2.56636
-0.0679453
-0.96992
4.07468
0.018657
-0.919299
3.90166
-0.0679453
-0.96992
4.07468
-0.018657
-0.919299
3.90166
0.0679453
-2.21892
2.58618
-0.018657
-2.03973
2.56636
0.0679453
-2.52645
3.14095
-0.037314
-2.42797
3.15831
0.135891
-2.52084
3.10913
-0.018657
-2.4484
3.27421
0.0679446
-0.607265
3.44655
-0.018657
-0.731787
3.57691
0.0679446
-0.612876
3.47837
-0.037314
-0.711359
3.46101
0.135891
-2.52084
3.10913
0.018657
-2.4484
3.27421
-0.0679446
-0.607265
3.44655
0.018657
-0.731787
3.57691
-0.0679446
-2.52645
3.14095
0.037314
-2.42797
3.15831
-0.135891
-0.612876
3.47837
0.037314
-0.711359
3.46101
-0.135891
-2.53206
3.17278
0.018657
-2.40754
3.04242
-0.0679446
-0.618488
3.51019
0.018657
-0.690929
3.34511
-0.0679446
-0.618488
3.51019
-0.018657
-0.690929
3.34511
0.0679446
-2.53206
3.17278
-0.018657
-2.40754
3.04242
0.0679446
-2.41105
3.79543
-0.037314
-2.32445
3.74543
0.135891
-2.42721
3.76745
-0.018657
-2.2656
3.84735
0.067945
-0.744436
2.7959
-0.018657
-0.756036
2.97581
0.067945
-0.728279
2.82389
-0.037314
-0.814881
2.87389
0.135891
-2.42721
3.76745
0.018657
-2.2656
3.84735
-0.067945
-0.744436
2.7959
0.018657
-0.756036
2.97581
-0.067945
-2.41105
3.79543
0.037314
-2.32445
3.74543
-0.135891
-0.728279
2.82389
0.037314
-0.814881
2.87389
-0.135891
-2.39489
3.82342
0.018657
-2.38329
3.64352
-0.067945
-0.712122
2.85187
0.018657
-0.873726
2.77197
-0.067945
-0.712122
2.85187
-0.018657
-0.873726
2.77197
0.067945
-2.39489
3.82342
-0.018657
-2.38329
3.64352
0.067945
-1.90195
4.22262
-0.037313
-1.86775
4.12865
0.135891
-1.93232
4.21157
-0.018657
-1.75716
4.16889
0.0679454
-1.26774
2.38565
-0.018657
-1.16099
2.53093
0.0679446
-1.23738
2.3967
-0.037314
-1.27158
2.49068
0.13589
-1.93232
4.21157
0.018657
-1.75716
4.16889
-0.0679454
-1.26774
2.38565
0.018657
-1.16099
2.53093
-0.0679446
-1.90195
4.22262
0.037314
-1.86775
4.12865
-0.13589
-1.23738
2.3967
0.037313
-1.27158
2.49068
-0.135891
-1.87159
4.23367
0.018657
-1.97834
4.0884
-0.0679446
-1.20701
2.40776
0.018657
-1.38216
2.45043
-0.0679454
-1.20701
2.40776
-0.018657
-1.38216
2.45043
0.0679454
-1.87159
4.23367
-0.018657
-1.97834
4.0884
0.0679446
-1.23738
4.22262
-0.037313
-1.27158
4.12865
0.135891
-1.26774
4.23367
-0.018657
-1.16099
4.0884
0.0679446
-1.93232
2.40776
-0.018657
-1.75716
2.45043
0.0679454
-1.90195
2.3967
-0.037314
-1.86775
2.49068
0.13589
-1.26774
4.23367
0.018657
-1.16099
4.0884
-0.0679446
-1.93232
2.40776
0.018657
-1.75716
2.45043
-0.0679454
-1.23738
4.22262
0.037314
-1.27158
4.12865
-0.13589
-1.90195
2.3967
0.037313
-1.86775
2.49068
-0.135891
-1.20701
4.21157
0.018657
-1.38216
4.16889
-0.0679454
-1.87159
2.38565
0.018657
-1.97834
2.53093
-0.0679446
-1.87159
2.38565
-0.018657
-1.97834
2.53093
0.0679446
-1.20701
4.21157
-0.018657
-1.38216
4.16889
0.0679454
-0.728279
3.79543
-0.037314
-0.814881
3.74543
0.135891
-0.744436
3.82342
-0.018657
-0.756036
3.64352
0.067945
-2.42721
2.85187
-0.018657
-2.2656
2.77197
0.067945
-2.41105
2.82389
-0.037314
-2.32445
2.87389
0.135891
-0.744436
3.82342
0.018657
-0.756036
3.64352
-0.067945
-2.42721
2.85187
0.018657
-2.2656
2.77197
-0.067945
-0.728279
3.79543
0.037314
-0.814881
3.74543
-0.135891
-2.41105
2.82389
0.037314
-2.32445
2.87389
-0.135891
-0.712122
3.76745
0.018657
-0.873726
3.84735
-0.067945
-2.39489
2.7959
0.018657
-2.38329
2.97581
-0.067945
-2.39489
2.7959
-0.018657
-2.38329
2.97581
0.067945
-0.712122
3.76745
-0.018657
-0.873726
3.84735
0.067945
-0.612876
3.14095
-0.037314
-0.711359
3.15831
0.135891
-0.607265
3.17278
-0.018657
-0.731787
3.04241
0.0679446
-2.52084
3.51019
-0.018657
-2.4484
3.34511
0.0679446
-2.52645
3.47837
-0.037314
-2.42797
3.46101
0.135891
-0.607265
3.17278
0.018657
-0.731787
3.04241
-0.0679446
-2.52084
3.51019
0.018657
-2.4484
3.34511
-0.0679446
-0.612876
3.14095
0.037314
-0.711359
3.15831
-0.135891
-2.52645
3.47837
0.037314
-2.42797
3.46101
-0.135891
-0.618488
3.10913
0.018657
-0.690929
3.27421
-0.0679446
-2.53206
3.44655
0.018657
-2.40754
3.57691
-0.0679446
-2.53206
3.44655
-0.018657
-2.40754
3.57691
0.0679446
-0.618488
3.10913
-0.018657
-0.690929
3.27421
0.0679446
-0.945166
2.56541
-0.037314
-1.00945
2.64202
0.135891
-0.920411
2.58618
-0.018657
-1.0996
2.56636
0.0679453
-2.16941
4.07468
-0.018657
-2.22003
3.90166
0.0679453
-2.19416
4.05391
-0.037314
-2.12988
3.97731
0.135891
-0.920411
2.58618
0.018657
-1.0996
2.56636
-0.0679453
-2.16941
4.07468
0.018657
-2.22003
3.90166
-0.0679453
-0.945166
2.56541
0.037314
-1.00945
2.64202
-0.135891
-2.19416
4.05391
0.037314
-2.12988
3.97731
-0.135891
-0.96992
2.54464
0.018657
-0.919299
2.71767
-0.0679453
-2.21892
4.03314
0.018657
-2.03973
4.05296
-0.0679453
-2.21892
4.03314
-0.018657
-2.03973
4.05296
0.0679453
-0.96992
2.54464
-0.018657
-0.919299
2.71767
0.0679453
-1.56966
2.33811
-0.037314
-1.56966
2.23811
-0.210518
-1.53735
4.28121
-0.018657
-1.38735
4.38121
-0.105257
-1.53735
4.28121
0.018657
-1.38735
4.38121
0.105257
-1.56966
2.33811
0.037314
-1.56966
2.23811
0.210518
