0.378683
4.55554
0.04438
0.467027
4.59762
-0.130045
0.366546
4.56494
0.042868
0.424561
4.63148
-0.136594
0.35441
4.57435
0.04438
0.382326
4.6648
-0.131801
0.34274
4.5834
0.048859
0.342524
4.69593
-0.116473
0.331984
4.59173
0.056132
0.306842
4.72368
-0.0920477
0.322557
4.59904
0.065921
0.276441
4.74727
-0.0601807
0.314821
4.60503
0.077848
0.252051
4.76624
-0.022508
0.309072
4.60949
0.091455
0.23409
4.78036
0.0194755
0.305532
4.61223
0.10622
0.222826
4.78947
0.0644358
0.304337
4.61316
0.121575
0.218426
4.79347
0.111144
0.305532
4.61223
0.13693
0.221006
4.79222
0.158395
0.309072
4.60949
0.151695
0.230643
4.7856
0.204914
0.314821
4.60503
0.165302
0.247352
4.77352
0.249319
0.322557
4.59904
0.177229
0.270976
4.75595
0.290009
0.331984
4.59173
0.187017
0.301075
4.73304
0.325131
0.34274
4.5834
0.19429
0.336777
4.70534
0.352697
0.35441
4.57435
0.198769
0.376605
4.67384
0.37084
0.366546
4.56494
0.200282
0.418556
4.64006
0.378193
0.378683
4.55554
0.198769
0.460329
4.60585
0.374275
0.390353
4.54649
0.194291
0.499699
4.57311
0.359624
0.401108
4.53816
0.187017
0.534907
4.54345
0.335576
0.410535
4.53085
0.177229
0.564795
4.518
0.303873
0.418272
4.52485
0.165302
0.588722
4.49748
0.266285
0.42402
4.5204
0.151695
0.606404
4.48228
0.224381
0.42756
4.51765
0.13693
0.617716
4.4726
0.179477
0.428756
4.51673
0.121575
0.622548
4.46856
0.132721
0.42756
4.51765
0.10622
0.620727
4.47028
0.0851914
0.42402
4.5204
0.091455
0.612016
4.47788
0.0380752
0.418272
4.52485
0.077848
0.596186
4.49142
-0.00717419
0.410535
4.53085
0.065921
0.573162
4.51083
-0.0487598
0.401108
4.53816
0.056132
0.543236
4.53568
-0.0845574
0.390353
4.54649
0.048859
0.507316
4.56509
-0.112305
0.101011
4.14429
0.115153
0.287459
4.07637
0.0901877
0.09717
4.1424
0.100351
0.274551
4.07492
0.0372496
0.020497
4.15963
0.204859
0.0125882
4.17774
0.40388
0.035805
4.15894
0.20403
0.0648851
4.16388
0.401843
-0.052285
4.1491
0.108445
-0.23854
4.20047
0.0567698
-0.054418
4.15126
0.123571
-0.245871
4.20763
0.110584
0.069839
4.13845
0.064145
0.181497
4.08734
-0.0937152
0.056627
4.13788
0.056358
0.136335
4.09643
-0.12233
0.076705
4.15473
0.18447
0.20429
4.12066
0.334675
0.086914
4.15278
0.173095
0.239038
4.10781
0.294897
-0.043045
4.15686
0.167408
-0.205946
4.21603
0.267217
-0.033816
4.15819
0.179633
-0.173926
4.21367
0.31113
-0.003187
4.13975
0.053741
-0.0686737
4.14516
-0.135157
-0.016997
4.14118
0.060345
-0.11625
4.15788
-0.112484
0.101881
4.14636
0.130411
0.290234
4.08058
0.144442
0.005313
4.1599
0.202695
-0.039363
4.19019
0.395274
-0.047231
4.14693
0.094032
-0.220997
4.19163
0.0056693
0.081279
4.13942
0.074348
0.220547
4.08052
-0.0565525
0.06446
4.15644
0.193636
0.162596
4.13468
0.366539
-0.049707
4.15521
0.15363
-0.229194
4.21567
0.217888
0.011658
4.13868
0.049951
-0.0176785
4.13221
-0.14778
0.099749
4.14851
0.145536
0.282827
4.08741
0.197959
-0.009163
4.15974
0.197623
-0.0889922
4.20059
0.376393
-0.03945
4.14484
0.080886
-0.193966
4.1814
-0.040721
0.090508
4.14076
0.086573
0.251968
4.07632
-0.0123134
0.05065
4.15787
0.20024
0.115531
4.1493
0.38923
-0.053548
4.15333
0.138828
-0.242701
4.21279
0.165003
0.04215
4.13772
0.051286
0.0868052
4.10732
-0.141281
0.026966
4.13799
0.049122
0.0348088
4.11943
-0.149861
0.094695
4.15068
0.159949
0.265544
4.09659
0.248745
-0.022375
4.15917
0.189836
-0.134429
4.2085
0.347982
-0.029241
4.14289
0.069511
-0.158571
4.17005
-0.0806094
-0.028155
3.92438
0.202091
-0.198574
3.89656
0.303006
-0.020562
3.93059
0.213896
-0.170503
3.91562
0.345402
0.108397
3.97112
0.162711
0.300546
4.02578
0.17226
0.108746
3.96741
0.147753
0.301146
4.01382
0.118979
-0.033263
3.91879
0.188706
-0.217675
3.87913
0.255181
0.105285
3.97367
0.177604
0.28975
4.03453
0.225229
-0.035689
3.91405
0.174257
-0.227081
3.86403
0.203703
0.099532
3.97495
0.191859
0.269128
4.03968
0.275806
-0.03534
3.91034
0.159299
-0.226407
3.85189
0.150508
0.091357
3.97492
0.204928
0.23946
4.04099
0.321972
-0.032228
3.90779
0.144406
-0.215642
3.84322
0.0976174
0.081075
3.97357
0.216309
0.201917
4.03839
0.361895
-0.026475
3.90651
0.130151
-0.195149
3.83836
0.0470615
0.069082
3.97096
0.225565
0.158004
4.03196
0.394005
-0.0183
3.90655
0.117082
-0.165682
3.83751
0.000837922
0.055837
3.96719
0.23234
0.109463
4.02195
0.417069
0.059248
3.93092
0.086303
0.117795
3.90598
-0.103302
0.045398
3.92469
0.0845
0.0670261
3.88805
-0.110923
-0.008018
3.9079
0.105701
-0.12836
3.8407
-0.03922
0.04185
3.9624
0.236373
0.0582208
4.00876
0.430235
0.072225
3.93754
0.090976
0.165396
3.92505
-0.0855553
0.003975
3.91051
0.096445
-0.084627
3.84774
-0.0715135
0.027659
3.95677
0.237511
0.00625281
3.99289
0.433055
0.083831
3.94428
0.098341
0.208033
3.94458
-0.0584193
0.01722
3.91428
0.08967
-0.0361986
3.85832
-0.0947615
0.013809
3.95054
0.235708
-0.0444571
3.97494
0.42547
0.093618
3.95088
0.108114
0.244128
3.96388
-0.0229498
0.031207
3.91907
0.085637
0.0150202
3.87195
-0.10806
0.000832
3.94392
0.231034
-0.0919728
3.95558
0.407815
0.101212
3.95709
0.11992
0.272343
3.98228
0.0195234
-0.010774
3.93719
0.223669
-0.13452
3.93555
0.380781
0.10632
3.96267
0.133304
0.291603
3.99913
0.0674208
0.185878
3.53627
0.223375
0.0642128
3.4303
0.105187
0.178593
3.53341
0.236464
0.0361563
3.42166
0.151462
0.248192
3.60639
0.341029
0.283052
3.67195
0.526737
0.259764
3.61375
0.33438
0.326442
3.69628
0.503915
0.253491
3.58103
0.193435
0.317097
3.57721
0.00385748
0.241533
3.57166
0.191402
0.273314
3.54602
-0.00438547
0.19496
3.54082
0.212025
0.0988975
3.44474
0.0652595
0.236022
3.59803
0.344894
0.237815
3.6441
0.539507
0.264648
3.59038
0.198357
0.357528
3.60847
0.0221583
0.205489
3.5469
0.202849
0.138832
3.4644
0.0332853
0.223721
3.58899
0.345828
0.192498
3.61387
0.541803
0.274574
3.59934
0.205979
0.393114
3.63865
0.0497657
0.217061
3.55426
0.196201
0.182393
3.4885
0.0105287
0.211762
3.57962
0.343795
0.148836
3.58244
0.533617
0.282889
3.60757
0.216008
0.42257
3.66664
0.0856276
0.229232
3.56262
0.192336
0.227822
3.51607
-0.002167
0.200606
3.57027
0.338873
0.108473
3.55101
0.51534
0.289271
3.61475
0.228059
0.444827
3.69141
0.128428
0.190679
3.56131
0.331251
0.0728952
3.52077
0.487724
0.293477
3.62061
0.241669
0.459048
3.712
0.176607
0.182365
3.55308
0.321221
0.0433937
3.49285
0.451833
0.295345
3.62492
0.256314
0.464672
3.72763
0.228397
0.175982
3.5459
0.30917
0.0210354
3.46826
0.408988
0.294802
3.62752
0.271432
0.461435
3.73763
0.28188
0.171776
3.54004
0.295561
0.00666817
3.44791
0.360762
0.29187
3.6283
0.286441
0.449398
3.74155
0.335017
0.169909
3.53573
0.280916
0.00086917
3.43257
0.30892
0.286661
3.62724
0.300765
0.428958
3.7392
0.385726
0.170452
3.53313
0.265798
0.00392862
3.42285
0.255386
0.279376
3.62438
0.313854
0.400881
3.7306
0.431978
0.173384
3.53235
0.250789
0.0158155
3.41915
0.202209
0.270294
3.61982
0.325205
0.366252
3.7161
0.471909
0.606042
3.2167
0.32205
0.750777
3.34337
0.267223
0.601583
3.21384
0.307559
0.73653
3.3309
0.217635
0.512751
3.1125
0.387439
0.396954
3.00539
0.510391
0.520624
3.11926
0.39886
0.423715
3.03129
0.550088
0.608501
3.21741
0.337265
0.757702
3.34936
0.319158
0.506465
3.1076
0.374229
0.376346
2.98558
0.464673
0.608868
3.21594
0.35262
0.757161
3.34876
0.371844
0.502006
3.10474
0.359737
0.362461
2.97242
0.414685
0.607126
3.21235
0.367524
0.749153
3.34149
0.423658
0.499547
3.10403
0.344522
0.355662
2.96625
0.362208
0.603344
3.20678
0.381405
0.733847
3.32759
0.472907
0.49918
3.1055
0.329167
0.356116
2.9672
0.309026
0.597666
3.19943
0.393729
0.711633
3.30723
0.517791
0.500922
3.10909
0.314263
0.363811
2.97525
0.256929
0.590312
3.1906
0.404023
0.68318
3.28083
0.556451
0.504704
3.11467
0.300382
0.378538
2.99021
0.207684
0.581563
3.18062
0.41189
0.649472
3.24916
0.587078
0.510381
3.12201
0.288058
0.399917
3.01168
0.163056
0.571755
3.16987
0.417029
0.611842
3.21337
0.608081
0.56818
3.18421
0.26712
0.617205
3.2226
0.077059
0.557549
3.17369
0.263343
0.577257
3.18497
0.0646365
0.517736
3.13084
0.277765
0.427368
3.03905
0.124771
0.561266
3.15878
0.419243
0.571896
3.17503
0.618298
0.578268
3.19384
0.273733
0.654552
3.25718
0.100043
0.526485
3.14083
0.269897
0.460066
3.07142
0.0944797
0.550499
3.14775
0.418445
0.531414
3.13591
0.617179
0.587424
3.20218
0.282927
0.687681
3.28734
0.132272
0.536293
3.15157
0.264758
0.496927
3.10758
0.0736694
0.539868
3.13723
0.414667
0.492181
3.09782
0.604858
0.595297
3.20894
0.294349
0.715306
3.31211
0.172067
0.546781
3.16267
0.262545
0.536548
3.14602
0.0635021
0.52978
3.12761
0.408054
0.45582
3.06247
0.582087
0.824518
2.97811
0.374892
0.870725
3.08645
0.536534
0.825305
2.98945
0.364598
0.881704
3.12599
0.499413
0.799813
2.86769
0.271252
0.740941
2.70636
0.168754
0.800006
2.86103
0.285132
0.73695
2.68316
0.218918
0.823278
2.96505
0.382759
0.857583
3.04099
0.564572
0.800115
2.87687
0.258928
0.747752
2.73867
0.124168
0.821632
2.95076
0.387899
0.842902
2.99155
0.582536
0.810468
2.96019
0.23799
0.830304
3.02665
0.0504029
0.808033
2.9456
0.234212
0.814151
2.97745
0.0368598
0.800902
2.88821
0.248634
0.75723
2.7787
0.0870718
0.819643
2.93579
0.390112
0.827363
2.94015
0.589915
0.81299
2.97374
0.244603
0.84589
3.07204
0.0735681
0.802142
2.90127
0.240767
0.76908
2.82466
0.0590042
0.817387
2.92072
0.389314
0.811646
2.88875
0.586658
0.8155
2.98573
0.253796
0.860284
3.11218
0.105456
0.803788
2.91556
0.235627
0.782892
2.87449
0.041007
0.814952
2.90613
0.385536
0.796368
2.83919
0.573083
0.817904
2.9957
0.265218
0.872904
3.14576
0.14498
0.805777
2.93053
0.233414
0.798123
2.92611
0.0336094
0.81243
2.89258
0.378923
0.782054
2.79323
0.549823
0.820108
3.00327
0.278428
0.883261
3.17163
0.190866
0.80992
2.88059
0.36973
0.769129
2.75244
0.517761
0.822027
3.00814
0.292919
0.890959
3.18874
0.241622
0.807516
2.87062
0.358308
0.757941
2.71826
0.478015
0.823589
3.01013
0.308135
0.895652
3.19627
0.295487
0.805312
2.86305
0.345098
0.748782
2.69199
0.431942
0.824732
3.00917
0.323489
0.897096
3.19366
0.350459
0.803393
2.85817
0.330607
0.741905
2.67468
0.381104
0.825414
3.00528
0.338394
0.895194
3.18074
0.404306
0.801831
2.85618
0.315391
0.737525
2.66718
0.327281
0.825607
2.99862
0.352274
0.889991
3.15789
0.454695
0.800688
2.85715
0.300036
0.735828
2.66997
0.272498
2.02584
2.92817
0.419001
2.03666
2.82434
0.589591
2.02139
2.94129
0.425614
2.02736
2.87268
0.613386
1.97816
3.02892
0.318506
1.9565
3.20883
0.233875
1.97995
3.02121
0.305295
1.96133
3.18166
0.187357
1.99593
2.97246
0.274289
1.99514
3.00291
0.0766216
2.00136
2.95815
0.273492
2.00559
2.94907
0.0737429
2.02954
2.91643
0.409807
2.04476
2.78162
0.556759
1.97745
3.03414
0.332997
1.95355
3.22674
0.284693
2.03233
2.90652
0.398386
2.05136
2.74608
0.51628
1.97784
3.03665
0.348212
1.95261
3.23479
0.337973
2.03412
2.8988
0.385175
2.0562
2.71892
0.469761
1.97931
3.03637
0.363567
1.95371
3.2327
0.391825
2.03484
2.89359
0.370684
2.05911
2.70102
0.418954
1.98182
3.03329
0.378471
1.9568
3.22048
0.444317
2.03445
2.89107
0.355469
2.05999
2.69298
0.365683
1.98526
3.02756
0.392352
1.96178
3.19848
0.493512
2.03297
2.89136
0.340114
2.05881
2.69506
0.311844
1.98951
3.01937
0.404676
1.96848
3.16738
0.537529
2.03046
2.89443
0.32521
2.05561
2.70726
0.259364
1.99439
3.00905
0.414969
1.97665
3.12825
0.574585
2.02702
2.90017
0.311329
2.05053
2.72925
0.210169
1.99973
2.99699
0.422837
1.98598
3.08251
0.60311
2.02278
2.90835
0.299005
2.04375
2.76033
0.166154
2.00531
2.98366
0.427976
1.99612
3.03195
0.621842
1.99089
2.98644
0.278067
1.98512
3.05504
0.090288
2.01789
2.91867
0.288712
2.03553
2.79947
0.129091
2.01092
2.96957
0.430189
2.00668
2.97865
0.629938
1.98644
2.99955
0.28468
1.97591
3.10338
0.114068
2.01256
2.93073
0.280844
2.02618
2.84521
0.100563
2.01635
2.95526
0.429392
2.01723
2.92482
0.627059
1.98275
3.01129
0.293874
1.96789
3.1461
0.146886
2.00698
2.94406
0.275705
2.01608
2.89577
0.0818359
2.63007
3.0312
0.338173
2.66166
2.83584
0.309217
2.63148
3.03068
0.353528
2.66237
2.83334
0.36372
2.60784
3.16447
0.402735
2.57448
3.30887
0.537034
2.60497
3.17323
0.390411
2.5682
3.34075
0.493284
2.62809
3.03463
0.323269
2.65903
2.84876
0.256233
2.611
3.15351
0.413029
2.58217
3.26919
0.573609
2.62562
3.04085
0.309389
2.65456
2.87161
0.206813
2.61431
3.14075
0.420896
2.59096
3.22325
0.601588
2.62275
3.04961
0.297065
2.6484
2.90353
0.162881
2.61767
3.1267
0.426035
2.60052
3.1728
0.619893
2.6039
3.13177
0.276127
2.59245
3.19874
0.0880234
2.60661
3.11717
0.272349
2.60221
3.14672
0.0745941
2.6196
3.06057
0.286771
2.64078
2.94331
0.126144
2.62093
3.1119
0.428249
2.61047
3.11982
0.627818
2.60162
3.14542
0.28274
2.58343
3.24717
0.111523
2.61628
3.07332
0.278904
2.63198
2.98939
0.0980495
2.62398
3.09691
0.427451
2.62042
3.06634
0.625069
2.59987
3.15759
0.291933
2.5755
3.29015
0.144165
2.61293
3.08737
0.273764
2.62238
3.03998
0.0796897
2.6267
3.08231
0.423673
2.63001
3.01441
0.611767
2.59871
3.16783
0.303355
2.56897
3.32604
0.184684
2.60966
3.10217
0.271551
2.61232
3.09311
0.0717742
2.62897
3.06866
0.41706
2.63887
2.96603
0.588434
2.59819
3.17572
0.316565
2.56409
3.3535
0.231519
2.63072
3.05648
0.407867
2.64667
2.92303
0.555976
2.59833
3.18098
0.331056
2.56102
3.37147
0.282869
2.63188
3.04625
0.396445
2.65313
2.88705
0.51563
2.59912
3.1834
0.346272
2.5599
3.37928
0.336786
2.6324
3.03835
0.383235
2.65801
2.85947
0.468929
2.60053
3.18288
0.361626
2.56076
3.37664
0.391206
2.63227
3.0331
0.368744
2.66113
2.84133
0.417646
2.60251
3.17945
0.376531
2.56356
3.36363
0.444046
3.37689
3.27742
0.310283
3.36169
3.41136
0.162531
3.37745
3.26012
0.297439
3.36709
3.36296
0.126216
3.38427
3.17722
0.284924
3.39368
3.13021
0.0907543
3.38679
3.15706
0.292113
3.40029
3.07338
0.110964
3.40283
3.16809
0.494443
3.39991
3.09947
0.68228
3.40129
3.18892
0.499716
3.39336
3.15775
0.697112
3.37686
3.29192
0.326241
3.35725
3.4518
0.207699
3.38199
3.19842
0.281823
3.38679
3.18986
0.082064
3.40389
3.14865
0.485207
3.40595
3.04513
0.656321
3.37736
3.30304
0.3447
3.35396
3.4827
0.25999
3.38005
3.21985
0.282931
3.37989
3.25004
0.0852235
3.40445
3.13135
0.472364
3.41127
2.99681
0.62019
3.37837
3.31038
0.36495
3.35193
3.50283
0.317365
3.40448
3.11685
0.456406
3.41565
2.95636
0.575222
3.37985
3.31364
0.386214
3.35124
3.5114
0.3776
3.40398
3.10573
0.437947
3.41893
2.92539
0.523125
3.38175
3.31271
0.407675
3.35194
3.50808
0.438346
3.40297
3.09839
0.417696
3.421
2.90512
0.465886
3.384
3.30761
0.428507
3.35398
3.49303
0.497218
3.40149
3.09512
0.396432
3.42174
2.89637
0.405719
3.3865
3.29855
0.44791
3.35728
3.46685
0.551929
3.39959
3.09606
0.374971
3.42113
2.8995
0.34498
3.38916
3.28587
0.465139
3.3617
3.43061
0.600396
3.39734
3.10116
0.354139
3.4192
2.91438
0.286035
3.39188
3.27005
0.479531
3.36706
3.38572
0.64079
3.39484
3.11022
0.334736
3.416
2.94044
0.231178
3.39455
3.25171
0.490533
3.37315
3.33393
0.671591
3.39218
3.12291
0.317508
3.41167
2.97662
0.182528
3.39707
3.23155
0.497723
3.37973
3.27722
0.691665
3.37852
3.24068
0.288203
3.37323
3.30849
0.100122
3.38946
3.13872
0.303116
3.40636
3.02151
0.141942
3.39935
3.21035
0.500823
3.38655
3.21775
0.700276
4.95641
3.29488
0.392071
4.99734
3.11135
0.323946
4.95878
3.28961
0.413142
5.00006
3.09627
0.382876
4.95253
3.46555
0.519916
4.94424
3.58365
0.681106
4.94978
3.48165
0.505421
4.93821
3.62868
0.640516
4.95382
3.30416
0.372466
4.99334
3.13752
0.269188
4.9552
3.4469
0.530965
4.95103
3.53168
0.712057
4.95109
3.31711
0.355082
4.98821
3.17372
0.220683
4.95768
3.42642
0.538144
4.95831
3.47474
0.732218
4.93772
3.43668
0.326001
4.94691
3.50537
0.138391
4.93913
3.41558
0.320556
4.95377
3.44684
0.123557
4.94834
3.33321
0.340587
4.98217
3.21857
0.180238
4.95989
3.40491
0.541177
4.96581
3.41498
0.740836
4.9368
3.45635
0.335453
4.94067
3.56
0.164451
4.94567
3.35186
0.329538
4.97545
3.27033
0.149355
4.96174
3.38318
0.539947
4.97322
3.35466
0.737569
4.9364
3.47383
0.348548
4.93527
3.60861
0.20079
4.94319
3.37234
0.322359
4.9683
3.32706
0.129177
4.96315
3.36208
0.534501
4.98027
3.29608
0.722519
4.93654
3.48845
0.364783
4.93092
3.64931
0.246064
4.94098
3.39385
0.319326
4.96098
3.38664
0.12046
4.96407
3.34241
0.52505
4.98667
3.24148
0.696232
4.93722
3.49965
0.383534
4.92779
3.68044
0.29853
4.96447
3.32493
0.511955
4.99216
3.19298
0.659682
4.9384
3.50699
0.404079
4.92602
3.70077
0.356141
4.96433
3.31031
0.49572
4.99652
3.15247
0.614259
4.94005
3.5102
0.425631
4.92567
3.70948
0.41665
4.96365
3.29911
0.476969
4.99957
3.12156
0.561727
4.94209
3.50915
0.44736
4.92678
3.70625
0.47768
4.96247
3.29177
0.456424
5.00121
3.10144
0.504128
4.94446
3.50388
0.468432
4.92931
3.69121
0.536837
4.96082
3.28856
0.434872
5.00137
3.09291
0.443719
4.94705
3.4946
0.488037
4.93317
3.665
0.591812
5.1784
3.43044
0.359229
5.37615
3.46029
0.357964
5.18024
3.41474
0.361748
5.37837
3.44198
0.360359
5.16645
3.39232
0.510265
5.36438
3.40761
0.534586
5.16376
3.40664
0.516894
5.36122
3.42379
0.543645
5.16282
3.50739
0.404651
5.35737
3.552
0.417275
5.16545
3.49928
0.391109
5.36052
3.54259
0.399686
5.17618
3.44628
0.359822
5.3735
3.47894
0.359111
5.16923
3.37962
0.500944
5.36758
3.39342
0.522524
5.16042
3.51268
0.419559
5.35456
3.55763
0.436481
5.17199
3.369
0.489288
5.37071
3.3818
0.507891
5.15833
3.51496
0.435261
5.35223
3.55921
0.456371
5.17462
3.3609
0.475746
5.37364
3.3732
0.491208
5.15664
3.51413
0.451152
5.35046
3.55673
0.476044
5.17703
3.3556
0.460837
5.37627
3.36801
0.47311
5.15542
3.51022
0.466622
5.34933
3.5504
0.494621
5.17911
3.35333
0.445136
5.37847
3.36643
0.454331
5.15471
3.50339
0.481077
5.34887
3.54062
0.511349
5.1808
3.35416
0.429245
5.38019
3.36848
0.435652
5.15453
3.49391
0.493961
5.34905
3.52792
0.525675
5.18203
3.35806
0.413774
5.38134
3.37406
0.417791
5.1549
3.48212
0.504779
5.34985
3.5129
0.537152
5.18274
3.36489
0.399319
5.38192
3.38288
0.401358
5.15581
3.46849
0.513115
5.35124
3.4961
0.5454
5.18291
3.37438
0.386436
5.38189
3.39453
0.386992
5.15721
3.45354
0.518649
5.35315
3.47817
0.55024
5.17368
3.46165
0.363503
5.37049
3.49724
0.363976
5.18254
3.38616
0.375618
5.38128
3.40858
0.375152
5.15905
3.43784
0.521168
5.35551
3.45973
0.55157
5.17099
3.47596
0.370132
5.36724
3.51446
0.372502
5.18164
3.3998
0.367282
5.38009
3.42459
0.366151
5.16126
3.42201
0.520575
5.35823
3.44138
0.549357
5.16821
3.48867
0.379453
5.36386
3.52984
0.384539
5.10741
3.42985
0.499038
5.18633
3.42878
0.315269
5.10593
3.44243
0.497019
5.18917
3.4045
0.319164
5.11698
3.46041
0.377964
5.16786
3.36982
0.548859
5.11914
3.44893
0.37265
5.1637
3.39196
0.559114
5.12552
3.39935
0.37568
5.15139
3.48762
0.55327
5.12624
3.38842
0.382362
5.14999
3.5087
0.540382
5.10918
3.41716
0.498563
5.18291
3.45327
0.316188
5.11476
3.47059
0.385436
5.17215
3.35017
0.534446
5.12439
3.41133
0.371243
5.15355
3.4645
0.561829
5.11119
3.40483
0.495612
5.17904
3.47704
0.321879
5.11255
3.4791
0.39478
5.17642
3.33376
0.516418
5.12292
3.42391
0.369224
5.1564
3.44023
0.565726
5.11334
3.39336
0.490298
5.17488
3.49918
0.332131
5.11044
3.4856
0.405636
5.18049
3.32122
0.495471
5.12114
3.43661
0.369699
5.15983
3.41574
0.564809
5.11557
3.38317
0.482826
5.17058
3.51883
0.346548
5.10851
3.48984
0.417586
5.18421
3.31303
0.472418
5.11778
3.37467
0.473482
5.16632
3.53524
0.364582
5.10683
3.49167
0.430173
5.18744
3.30951
0.448132
5.11989
3.36817
0.462627
5.16224
3.54778
0.385525
5.10548
3.491
0.442912
5.19005
3.3108
0.423556
5.12182
3.36392
0.450676
5.15851
3.55597
0.408579
5.1045
3.48787
0.455313
5.19195
3.31684
0.399625
5.1235
3.3621
0.438089
5.15529
3.55949
0.432866
5.10393
3.4824
0.4669
5.19304
3.3274
0.377271
5.12485
3.36277
0.42535
5.15268
3.5582
0.457442
5.10379
3.47479
0.477228
5.19331
3.34207
0.357345
5.12583
3.3659
0.412949
5.15079
3.55216
0.481369
5.10409
3.46534
0.4859
5.19273
3.3603
0.340615
5.1264
3.37137
0.401362
5.14968
3.54161
0.503721
5.10481
3.45442
0.492583
5.19133
3.38137
0.327724
5.12654
3.37898
0.391034
5.14942
3.52693
0.523649
