-0.410797
5.74846
0.052474
-0.469613
5.6778
-0.12514
-0.271703
5.91559
0.052474
-0.391435
5.77173
-0.0180095
-0.214831
5.86826
0.072301
-0.268636
5.68124
0.0261825
-0.353925
5.70113
0.072301
-0.344483
5.57365
-0.081518
-0.173197
5.83361
0.126467
-0.181899
5.63405
0.136454
-0.312291
5.66648
0.126467
-0.252877
5.49742
0.0376589
-0.157958
5.82093
0.200459
-0.152932
5.63387
0.271053
-0.297052
5.6538
0.200459
-0.219351
5.46951
0.200459
-0.173197
5.83361
0.274451
-0.180169
5.67371
0.39438
-0.312291
5.66648
0.274451
-0.252877
5.49742
0.363259
-0.214831
5.86826
0.328617
-0.250997
5.74255
0.479908
-0.353925
5.70113
0.328617
-0.344483
5.57365
0.482436
-0.271703
5.91559
0.348443
-0.346738
5.82544
0.510435
-0.410797
5.74846
0.348443
-0.469613
5.6778
0.526057
-0.328576
5.96292
0.328617
-0.445628
5.90454
0.479911
-0.46767
5.7958
0.328617
-0.594743
5.78194
0.482436
-0.370209
5.99757
0.274451
-0.526186
5.96169
0.394382
-0.509303
5.83045
0.274451
-0.686347
5.85818
0.363258
-0.385448
6.01026
0.200459
-0.570311
5.98124
0.271055
-0.524542
5.84313
0.200459
-0.719875
5.88608
0.200459
-0.370209
5.99757
0.126467
-0.564874
5.95279
0.136454
-0.509303
5.83045
0.126467
-0.686347
5.85818
0.0376602
-0.368139
6.03106
0.200459
-0.179394
6.04266
0.265579
-0.3529
6.01837
0.126467
-0.195115
6.03953
0.247531
-0.328576
5.96292
0.072301
-0.502724
5.87606
0.0261801
-0.46767
5.7958
0.072301
-0.594743
5.78194
-0.0815183
-0.3529
6.01837
0.274451
-0.154717
6.04494
0.270245
-0.311266
5.98372
0.328617
-0.137601
6.05484
0.259462
-0.317535
5.97619
0.328617
-0.240674
5.91222
0.155412
-0.359169
6.01084
0.274451
-0.226039
5.90004
0.174451
-0.197521
5.88906
0.072301
-0.172024
6.01101
0.228751
-0.155887
5.85441
0.126467
-0.163739
6.01341
0.247533
-0.254394
5.93639
0.052474
-0.18547
6.01921
0.220971
-0.254394
5.93639
0.348443
-0.142741
6.07055
0.25079
-0.197521
5.88906
0.328617
-0.159118
6.07275
0.259461
-0.33522
5.96667
0.341612
-0.482059
5.89343
0.455953
-0.381075
6.00483
0.281954
-0.56506
5.9625
0.347968
-0.140648
5.84173
0.200459
-0.163505
6.02944
0.265579
-0.128238
5.83318
0.200459
0.0693432
5.86419
0.200459
-0.145022
5.84715
0.118964
0.0389628
5.88948
0.0529501
-0.36201
6.02774
0.118964
-0.353786
6.21635
0.0529518
-0.378794
6.04171
0.200459
-0.384166
6.24164
0.200459
-0.272581
5.91454
0.363448
-0.368684
5.79907
0.495473
-0.190877
5.88531
0.059306
-0.0440381
5.95856
-0.0550353
-0.36201
6.02774
0.281954
-0.353786
6.21635
0.347966
-0.209942
5.86241
0.341612
-0.25531
5.70471
0.455949
-0.253516
5.93745
0.03747
-0.157413
6.05292
-0.0945553
-0.316155
5.98958
0.341612
-0.270786
6.14728
0.455944
-0.164087
5.82424
0.281954
-0.172311
5.63563
0.347966
-0.33522
5.96667
0.059306
-0.482059
5.89343
-0.0550353
-0.272581
5.91454
0.03747
-0.368684
5.79907
-0.0945553
-0.253516
5.93745
0.363448
-0.157408
6.05292
0.495465
-0.311266
5.98372
0.072301
-0.195966
6.03094
0.22875
-0.155887
5.85441
0.274451
-0.165749
6.05412
0.270244
-0.397859
6.0188
0.200459
-0.59544
5.98779
0.200459
-0.190877
5.88531
0.341612
-0.044035
5.95856
0.455948
-0.145022
5.84715
0.281954
0.0389628
5.88948
0.347968
-0.147303
5.81028
0.200459
-0.141931
5.61035
0.200459
-0.316155
5.98958
0.059306
-0.270787
6.14727
-0.0550311
-0.209942
5.86241
0.059306
-0.25531
5.70471
-0.0550311
-0.164087
5.82424
0.118964
-0.172311
5.63563
0.0529518
-0.381075
6.00483
0.118964
-0.56506
5.9625
0.0529501
-0.162157
5.84688
0.274451
-0.295287
5.95767
0.174451
-0.20379
5.88153
0.328617
-0.280651
5.9455
0.155412
-0.317535
5.97619
0.072301
-0.240674
5.91222
0.245506
-0.260663
5.92886
0.052474
-0.260663
5.92886
0.252474
-0.20379
5.88153
0.072301
-0.280651
5.9455
0.245506
-0.162157
5.84688
0.126467
-0.295287
5.95767
0.226467
-0.374408
6.02352
0.200459
-0.220686
5.89558
0.200459
-0.260663
5.92886
0.348443
-0.260663
5.92886
0.148443
-0.146918
5.83419
0.200459
-0.30064
5.96214
0.200459
-0.359169
6.01084
0.126467
-0.226039
5.90004
0.226467
-0.410797
5.74846
-0.052474
-0.469613
5.6778
0.12514
-0.353925
5.70113
-0.072301
-0.344483
5.57365
0.081518
-0.214831
5.86826
-0.072301
-0.250997
5.74255
0.0789897
-0.271703
5.91559
-0.052474
-0.346738
5.82544
0.109518
-0.312291
5.66648
-0.126467
-0.252877
5.49742
-0.0376589
-0.173197
5.83361
-0.126467
-0.180169
5.67371
-0.00653789
-0.297052
5.6538
-0.200459
-0.219351
5.46951
-0.200459
-0.157958
5.82093
-0.200459
-0.152932
5.63387
-0.129865
-0.312291
5.66648
-0.274451
-0.252877
5.49742
-0.363259
-0.173197
5.83361
-0.274451
-0.181899
5.63405
-0.264464
-0.353925
5.70113
-0.328617
-0.344483
5.57365
-0.482436
-0.214831
5.86826
-0.328617
-0.268636
5.68124
-0.374736
-0.410797
5.74846
-0.348443
-0.469613
5.6778
-0.526057
-0.271703
5.91559
-0.348443
-0.391435
5.77173
-0.418927
-0.46767
5.7958
-0.328617
-0.594743
5.78194
-0.482436
-0.328576
5.96292
-0.328617
-0.502724
5.87606
-0.374738
-0.509303
5.83045
-0.274451
-0.686347
5.85818
-0.363258
-0.370209
5.99757
-0.274451
-0.564874
5.95279
-0.264464
-0.524542
5.84313
-0.200459
-0.719875
5.88608
-0.200459
-0.385448
6.01026
-0.200459
-0.570311
5.98124
-0.129863
-0.509303
5.83045
-0.126467
-0.686347
5.85818
-0.0376602
-0.370209
5.99757
-0.126467
-0.526186
5.96169
-0.00653566
-0.368139
6.03106
-0.200459
-0.179394
6.04266
-0.135339
-0.3529
6.01837
-0.126467
-0.154717
6.04494
-0.130673
-0.46767
5.7958
-0.072301
-0.594743
5.78194
0.0815183
-0.328576
5.96292
-0.072301
-0.445628
5.90454
0.0789932
-0.3529
6.01837
-0.274451
-0.195115
6.03953
-0.153387
-0.359169
6.01084
-0.274451
-0.226039
5.90004
-0.174451
-0.317535
5.97619
-0.328617
-0.240674
5.91222
-0.155412
-0.311266
5.98372
-0.328617
-0.195966
6.03094
-0.172168
-0.197521
5.88906
-0.072301
-0.159117
6.07275
-0.14145
-0.155887
5.85441
-0.126467
-0.165749
6.05412
-0.130674
-0.254394
5.93639
-0.052474
-0.142737
6.07055
-0.150114
-0.254394
5.93639
-0.348443
-0.18547
6.01921
-0.179946
-0.197521
5.88906
-0.328617
-0.172024
6.01101
-0.172167
-0.381075
6.00483
-0.281954
-0.56506
5.9625
-0.347968
-0.33522
5.96667
-0.341612
-0.482059
5.89343
-0.455953
-0.145022
5.84715
-0.118964
0.0389628
5.88948
-0.0529501
-0.128238
5.83318
-0.200459
0.0693432
5.86419
-0.200459
-0.140648
5.84173
-0.200459
-0.163505
6.02944
-0.135339
-0.378794
6.04171
-0.200459
-0.384166
6.24164
-0.200459
-0.36201
6.02774
-0.118964
-0.353786
6.21635
-0.0529518
-0.272581
5.91454
-0.363448
-0.368684
5.79907
-0.495473
-0.190877
5.88531
-0.059306
-0.0440381
5.95856
0.0550353
-0.36201
6.02774
-0.281954
-0.353786
6.21635
-0.347966
-0.209942
5.86241
-0.341612
-0.25531
5.70471
-0.455949
-0.253516
5.93745
-0.03747
-0.157413
6.05292
0.0945553
-0.316155
5.98958
-0.341612
-0.270787
6.14727
-0.455949
-0.164087
5.82424
-0.281954
-0.172311
5.63563
-0.347966
-0.272581
5.91454
-0.03747
-0.368684
5.79907
0.0945553
-0.33522
5.96667
-0.059306
-0.482059
5.89343
0.0550353
-0.253516
5.93745
-0.363448
-0.157413
6.05292
-0.495473
-0.311266
5.98372
-0.072301
-0.137598
6.05484
-0.141448
-0.155887
5.85441
-0.274451
-0.163739
6.01341
-0.153385
-0.397859
6.0188
-0.200459
-0.59544
5.98779
-0.200459
-0.190877
5.88531
-0.341612
-0.0440381
5.95856
-0.455953
-0.145022
5.84715
-0.281954
0.0389628
5.88948
-0.347968
-0.147303
5.81028
-0.200459
-0.141931
5.61035
-0.200459
-0.316155
5.98958
-0.059306
-0.270787
6.14727
0.0550311
-0.209942
5.86241
-0.059306
-0.25531
5.70471
0.0550311
-0.164087
5.82424
-0.118964
-0.172311
5.63563
-0.0529518
-0.381075
6.00483
-0.118964
-0.56506
5.9625
-0.0529501
-0.20379
5.88153
-0.328617
-0.280651
5.9455
-0.155412
-0.162157
5.84688
-0.274451
-0.295287
5.95767
-0.174451
-0.260663
5.92886
-0.052474
-0.260663
5.92886
-0.252474
-0.317535
5.97619
-0.072301
-0.240674
5.91222
-0.245506
-0.162157
5.84688
-0.126467
-0.295287
5.95767
-0.226467
-0.20379
5.88153
-0.072301
-0.280651
5.9455
-0.245506
-0.374408
6.02352
-0.200459
-0.220686
5.89558
-0.200459
-0.260663
5.92886
-0.348443
-0.260663
5.92886
-0.148443
-0.146918
5.83419
-0.200459
-0.30064
5.96214
-0.200459
-0.359169
6.01084
-0.126467
-0.226039
5.90004
-0.226467
