-0.20379
5.88153
0.072301
-0.0758476
6.03525
0.072301
-0.260663
5.92886
0.052474
-0.132721
6.08258
0.052474
-0.317535
5.97619
0.072301
-0.189593
6.12991
0.072301
-0.359169
6.01084
0.126467
-0.231227
6.16456
0.126467
-0.374408
6.02352
0.200459
-0.246466
6.17725
0.200459
-0.359169
6.01084
0.274451
-0.231227
6.16456
0.274451
-0.317535
5.97619
0.328617
-0.189593
6.12991
0.328617
-0.260663
5.92886
0.348443
-0.132721
6.08258
0.348443
-0.20379
5.88153
0.328617
-0.0758476
6.03525
0.328617
-0.162157
5.84688
0.274451
-0.0342146
6.0006
0.274451
-0.146918
5.83419
0.200459
-0.0189756
5.98792
0.200459
-0.162157
5.84688
0.126467
-0.0342146
6.0006
0.126467
-0.20379
5.88153
-0.072301
-0.0758476
6.03525
-0.072301
-0.162157
5.84688
-0.126467
-0.0342146
6.0006
-0.126467
-0.146918
5.83419
-0.200459
-0.0189756
5.98792
-0.200459
-0.162157
5.84688
-0.274451
-0.0342146
6.0006
-0.274451
-0.20379
5.88153
-0.328617
-0.0758476
6.03525
-0.328617
-0.260663
5.92886
-0.348443
-0.132721
6.08258
-0.348443
-0.317535
5.97619
-0.328617
-0.189593
6.12991
-0.328617
-0.359169
6.01084
-0.274451
-0.231227
6.16456
-0.274451
-0.374408
6.02352
-0.200459
-0.246466
6.17725
-0.200459
-0.359169
6.01084
-0.126467
-0.231227
6.16456
-0.126467
-0.317535
5.97619
-0.072301
-0.189593
6.12991
-0.072301
-0.260663
5.92886
-0.052474
-0.132721
6.08258
-0.052474
