-1.12128
5.47889
-0.287603
-1.32128
5.47889
-0.287603
-1.12128
5.42207
-0.282158
-1.32128
5.42207
-0.282158
-1.12128
5.36744
-0.266032
-1.32128
5.36744
-0.266032
-1.12128
5.31709
-0.239844
-1.32128
5.31709
-0.239844
-1.12128
5.27296
-0.204601
-1.32128
5.27296
-0.204601
-1.12128
5.23675
-0.161658
-1.32128
5.23675
-0.161658
-1.12128
5.20983
-0.112664
-1.32128
5.20983
-0.112664
-1.12128
5.19326
-0.059502
-1.32128
5.19326
-0.059502
-1.12128
5.18767
-0.004216
-1.32128
5.18767
-0.004216
-1.12128
5.19326
0.05107
-1.32128
5.19326
0.05107
-1.12128
5.20983
0.104232
-1.32128
5.20983
0.104232
-1.12128
5.23675
0.153226
-1.32128
5.23675
0.153226
-1.12128
5.27296
0.196169
-1.32128
5.27296
0.196169
-1.12128
5.31709
0.231412
-1.32128
5.31709
0.231412
-1.12128
5.36744
0.2576
-1.32128
5.36744
0.2576
-1.12128
5.42207
0.273726
-1.32128
5.42207
0.273726
-1.12128
5.47889
0.279172
-1.32128
5.47889
0.279172
-1.12128
5.5357
0.273726
-1.32128
5.5357
0.273726
-1.12128
5.59033
0.2576
-1.32128
5.59033
0.2576
-1.12128
5.64068
0.231412
-1.32128
5.64068
0.231412
-1.12128
5.68481
0.196169
-1.32128
5.68481
0.196169
-1.12128
5.72103
0.153226
-1.32128
5.72103
0.153226
-1.12128
5.74794
0.104232
-1.32128
5.74794
0.104232
-1.12128
5.76451
0.05107
-1.32128
5.76451
0.05107
-1.12128
5.7701
-0.004216
-1.32128
5.7701
-0.004216
-1.12128
5.76451
-0.059502
-1.32128
5.76451
-0.059502
-1.12128
5.74794
-0.112664
-1.32128
5.74794
-0.112664
-1.12128
5.72102
-0.161658
-1.32128
5.72102
-0.161658
-1.12128
5.68481
-0.204601
-1.32128
5.68481
-0.204601
-1.12128
5.64068
-0.239844
-1.32128
5.64068
-0.239844
-1.12128
5.59033
-0.266032
-1.32128
5.59033
-0.266032
-1.12128
5.5357
-0.282158
-1.32128
5.5357
-0.282158
