-1.63532
4.72688
-0
-1.64889
4.92642
0
-1.63532
4.72688
0.235701
-1.6475
4.90227
0.331044
-1.2837
4.71226
0.235701
-1.24648
4.88489
0.32958
-1.2837
4.71226
-0
-1.24278
4.90803
0
-1.98152
4.52063
0.329854
-2.01232
4.63087
0.493861
-1.98501
4.66422
0.235701
-2.03484
4.83473
0.327576
-2.32077
4.52496
0.235701
-2.43372
4.67591
0.302461
-2.37438
4.38209
0.329591
-2.49781
4.50224
0.431225
-1.98501
4.66422
-0
-2.04968
4.85347
0
-2.33776
4.50824
-0
-2.4711
4.65731
0
-1.62836
4.57912
0.329854
-1.64594
4.59075
0.528739
-2.42649
4.38209
-0
-2.60055
4.48059
0
-0.90562
4.56535
0.235701
-0.816458
4.71828
0.328773
-0.90562
4.56535
-0
-0.806818
4.73924
0
-1.5991
4.61528
-0
-1.61194
4.4157
0
-1.25444
4.57407
-0
-1.29946
4.3792
3.78268e-10
-1.25444
4.57407
0.330536
-1.27691
4.47889
0.504995
-0.919545
4.41236
0.329854
-0.973993
4.32885
0.503238
-0.890289
4.44852
-0
-0.99654
4.27908
-3.803e-10
-0.592262
4.18074
-0
-0.738371
4.04417
-7.5508e-10
-0.621518
4.14457
0.332729
-0.700544
4.07459
0.502603
-0.437662
3.90997
0.329854
-0.526548
3.8605
0.502052
-0.408406
3.94613
-0
-0.581345
3.84567
0
-0.287195
3.65018
-0
-0.480504
3.59888
0
-0.316452
3.61402
0.329854
-0.40639
3.59143
0.507057
-0.569317
4.30285
0.235701
-0.444668
4.42775
0.329844
-0.569317
4.30285
-0
-0.429159
4.44552
0
-0.197028
3.44768
0.232087
-0.0107768
3.46026
0.303865
-0.271515
3.27146
0.329959
-0.351892
3.27082
0.513096
-0.29175
2.92389
0.330275
-0.16833
2.82999
0.456569
-0.191564
3.02625
0.224862
-0.00237027
2.98892
0.277892
-0.391766
4.08352
-0
-0.223154
4.19108
0
-0.391766
4.08352
0.2357
-0.240933
4.17751
0.327438
-0.247636
3.789
0.2357
-0.07314
3.84055
0.318725
-0.247636
3.789
-0
-0.0566391
3.84833
0
-0.262494
2.86324
-0
-0.321016
2.672
0
-0.191564
3.02625
-0
-0.00413509
2.95646
0
-0.242259
3.30762
-0
-0.442102
3.2997
0
-0.197028
3.44768
-0
0.0023305
3.46369
0
-1.2837
4.71226
-0.235701
-1.24648
4.88489
-0.32958
-1.63532
4.72688
-0.235701
-1.6475
4.90227
-0.331044
-1.98152
4.52063
-0.329854
-2.01232
4.63087
-0.493861
-2.37438
4.38209
-0.329592
-2.49781
4.50224
-0.431226
-2.32077
4.52496
-0.235701
-2.43372
4.67591
-0.302461
-1.98501
4.66422
-0.235701
-2.03484
4.83473
-0.327576
-1.62836
4.57912
-0.329854
-1.64594
4.59075
-0.528739
-0.90562
4.56535
-0.235701
-0.816458
4.71828
-0.328773
-1.25444
4.57407
-0.330536
-1.27691
4.47889
-0.504995
-0.919545
4.41236
-0.329854
-0.973993
4.32885
-0.503238
-0.621518
4.14457
-0.332729
-0.700544
4.07459
-0.502603
-0.437662
3.90997
-0.329854
-0.526548
3.8605
-0.502052
-0.316452
3.61402
-0.329854
-0.40639
3.59143
-0.507057
-0.569317
4.30285
-0.235701
-0.444668
4.42775
-0.329844
-0.197028
3.44768
-0.232088
-0.0107768
3.46026
-0.303866
-0.191564
3.02625
-0.224862
-0.00237027
2.98892
-0.277892
-0.29175
2.92389
-0.330275
-0.16833
2.82999
-0.456569
-0.271515
3.27146
-0.329959
-0.351892
3.27082
-0.513096
-0.247636
3.789
-0.235701
-0.07314
3.84055
-0.318726
-0.391766
4.08352
-0.235701
-0.240933
4.17751
-0.327439
