3.34828
3.33388
-0.411694
3.39082
3.25484
-0.59042
2.64958
4.49879
-0.411694
2.60704
4.57783
-0.59042
2.66564
4.50744
-0.409986
2.65168
4.60325
-0.584983
3.36434
3.34253
-0.409986
3.43565
3.28038
-0.586203
2.68109
4.51575
-0.404928
2.6947
4.62776
-0.570055
3.37979
3.35084
-0.404928
3.47926
3.30521
-0.572332
2.69532
4.52341
-0.396716
2.73467
4.65055
-0.546001
3.39402
3.3585
-0.396716
3.52013
3.3285
-0.549026
2.7078
4.53012
-0.385663
2.77015
4.67079
-0.513437
3.4065
3.36521
-0.385663
3.5567
3.34934
-0.516773
2.71804
4.53563
-0.372195
2.7997
4.68765
-0.473292
3.41674
3.37072
-0.372195
3.58738
3.36684
-0.476433
2.72565
4.53973
-0.35683
2.82198
4.70038
-0.426903
3.42435
3.37482
-0.35683
3.61066
3.38012
-0.429347
2.73033
4.54225
-0.340158
2.83586
4.70831
-0.376038
3.42904
3.37734
-0.340158
3.62523
3.38842
-0.377374
2.73191
4.5431
-0.322819
2.84058
4.711
-0.322819
3.43062
3.37819
-0.322819
3.63019
3.39124
-0.322819
2.73033
4.54225
-0.305481
2.83586
4.70831
-0.269601
3.42904
3.37734
-0.305481
3.62523
3.38842
-0.268265
2.72565
4.53973
-0.288809
2.82198
4.70038
-0.218736
3.42435
3.37482
-0.288809
3.61066
3.38012
-0.216292
2.71804
4.53563
-0.273443
2.7997
4.68765
-0.172346
3.41674
3.37072
-0.273443
3.58738
3.36684
-0.169205
2.7078
4.53012
-0.259976
2.77015
4.67079
-0.132202
3.4065
3.36521
-0.259976
3.5567
3.34934
-0.128866
2.69532
4.52341
-0.248923
2.73467
4.65055
-0.0996378
3.39402
3.3585
-0.248923
3.52013
3.3285
-0.0966127
2.68109
4.51575
-0.24071
2.6947
4.62776
-0.0755829
3.37979
3.35084
-0.24071
3.47926
3.30521
-0.0733063
2.66564
4.50744
-0.235653
2.65168
4.60325
-0.0606557
3.36434
3.34253
-0.235653
3.43565
3.28038
-0.0594363
2.64958
4.49879
-0.233945
2.60704
4.57783
-0.0552185
3.34828
3.33388
-0.233945
3.39082
3.25484
-0.0552185
2.63351
4.49015
-0.235653
2.5622
4.5523
-0.0594363
3.33222
3.32524
-0.235653
3.34618
3.22942
-0.0606557
2.61807
4.48184
-0.24071
2.5186
4.52746
-0.0733063
3.31677
3.31693
-0.24071
3.30316
3.20491
-0.0755829
2.60383
4.47418
-0.248923
2.47773
4.50418
-0.0966127
3.30254
3.30927
-0.248923
3.26318
3.18212
-0.0996378
2.59136
4.46746
-0.259976
2.44116
4.48334
-0.128866
3.29006
3.30255
-0.259976
3.22771
3.16189
-0.132202
2.58112
4.46195
-0.273443
2.41047
4.46584
-0.169212
3.27982
3.29704
-0.273443
3.19815
3.14502
-0.172353
2.57351
4.45786
-0.288809
2.38719
4.45256
-0.2163
3.27221
3.29295
-0.288809
3.17587
3.13229
-0.218743
2.56882
4.45534
-0.305481
2.37263
4.44426
-0.268265
3.26752
3.29043
-0.305481
3.16199
3.12437
-0.269601
2.56724
4.45449
-0.322819
2.36767
4.44143
-0.322819
3.26594
3.28958
-0.322819
3.15728
3.12167
-0.322819
2.56882
4.45534
-0.340158
2.37263
4.44426
-0.377374
3.26752
3.29043
-0.340158
3.16199
3.12437
-0.376038
2.57351
4.45786
-0.35683
2.38719
4.45256
-0.429347
3.27221
3.29295
-0.35683
3.17587
3.1323
-0.426903
2.58112
4.46195
-0.372195
2.41047
4.46584
-0.476433
3.27982
3.29704
-0.372195
3.19815
3.14502
-0.473292
2.59136
4.46746
-0.385663
2.44116
4.48334
-0.516773
3.29006
3.30255
-0.385663
3.22771
3.16189
-0.513437
2.60383
4.47418
-0.396716
2.47773
4.50418
-0.549026
3.30254
3.30927
-0.396716
3.26318
3.18212
-0.546001
2.61807
4.48184
-0.404928
2.5186
4.52746
-0.572332
3.31677
3.31693
-0.404928
3.30316
3.20491
-0.570055
2.63351
4.49015
-0.409986
2.5622
4.5523
-0.586203
3.33222
3.32524
-0.409986
3.34618
3.22942
-0.584983
