-1.65169
3.14504
-0.403107
-1.68948
3.06361
-0.581827
-0.49358
5.64089
-0.403107
-0.455795
5.72232
-0.581827
-0.478102
5.63371
-0.401461
-0.409299
5.70075
-0.576879
-1.63621
3.13786
-0.401461
-1.64298
3.04204
-0.57688
-0.463219
5.6268
-0.396584
-0.364454
5.67994
-0.562179
-1.62133
3.13096
-0.396584
-1.59814
3.02122
-0.562176
-0.449503
5.62044
-0.388666
-0.322898
5.66066
-0.538176
-1.60761
3.12459
-0.388666
-1.55659
3.00193
-0.53817
-0.437481
5.61486
-0.378009
-0.286211
5.64365
-0.505637
-1.59559
3.11901
-0.378009
-1.51991
2.98491
-0.505633
-0.427615
5.61028
-0.365023
-0.255873
5.62958
-0.465683
-1.58573
3.11443
-0.365023
-1.48958
2.97083
-0.465681
-0.420283
5.60688
-0.350208
-0.233164
5.61905
-0.419768
-1.5784
3.11103
-0.350208
-1.46687
2.96029
-0.419767
-0.415769
5.60478
-0.334133
-0.219103
5.61252
-0.369668
-1.57388
3.10894
-0.334133
-1.45281
2.95376
-0.369667
-0.414244
5.60408
-0.317415
-0.214341
5.61032
-0.317415
-1.57236
3.10823
-0.317415
-1.44805
2.95156
-0.317415
-0.415769
5.60478
-0.300697
-0.219103
5.61252
-0.265162
-1.57388
3.10894
-0.300697
-1.45281
2.95376
-0.265163
-0.420283
5.60688
-0.284622
-0.233164
5.61905
-0.215062
-1.5784
3.11103
-0.284622
-1.46687
2.96029
-0.215063
-0.427615
5.61028
-0.269807
-0.255873
5.62958
-0.169147
-1.58573
3.11443
-0.269807
-1.48958
2.97083
-0.169149
-0.437481
5.61486
-0.256822
-0.286211
5.64365
-0.129194
-1.59559
3.11901
-0.256822
-1.51991
2.98491
-0.129198
-0.449503
5.62044
-0.246165
-0.322898
5.66066
-0.0966554
-1.60761
3.12459
-0.246165
-1.55659
3.00193
-0.0966612
-0.463219
5.6268
-0.238246
-0.364454
5.67994
-0.0726508
-1.62133
3.13096
-0.238246
-1.59814
3.02122
-0.0726537
-0.478102
5.63371
-0.23337
-0.409299
5.70075
-0.0579521
-1.63621
3.13786
-0.233369
-1.64298
3.04204
-0.0579502
-0.49358
5.64089
-0.231723
-0.455795
5.72232
-0.0530028
-1.65169
3.14504
-0.231723
-1.68948
3.06361
-0.0530028
-0.509057
5.64807
-0.23337
-0.502288
5.7439
-0.0579512
-1.66717
3.15223
-0.233369
-1.73597
3.08518
-0.0579511
-0.52394
5.65498
-0.238246
-0.547129
5.76471
-0.0726537
-1.68205
3.15913
-0.238246
-1.78082
3.10599
-0.0726508
-0.537656
5.66134
-0.246165
-0.588679
5.784
-0.0966612
-1.69577
3.1655
-0.246165
-1.82237
3.12527
-0.0966554
-0.549678
5.66692
-0.256822
-0.62536
5.80103
-0.129198
-1.70779
3.17107
-0.256822
-1.85906
3.14229
-0.129194
-0.559544
5.6715
-0.269807
-0.655695
5.8151
-0.169149
-1.71766
3.17565
-0.269807
-1.8894
3.15636
-0.169147
-0.566876
5.6749
-0.284622
-0.678396
5.82564
-0.215055
-1.72499
3.17905
-0.284622
-1.9121
3.16689
-0.215054
-0.57139
5.67699
-0.300698
-0.692458
5.83217
-0.265155
-1.7295
3.18115
-0.300698
-1.92617
3.17341
-0.265155
-0.572915
5.6777
-0.317415
-0.697226
5.83438
-0.317415
-1.73103
3.18186
-0.317415
-1.93093
3.17562
-0.317415
-0.57139
5.67699
-0.334133
-0.692458
5.83217
-0.369676
-1.7295
3.18115
-0.334133
-1.92617
3.17341
-0.369676
-0.566876
5.6749
-0.350208
-0.678396
5.82564
-0.419775
-1.72499
3.17905
-0.350208
-1.9121
3.16689
-0.419776
-0.559544
5.6715
-0.365023
-0.655695
5.8151
-0.465681
-1.71766
3.17565
-0.365023
-1.8894
3.15636
-0.465683
-0.549678
5.66692
-0.378009
-0.62536
5.80103
-0.505633
-1.70779
3.17107
-0.378009
-1.85906
3.14229
-0.505637
-0.537656
5.66134
-0.388666
-0.588679
5.784
-0.53817
-1.69577
3.1655
-0.388666
-1.82237
3.12527
-0.538176
-0.52394
5.65498
-0.396585
-0.547129
5.76471
-0.562177
-1.68205
3.15913
-0.396585
-1.78082
3.10599
-0.56218
-0.509057
5.64807
-0.401461
-0.502288
5.7439
-0.57688
-1.66717
3.15223
-0.401461
-1.73597
3.08518
-0.576879
