-0.83707
5.41173
0.358909
-0.906677
5.53003
0.213443
-0.663943
5.38656
0.244833
-0.633862
5.51237
0.0923034
-0.663943
5.35974
0.234294
-0.661148
5.35974
0.0343135
-0.83707
5.35974
0.338477
-0.923737
5.35974
0.15823
-0.83707
5.26969
0.414729
-0.871012
5.08722
0.340208
-0.663943
5.31329
0.273626
-0.582484
5.14413
0.204711
-0.663943
5.30611
0.312958
-0.537409
5.15123
0.311615
-0.83707
5.25576
0.49098
-0.834641
5.05578
0.490123
-0.663943
5.31329
0.352289
-0.505275
5.19971
0.396138
-0.83707
5.26969
0.567232
-0.804147
5.08644
0.640281
-0.663943
5.33292
0.381082
-0.486162
5.27339
0.450726
-0.83707
5.30775
0.623052
-0.782551
5.18543
0.771596
-0.663943
5.35974
0.391621
-0.479802
5.35974
0.469673
-0.83707
5.35974
0.643483
-0.773622
5.35974
0.833152
-0.663943
5.38656
0.381082
-0.486162
5.44608
0.450726
-0.83707
5.41173
0.623052
-0.782551
5.53405
0.771596
-0.663943
5.40619
0.352289
-0.505275
5.51977
0.396138
-0.83707
5.44979
0.567232
-0.804146
5.63304
0.640276
-0.663943
5.41337
0.312958
-0.537409
5.56825
0.311615
-0.83707
5.46372
0.49098
-0.834641
5.6637
0.490123
-0.663943
5.40619
0.273626
-0.582484
5.57535
0.204711
-0.83707
5.44979
0.414729
-0.871012
5.63226
0.340212
-0.663943
5.33292
0.244833
-0.633873
5.2071
0.0923021
-0.83707
5.30775
0.358908
-0.906682
5.18945
0.213443
-0.876006
5.31265
0.371361
-1.01873
5.22433
0.262594
-0.876006
5.35974
0.352856
-1.02439
5.35974
0.218757
-0.892134
5.33164
0.419598
-1.08216
5.29147
0.371871
-0.892134
5.35974
0.408555
-1.08424
5.35974
0.352928
-0.876006
5.27818
0.421918
-1.01002
5.14061
0.366111
-0.892134
5.31107
0.449767
-1.07815
5.24275
0.422718
-0.876006
5.26556
0.49098
-1.00654
5.11404
0.49098
-0.892134
5.30354
0.49098
-1.07622
5.22536
0.49098
-0.876006
5.27818
0.560042
-1.01002
5.14061
0.615849
-0.892134
5.31107
0.532193
-1.07815
5.24275
0.559242
-0.876006
5.31265
0.610599
-1.01873
5.22433
0.719366
-0.892134
5.33164
0.562363
-1.08216
5.29147
0.61009
-0.876006
5.35974
0.629104
-1.02439
5.35974
0.763204
-0.892134
5.35974
0.573405
-1.08424
5.35974
0.629032
-0.876006
5.40683
0.610599
-1.01873
5.49515
0.719366
-0.892134
5.38784
0.562363
-1.08216
5.42801
0.61009
-0.876006
5.4413
0.560042
-1.01002
5.57887
0.615844
-0.892134
5.40841
0.532193
-1.07815
5.47672
0.559242
-0.876006
5.45391
0.49098
-1.00654
5.60544
0.49098
-0.892134
5.41594
0.49098
-1.07622
5.49412
0.49098
-0.876006
5.4413
0.421918
-1.01002
5.57887
0.366116
-0.892134
5.40841
0.449767
-1.07815
5.47672
0.422718
-0.876006
5.40683
0.371361
-1.01873
5.49515
0.262594
-0.892134
5.38784
0.419598
-1.08216
5.42801
0.371871
-0.83707
5.41173
-0.358909
-0.906677
5.53003
-0.213443
-0.83707
5.35974
-0.338477
-0.923737
5.35974
-0.15823
-0.663943
5.35974
-0.234295
-0.661148
5.35974
-0.0343145
-0.663943
5.38656
-0.244834
-0.633862
5.51237
-0.0923044
-0.83707
5.26969
-0.414729
-0.871012
5.08722
-0.340212
-0.83707
5.25576
-0.490981
-0.834641
5.05578
-0.490124
-0.663943
5.30611
-0.312958
-0.537409
5.15123
-0.311615
-0.663943
5.31329
-0.273626
-0.582484
5.14413
-0.204711
-0.83707
5.26969
-0.567232
-0.804146
5.08644
-0.640276
-0.663943
5.31329
-0.35229
-0.505275
5.19971
-0.396139
-0.83707
5.30775
-0.623052
-0.782551
5.18543
-0.771596
-0.663943
5.33292
-0.381083
-0.486162
5.27339
-0.450727
-0.83707
5.35974
-0.643484
-0.773622
5.35974
-0.833153
-0.663943
5.35974
-0.391622
-0.479802
5.35974
-0.469674
-0.83707
5.41173
-0.623052
-0.782551
5.53405
-0.771596
-0.663943
5.38656
-0.381083
-0.486162
5.44608
-0.450727
-0.83707
5.44979
-0.567232
-0.804146
5.63304
-0.640276
-0.663943
5.40619
-0.35229
-0.505275
5.51977
-0.396139
-0.83707
5.46372
-0.490981
-0.834641
5.6637
-0.490124
-0.663943
5.41337
-0.312958
-0.537409
5.56825
-0.311615
-0.83707
5.44979
-0.414729
-0.871012
5.63226
-0.340212
-0.663943
5.40619
-0.273627
-0.582484
5.57535
-0.204712
-0.663943
5.33292
-0.244834
-0.633873
5.20711
-0.0923032
-0.83707
5.30775
-0.358909
-0.906682
5.18945
-0.213444
-0.876006
5.35974
-0.352856
-1.02439
5.35974
-0.218757
-0.876006
5.31265
-0.371361
-1.01873
5.22433
-0.262594
-0.892134
5.35974
-0.408555
-1.08424
5.35974
-0.352928
-0.892134
5.33164
-0.419598
-1.08216
5.29147
-0.371871
-0.876006
5.27818
-0.421918
-1.01002
5.14061
-0.366116
-0.892134
5.31107
-0.449768
-1.07815
5.24275
-0.422719
-0.876006
5.26556
-0.49098
-1.00654
5.11404
-0.49098
-0.892134
5.30354
-0.49098
-1.07622
5.22536
-0.49098
-0.876006
5.27818
-0.560043
-1.01002
5.14061
-0.615844
-0.892134
5.31107
-0.532193
-1.07815
5.24275
-0.559242
-0.876006
5.31265
-0.6106
-1.01873
5.22433
-0.719367
-0.892134
5.33164
-0.562363
-1.08216
5.29147
-0.61009
-0.876006
5.35974
-0.629105
-1.02439
5.35974
-0.763204
-0.892134
5.35974
-0.573406
-1.08424
5.35974
-0.629033
-0.876006
5.40683
-0.6106
-1.01873
5.49515
-0.719367
-0.892134
5.38784
-0.562363
-1.08216
5.42801
-0.61009
-0.876006
5.4413
-0.560043
-1.01002
5.57887
-0.615844
-0.892134
5.40841
-0.532193
-1.07815
5.47672
-0.559242
-0.876006
5.45391
-0.490981
-1.00654
5.60544
-0.490981
-0.892134
5.41594
-0.490981
-1.07622
5.49412
-0.490981
-0.876006
5.4413
-0.421918
-1.01002
5.57887
-0.366116
-0.892134
5.40841
-0.449768
-1.07815
5.47672
-0.422719
-0.876006
5.40683
-0.371361
-1.01873
5.49515
-0.262594
-0.892134
5.38784
-0.419598
-1.08216
5.42801
-0.371871
