3.89699
4.24194
0.228561
3.91866
4.27438
0.424718
3.72054
4.35983
0.228561
3.74005
4.40693
0.421955
3.66473
4.22508
0.228561
3.59438
4.05532
0.307499
3.81751
4.12299
0.228561
3.7361
4.00117
0.364686
4.35062
3.56302
0.228561
4.38889
3.57064
0.424719
4.30922
3.77115
0.228561
4.35632
3.79066
0.421955
4.17447
3.71534
0.228561
4.00764
3.64625
0.314551
4.21032
3.53511
0.228561
4.07043
3.50728
0.368756
4.36432
3.79397
0
4.5491
3.87051
0
4.36432
3.79397
0.170071
4.54541
3.86898
0.209825
4.40799
3.57443
0.170071
4.60038
3.6127
0.209091
4.40799
3.57443
0
4.60415
3.61345
0
4.30922
2.93863
0.228561
4.35632
2.91912
0.421955
4.35062
3.14676
0.228561
4.38889
3.13915
0.424719
4.21032
3.17467
0.228561
4.07283
3.20203
0.371203
4.17447
2.99445
0.228561
4.01216
3.06166
0.324143
4.19133
2.76219
0.228561
4.22377
2.74051
0.424718
4.07238
2.84166
0.228561
3.95772
2.91827
0.373417
3.51241
2.30855
0.228561
3.52003
2.27029
0.424719
3.72054
2.34995
0.228561
3.74005
2.30285
0.421955
3.66473
2.4847
0.228561
3.59888
2.6436
0.330615
3.4845
2.44885
0.228561
3.45813
2.58141
0.375978
3.74336
2.29485
0
3.8199
2.11008
0
3.74336
2.29485
0.170071
3.81837
2.11376
0.209825
3.52382
2.25118
0.170071
3.56209
2.0588
0.209091
3.52382
2.25118
0
3.56284
2.05503
0
2.88802
2.34995
0.228561
2.86851
2.30285
0.421955
3.09615
2.30855
0.228561
3.08854
2.27028
0.424719
3.12406
2.44885
0.228561
3.15043
2.58141
0.375978
2.94384
2.4847
0.228561
3.00968
2.6436
0.330615
2.71158
2.46785
0.228561
2.6899
2.4354
0.424718
2.79105
2.58679
0.228561
2.86668
2.69997
0.375087
2.41724
2.76219
0.228561
2.38479
2.74051
0.424718
2.53513
2.58574
0.228561
2.49909
2.5497
0.421955
2.63827
2.68888
0.228561
2.76097
2.81153
0.328054
2.53618
2.84166
0.228561
2.65084
2.91827
0.373417
2.24424
2.91581
0
2.05947
2.83927
0
2.24424
2.91581
0.170071
2.06315
2.8408
0.209825
2.20057
3.13535
0.170071
2.00818
3.09709
0.209091
2.20057
3.13535
0
2.00442
3.09633
0
2.1569
3.35489
0
1.9569
3.35489
0
2.1569
3.35489
0.170071
1.96089
3.35489
0.209825
2.20057
3.57443
0.170071
2.00819
3.6127
0.209091
2.20057
3.57443
0
2.00442
3.61345
0
2.71158
4.24194
0.228561
2.6899
4.27438
0.424718
2.53513
4.12404
0.228561
2.49909
4.16009
0.421955
2.63827
4.02091
0.228561
2.76735
3.89188
0.310347
2.79105
4.123
0.228561
2.87246
4.00117
0.364686
2.49296
4.16621
0
2.35154
4.30763
0
2.49296
4.16621
0.170071
2.35436
4.30481
0.209824
2.67908
4.29057
0.170071
2.5701
4.45367
0.209089
2.67908
4.29057
0
2.56797
4.45686
0
3.30428
2.26715
0.228561
3.30428
2.21618
0.421956
3.30428
2.413
0.228561
3.30428
2.58448
0.331504
3.51241
4.40123
0.228561
3.52003
4.4395
0.424719
3.30428
4.44263
0.228561
3.30428
4.49361
0.421956
3.30428
4.29678
0.228561
3.30428
4.11259
0.306491
3.4845
4.26093
0.228561
3.45574
4.11635
0.36372
2.8652
4.41493
0.170071
2.79019
4.59602
0.209825
2.8652
4.41493
0
2.78866
4.59971
0
2.88802
4.35983
0.228561
2.86851
4.40693
0.421955
2.94384
4.22508
0.228561
3.01418
4.05532
0.307499
3.92948
4.29057
0
4.0406
4.45686
0
3.92948
4.29057
0.170071
4.03846
4.45367
0.209089
4.1156
4.16621
0.170071
4.2542
4.30481
0.209824
4.1156
4.16621
0
4.25702
4.30763
0
2.3686
2.72969
0
2.20231
2.61858
0
2.3686
2.72969
0.170071
2.20551
2.62071
0.209089
3.09615
4.40123
0.228561
3.08854
4.4395
0.424719
3.12406
4.26093
0.228561
3.15282
4.11635
0.36372
4.39202
3.35489
0.228561
4.443
3.35489
0.421956
4.24617
3.35489
0.228561
4.068
3.35489
0.319411
2.29934
3.77115
0.228561
2.25224
3.79066
0.421955
2.25794
3.56302
0.228561
2.21968
3.57064
0.424719
2.39824
3.53512
0.228561
2.53814
3.50728
0.368756
2.43409
3.71534
0.228561
2.60092
3.64625
0.314551
2.41724
3.9476
0.228561
2.38479
3.96927
0.424718
2.53618
3.86812
0.228561
2.65663
3.78764
0.366457
3.92948
2.41921
0
4.0406
2.25292
0
3.92948
2.41921
0.170071
4.03846
2.25612
0.209089
2.24424
3.79397
0
2.05947
3.87051
0
2.24424
3.79397
0.170071
2.06315
3.86898
0.209825
2.3686
3.98009
0.170071
2.20551
4.08907
0.209089
2.3686
3.98009
0
2.20231
4.09121
0
3.74336
4.41493
0
3.8199
4.59971
0
3.74336
4.41493
0.170071
3.81837
4.59602
0.209825
2.8652
2.29485
0
2.78866
2.11008
0
2.8652
2.29485
0.170071
2.79019
2.11376
0.209825
2.67908
2.41921
0.170071
2.5701
2.25612
0.209089
2.67908
2.41921
0
2.56797
2.25292
0
2.21654
3.35489
0.228561
2.16557
3.35489
0.421956
2.36239
3.35489
0.228561
2.54057
3.35489
0.319411
4.23996
3.98009
0
4.40625
4.09121
0
4.23996
3.98009
0.170071
4.40306
4.08907
0.209089
2.25794
3.14676
0.228561
2.21968
3.13915
0.424719
2.29934
2.93863
0.228561
2.25224
2.91912
0.421955
2.43409
2.99445
0.228561
2.5964
3.06166
0.324143
2.39824
3.17467
0.228561
2.53574
3.20203
0.371203
4.36432
2.91581
0
4.5491
2.83927
0
4.36432
2.91581
0.170071
4.54541
2.8408
0.209825
4.23996
2.72969
0.170071
4.40306
2.62071
0.209089
4.23996
2.72969
0
4.40625
2.61858
0
3.30428
2.20752
0.170071
3.30428
2.01151
0.209825
3.30428
2.20752
0
3.30428
2.00751
0
2.49296
2.54357
0
2.35154
2.40215
0
2.49296
2.54357
0.170071
2.35436
2.40497
0.209824
4.45166
3.35489
0.170071
4.64767
3.35489
0.209825
4.45166
3.35489
0
4.65166
3.35489
0
3.08474
2.25118
0.170071
3.04648
2.0588
0.209091
3.08474
2.25118
0
3.04572
2.05503
0
4.07343
2.58574
0.228561
4.10948
2.5497
0.421955
3.9703
2.68888
0.228561
3.8476
2.81153
0.328054
3.89699
2.46785
0.228561
3.91866
2.4354
0.424718
3.81751
2.58679
0.228561
3.74188
2.69997
0.375087
3.08474
4.4586
0.170071
3.04648
4.65099
0.209091
3.08474
4.4586
0
3.04572
4.65476
0
4.1156
2.54357
0
4.25702
2.40215
0
4.1156
2.54357
0.170071
4.2542
2.40497
0.209824
4.07343
4.12404
0.228561
4.10948
4.16009
0.421955
3.9703
4.02091
0.228561
3.84122
3.89188
0.310347
4.40799
3.13535
0
4.60415
3.09633
0
4.40799
3.13535
0.170071
4.60038
3.09709
0.209091
3.52382
4.4586
0
3.56284
4.65476
0
3.52382
4.4586
0.170071
3.56209
4.65099
0.209091
4.19133
3.9476
0.228561
4.22377
3.96927
0.424718
4.07238
3.86812
0.228561
3.95194
3.78764
0.366457
3.30428
4.50227
0.170071
3.30428
4.69828
0.209825
3.30428
4.50227
0
3.30428
4.70227
0
3.15091
3.50826
0.266863
3.29233
3.36684
0.266863
3.1274
3.47308
0.266863
3.29369
3.36196
0.266863
3.1274
3.47308
0.152152
3.24499
3.39451
0.29357
3.15091
3.50826
0.152152
3.2769
3.38227
0.242985
2.94384
4.24534
0
3.01801
4.06633
0.0495501
3.12406
4.28119
0
3.15894
4.10587
0.0897117
3.12406
2.46911
0
3.15894
2.64442
0.0897117
2.94384
2.50495
0
3.01801
2.68396
0.0495501
3.66473
4.24534
0
3.59055
4.06633
0.0495501
3.81751
4.14325
0
3.71818
3.9946
0.0896366
2.63827
4.04116
0
2.77531
3.90416
0.0494901
2.79105
4.14325
0
2.89039
3.9946
0.0896366
2.53618
2.86192
0
2.68488
2.96127
0.0895271
2.43409
3.0147
0
2.61314
3.08885
0.0494312
3.30428
4.31703
0
3.30428
4.12328
0.0495749
3.4845
4.28119
0
3.44962
4.10587
0.0897117
2.43409
3.73559
0
2.61314
3.66144
0.0494312
2.53618
3.88838
0
2.68488
3.78902
0.0895271
2.39824
3.19492
0
2.57368
3.22983
0.0894556
2.36239
3.37514
0
2.55619
3.37514
0.0494087
2.39824
3.55537
0
2.57368
3.52046
0.0894556
4.21032
3.55537
0
4.03488
3.52046
0.0894556
4.24617
3.37514
0
4.05237
3.37514
0.0494087
3.81751
2.60704
0
3.71818
2.7557
0.0896366
3.66473
2.50495
0
3.59055
2.68396
0.0495501
2.63827
2.70913
0
2.77531
2.84613
0.0494901
2.79105
2.60704
0
2.89039
2.75569
0.0896366
3.30428
2.43326
0
3.30428
2.62702
0.0495749
3.4845
2.46911
0
3.44962
2.64442
0.0897117
3.9703
4.04116
0
3.83325
3.90416
0.0494901
3.9703
2.70913
0
3.83325
2.84613
0.0494901
4.07238
3.88838
0
3.92368
3.78902
0.0895271
4.17447
3.73559
0
3.99542
3.66144
0.0494312
4.17447
3.0147
0
3.99542
3.08885
0.0494312
4.07238
2.86192
0
3.92368
2.96127
0.0895271
4.21032
3.19492
0
4.03488
3.22983
0.0894556
2.94954
3.00015
0.228561
2.82354
2.87415
0.319394
2.89516
3.08153
0.228561
2.77757
3.00296
0.369979
3.57765
2.94577
0.228561
3.65622
2.82818
0.369979
3.49627
2.8914
0.228561
3.56446
2.72678
0.319395
3.03092
3.76401
0.228561
2.95235
3.8816
0.369979
3.1123
3.81839
0.228561
3.04411
3.98301
0.319395
2.84079
3.16291
0.228561
2.67617
3.09472
0.319395
2.82169
3.2589
0.228561
2.68299
3.23131
0.369981
3.78687
3.45089
0.228561
3.92558
3.47848
0.369981
3.80596
3.35489
0.228561
3.98415
3.35489
0.319396
2.89516
3.62826
0.228561
2.77757
3.70683
0.369979
2.94954
3.70964
0.228561
2.82354
3.83563
0.319394
2.8026
3.35489
0.228561
2.62442
3.35489
0.319396
2.82169
3.45089
0.228561
2.68299
3.47848
0.369981
3.40027
3.83748
0.228561
3.42787
3.97619
0.369981
3.49627
3.81839
0.228561
3.56446
3.98301
0.319395
2.84079
3.54688
0.228561
2.67617
3.61507
0.319395
3.30428
3.85657
0.228561
3.30428
4.03476
0.319396
3.57765
3.76401
0.228561
3.65622
3.8816
0.369979
3.20829
2.8723
0.228561
3.1807
2.7336
0.369981
3.1123
2.8914
0.228561
3.04411
2.72678
0.319395
3.20829
3.83748
0.228561
3.1807
3.97619
0.369981
3.65902
3.70964
0.228561
3.78502
3.83563
0.319394
3.7134
3.62826
0.228561
3.83099
3.70683
0.369979
3.40027
2.8723
0.228561
3.42787
2.7336
0.369981
3.30428
2.85321
0.228561
3.30428
2.67503
0.319396
3.76778
3.54688
0.228561
3.93239
3.61507
0.319395
3.7134
3.08153
0.228561
3.83099
3.00296
0.369979
3.65902
3.00015
0.228561
3.78502
2.87415
0.319394
3.78687
3.2589
0.228561
3.92558
3.23131
0.369981
3.76778
3.16291
0.228561
3.93239
3.09472
0.319395
3.03092
2.94577
0.228561
2.95235
2.82818
0.369979
3.30428
2.85321
0.176022
3.30428
2.67503
0.0851868
3.40027
2.8723
0.176022
3.42787
2.7336
0.0346018
3.78687
3.45089
0.176022
3.92558
3.47848
0.0346018
3.76778
3.54688
0.176022
3.93239
3.61507
0.0851878
3.65902
3.00015
0.176022
3.78502
2.87415
0.0851888
3.7134
3.08153
0.176022
3.83099
3.00296
0.0346036
3.78687
3.2589
0.176022
3.92558
3.23131
0.0346018
3.80596
3.35489
0.176022
3.98415
3.35489
0.0851868
3.76778
3.16291
0.176022
3.93239
3.09472
0.0851878
3.7134
3.62826
0.176022
3.83099
3.70683
0.0346036
3.57765
2.94577
0.176022
3.65622
2.82818
0.0346036
3.65902
3.70964
0.176022
3.78502
3.83563
0.0851888
3.57765
3.76401
0.176022
3.65622
3.8816
0.0346036
3.49627
2.8914
0.176022
3.56446
2.72678
0.0851878
3.30428
3.85657
0.176022
3.30428
4.03476
0.0851868
3.20829
3.83748
0.176022
3.1807
3.97619
0.0346018
3.20829
2.8723
0.176022
3.1807
2.7336
0.0346018
2.84079
3.54688
0.176022
2.67617
3.61507
0.0851878
2.82169
3.45089
0.176022
2.68299
3.47848
0.0346018
3.03092
2.94577
0.176022
2.95235
2.82818
0.0346036
3.1123
2.8914
0.176022
3.04411
2.72678
0.0851878
2.94954
3.00015
0.176022
2.82354
2.87415
0.0851888
2.89516
3.08153
0.176022
2.77757
3.00296
0.0346036
3.1123
3.81839
0.176022
3.04411
3.98301
0.0851878
3.03092
3.76401
0.176022
2.95235
3.8816
0.0346036
2.82169
3.2589
0.176022
2.68299
3.23131
0.0346018
2.84079
3.16291
0.176022
2.67617
3.09472
0.0851878
2.94954
3.70964
0.176022
2.82354
3.83563
0.0851888
2.89516
3.62826
0.176022
2.77757
3.70683
0.0346036
2.8026
3.35489
0.176022
2.62442
3.35489
0.0851868
3.49627
3.81839
0.176022
3.56446
3.98301
0.0851878
3.40027
3.83748
0.176022
3.42787
3.97619
0.0346018
3.39517
3.39254
0.176022
3.55978
3.46073
0.0851878
3.3845
3.40849
0.176022
3.50209
3.48707
0.0346036
3.35788
3.27467
0.176022
3.43646
3.15708
0.0346036
3.37384
3.28533
0.176022
3.49984
3.15934
0.0851888
3.37384
3.42445
0.176022
3.49984
3.55045
0.0851888
3.35788
3.43511
0.176022
3.43646
3.5527
0.0346036
3.3231
3.26026
0.176022
3.35069
3.12156
0.0346018
3.34193
3.26401
0.176022
3.41012
3.09939
0.0851878
3.30428
3.45326
0.176022
3.30428
3.63145
0.0851868
3.28546
3.44952
0.176022
3.25787
3.58823
0.0346018
3.28546
3.26026
0.176022
3.25787
3.12156
0.0346018
3.30428
3.25652
0.176022
3.30428
3.07834
0.0851868
3.2134
3.39254
0.176022
3.04878
3.46073
0.0851878
3.20965
3.37371
0.176022
3.07095
3.40131
0.0346018
3.25068
3.27467
0.176022
3.17211
3.15708
0.0346036
3.26664
3.26401
0.176022
3.19845
3.09939
0.0851878
3.23472
3.28533
0.176022
3.10873
3.15934
0.0851888
3.22406
3.30129
0.176022
3.10647
3.22272
0.0346036
3.26664
3.44578
0.176022
3.19845
3.61039
0.0851878
3.25068
3.43511
0.176022
3.17211
3.5527
0.0346036
3.20965
3.33607
0.176022
3.07095
3.30848
0.0346018
3.2134
3.31725
0.176022
3.04878
3.24906
0.0851878
3.40265
3.35489
0.176022
3.58084
3.35489
0.0851868
3.39891
3.37371
0.176022
3.53762
3.4013
0.0346018
3.23472
3.42445
0.176022
3.10873
3.55045
0.0851888
3.22406
3.40849
0.176022
3.10647
3.48707
0.0346036
3.20591
3.35489
0.176022
3.02773
3.35489
0.0851868
3.34193
3.44578
0.176022
3.41012
3.61039
0.0851878
3.3231
3.44952
0.176022
3.35069
3.58823
0.0346018
3.3845
3.30129
0.176022
3.50209
3.22272
0.0346036
3.39891
3.33607
0.176022
3.53762
3.30848
0.0346018
3.39517
3.31725
0.176022
3.55978
3.24906
0.0851878
3.2134
3.39254
0
3.02862
3.46908
0
3.20965
3.37371
0
3.0135
3.41273
0
3.25068
3.27467
0
3.13956
3.10838
0
3.26664
3.26401
0
3.1901
3.07923
0
3.23472
3.28533
0
3.0933
3.14391
0
3.22406
3.30129
0
3.05777
3.19017
0
3.34193
3.26401
0
3.41847
3.07923
0
3.35788
3.27467
0
3.469
3.10838
0
3.26664
3.44578
0
3.1901
3.63055
0
3.25068
3.43511
0
3.13956
3.60141
0
3.20965
3.33607
0
3.0135
3.29705
0
3.2134
3.31725
0
3.02862
3.24071
0
3.40265
3.35489
0
3.60265
3.35489
0
3.39891
3.37371
0
3.59507
3.41273
0
3.23472
3.42445
0
3.0933
3.56587
0
3.22406
3.40849
0
3.05777
3.51961
0
3.20591
3.35489
0
3.00591
3.35489
0
3.34193
3.44578
0
3.41847
3.63055
0
3.3231
3.44952
0
3.36212
3.64568
0
3.30428
3.45326
0
3.30428
3.65326
0
3.35788
3.43511
0
3.469
3.60141
0
3.28546
3.26026
0
3.24644
3.06411
0
3.28546
3.44952
0
3.24644
3.64568
0
3.3845
3.40849
0
3.5508
3.51961
0
3.37384
3.42445
0
3.51526
3.56587
0
3.30428
3.25652
0
3.30428
3.05652
0
3.3231
3.26026
0
3.36212
3.06411
0
3.39517
3.39254
0
3.57994
3.46908
0
3.37384
3.28533
0
3.51526
3.14391
0
3.3845
3.30129
0
3.5508
3.19017
0
3.39891
3.33607
0
3.59507
3.29705
0
3.39517
3.31725
0
3.57994
3.24071
0
3.30428
4.4848
0.21143
3.30428
4.62484
0.354222
3.52048
4.4418
0.21143
3.54807
4.5805
0.352856
3.73668
4.39879
0.21143
3.79027
4.52817
0.354219
3.91996
4.27633
0.21143
3.99853
4.39391
0.352852
4.10325
4.15386
0.21143
4.20227
4.25288
0.354217
4.22572
3.97057
0.21143
4.3433
4.04914
0.352852
4.34818
3.78729
0.21143
4.47756
3.84088
0.354219
4.39119
3.57109
0.21143
4.52989
3.59868
0.352856
4.43419
3.35489
0.21143
4.57423
3.35489
0.354222
4.39119
3.13869
0.21143
4.52989
3.1111
0.352856
4.34818
2.92249
0.21143
4.47756
2.8689
0.354219
4.22572
2.73921
0.21143
4.3433
2.66064
0.352852
4.10325
2.55592
0.21143
4.20227
2.4569
0.354217
3.91996
2.43346
0.21143
3.99853
2.31587
0.352852
3.73668
2.31099
0.21143
3.79027
2.18161
0.354219
3.52048
2.26799
0.21143
3.54807
2.12929
0.352856
3.30428
2.22498
0.21143
3.30428
2.08494
0.354222
3.08808
2.26799
0.21143
3.06049
2.12929
0.352856
2.87188
2.31099
0.21143
2.81829
2.18161
0.354219
2.6886
2.43346
0.21143
2.61003
2.31587
0.352852
2.50531
2.55592
0.21143
2.40629
2.4569
0.354217
2.38285
2.73921
0.21143
2.26526
2.66064
0.352852
2.26038
2.92249
0.21143
2.131
2.8689
0.354219
2.21738
3.13869
0.21143
2.07868
3.1111
0.352856
2.17437
3.35489
0.21143
2.03433
3.35489
0.354222
2.21738
3.57109
0.21143
2.07868
3.59868
0.352856
2.26038
3.78729
0.21143
2.131
3.84088
0.354219
2.38285
3.97057
0.21143
2.26526
4.04914
0.352852
2.50531
4.15386
0.21143
2.40629
4.25288
0.354217
2.6886
4.27633
0.21143
2.61003
4.39391
0.352852
2.87188
4.39879
0.21143
2.81829
4.52817
0.354219
3.08808
4.4418
0.21143
3.06049
4.5805
0.352856
3.38729
3.55528
0.152152
3.3191
3.39066
0.242986
3.34578
3.56354
0.152152
3.31819
3.42483
0.293572
3.30428
3.57179
0.152152
3.30428
3.39361
0.242987
3.26278
3.56354
0.152152
3.29037
3.42483
0.293572
3.22128
3.55528
0.152152
3.28947
3.39066
0.242986
3.18609
3.53177
0.152152
3.26467
3.41418
0.29357
3.10389
3.4379
0.152152
3.26851
3.36971
0.242986
3.09564
3.39639
0.152152
3.23434
3.3688
0.293572
3.08738
3.35489
0.152152
3.26556
3.35489
0.242987
3.09564
3.31339
0.152152
3.23434
3.34098
0.293572
3.10389
3.27189
0.152152
3.26851
3.34008
0.242986
3.1274
3.2367
0.152152
3.24499
3.31528
0.29357
3.15091
3.20152
0.152152
3.2769
3.32751
0.242985
3.18609
3.17801
0.152152
3.26467
3.2956
0.29357
3.22128
3.1545
0.152152
3.28947
3.31912
0.242986
3.26278
3.14625
0.152152
3.29037
3.28495
0.293572
3.30428
3.13799
0.152152
3.30428
3.31617
0.242987
3.34578
3.14625
0.152152
3.31819
3.28495
0.293572
3.38729
3.1545
0.152152
3.3191
3.31912
0.242986
3.42247
3.17801
0.152152
3.3439
3.2956
0.29357
3.45765
3.20152
0.152152
3.33166
3.32751
0.242985
3.48116
3.2367
0.152152
3.36357
3.31528
0.29357
3.50467
3.27189
0.152152
3.34005
3.34008
0.242986
3.51293
3.31339
0.152152
3.37422
3.34098
0.293572
3.52118
3.35489
0.152152
3.343
3.35489
0.242987
3.51293
3.39639
0.152152
3.37422
3.3688
0.293572
3.50467
3.4379
0.152152
3.34005
3.36971
0.242986
3.48116
3.47308
0.152152
3.36357
3.39451
0.29357
3.45765
3.50826
0.152152
3.33166
3.38227
0.242985
3.42247
3.53177
0.152152
3.3439
3.41418
0.29357
3.09564
3.39639
0.266863
3.29179
3.35737
0.266863
3.08738
3.35489
0.266863
3.28738
3.35489
0.266863
3.38729
3.55528
0.266863
3.31075
3.37051
0.266863
3.34578
3.56354
0.266863
3.30676
3.36738
0.266863
3.09564
3.31339
0.266863
3.29179
3.35241
0.266863
3.10389
3.4379
0.266863
3.28867
3.36136
0.266863
3.30428
3.57179
0.266863
3.30428
3.37179
0.266863
3.10389
3.27189
0.266863
3.28867
3.34843
0.266863
3.1274
3.2367
0.266863
3.29369
3.34782
0.266863
3.18609
3.53177
0.266863
3.29721
3.36548
0.266863
3.42247
3.53177
0.266863
3.31135
3.36548
0.266863
3.22128
3.1545
0.266863
3.29782
3.33928
0.266863
3.26278
3.14625
0.266863
3.3018
3.3424
0.266863
3.26278
3.56354
0.266863
3.3018
3.36738
0.266863
3.22128
3.55528
0.266863
3.29782
3.37051
0.266863
3.48116
3.47308
0.266863
3.31487
3.36196
0.266863
3.45765
3.50826
0.266863
3.31623
3.36684
0.266863
3.30428
3.13799
0.266863
3.30428
3.33799
0.266863
3.34578
3.14625
0.266863
3.30676
3.3424
0.266863
3.51293
3.39639
0.266863
3.31677
3.35737
0.266863
3.50467
3.4379
0.266863
3.3199
3.36136
0.266863
3.45765
3.20152
0.266863
3.31623
3.34294
0.266863
3.48116
3.2367
0.266863
3.31487
3.34782
0.266863
3.51293
3.31339
0.266863
3.31677
3.35241
0.266863
3.52118
3.35489
0.266863
3.32118
3.35489
0.266863
3.50467
3.27189
0.266863
3.3199
3.34843
0.266863
3.42247
3.17801
0.266863
3.31135
3.3443
0.266863
3.38729
3.1545
0.266863
3.31075
3.33928
0.266863
3.18609
3.17801
0.266863
3.29721
3.3443
0.266863
3.15091
3.20152
0.266863
3.29233
3.34294
0.266863
3.89699
4.24194
-0.228561
3.91866
4.27438
-0.424718
3.81751
4.12299
-0.228561
3.70669
3.95715
-0.213861
3.66473
4.22508
-0.228561
3.58842
4.04093
-0.212239
3.72054
4.35983
-0.228561
3.74005
4.40693
-0.421955
4.35062
3.56302
-0.228561
4.38889
3.57064
-0.424719
4.21032
3.53511
-0.228561
4.0142
3.49609
-0.225101
4.17447
3.71534
-0.228561
3.9898
3.63886
-0.22178
4.30922
3.77115
-0.228561
4.35632
3.79066
-0.421955
4.40799
3.57443
-0.170071
4.60038
3.6127
-0.209091
4.36432
3.79397
-0.170071
4.54541
3.86898
-0.209825
4.30922
2.93863
-0.228561
4.35632
2.91912
-0.421955
4.17447
2.99445
-0.228561
3.9898
3.07092
-0.235342
4.21032
3.17467
-0.228561
4.0142
3.21369
-0.232021
4.35062
3.14676
-0.228561
4.38889
3.13915
-0.424719
4.19133
2.76219
-0.228561
4.22377
2.74051
-0.424718
4.07238
2.84166
-0.228561
3.90629
2.95264
-0.238401
3.51241
2.30855
-0.228561
3.52003
2.27029
-0.424719
3.4845
2.44885
-0.228561
3.44562
2.64427
-0.245881
3.66473
2.4847
-0.228561
3.58842
2.66885
-0.244883
3.72054
2.34995
-0.228561
3.74005
2.30285
-0.421955
3.52382
2.25118
-0.170071
3.56209
2.0588
-0.209091
3.74336
2.29485
-0.170071
3.81837
2.11376
-0.209825
2.88802
2.34995
-0.228561
2.86851
2.30285
-0.421955
2.94384
2.4847
-0.228561
3.02014
2.66885
-0.244883
3.12406
2.44885
-0.228561
3.16294
2.64427
-0.245881
3.09615
2.30855
-0.228561
3.08854
2.27028
-0.424719
2.71158
2.46785
-0.228561
2.6899
2.4354
-0.424718
2.79105
2.58679
-0.228561
2.90187
2.75263
-0.243261
2.41724
2.76219
-0.228561
2.38479
2.74051
-0.424718
2.53618
2.84166
-0.228561
2.70227
2.95264
-0.238401
2.63827
2.68888
-0.228561
2.77944
2.82999
-0.241071
2.53513
2.58574
-0.228561
2.49909
2.5497
-0.421955
2.20057
3.13535
-0.170071
2.00818
3.09709
-0.209091
2.24424
2.91581
-0.170071
2.06315
2.8408
-0.209825
2.20057
3.57443
-0.170071
2.00819
3.6127
-0.209091
2.1569
3.35489
-0.170071
1.96089
3.35489
-0.209825
2.71158
4.24194
-0.228561
2.6899
4.27438
-0.424718
2.79105
4.123
-0.228561
2.90187
3.95716
-0.213861
2.63827
4.02091
-0.228561
2.77944
3.87979
-0.216051
2.53513
4.12404
-0.228561
2.49909
4.16009
-0.421955
2.67908
4.29057
-0.170071
2.5701
4.45367
-0.209089
2.49296
4.16621
-0.170071
2.35436
4.30481
-0.209824
3.30428
2.26715
-0.228561
3.30428
2.21618
-0.421956
3.30428
2.413
-0.228561
3.30428
2.61222
-0.246218
3.51241
4.40123
-0.228561
3.52003
4.4395
-0.424719
3.4845
4.26093
-0.228561
3.44562
4.06551
-0.211241
3.30428
4.29678
-0.228561
3.30428
4.09756
-0.210904
3.30428
4.44263
-0.228561
3.30428
4.49361
-0.421956
2.8652
4.41493
-0.170071
2.79019
4.59602
-0.209825
2.88802
4.35983
-0.228561
2.86851
4.40693
-0.421955
2.94384
4.22508
-0.228561
3.02014
4.04094
-0.212239
4.1156
4.16621
-0.170071
4.2542
4.30481
-0.209824
3.92948
4.29057
-0.170071
4.03846
4.45367
-0.209089
2.3686
2.72969
-0.170071
2.20551
2.62071
-0.209089
3.09615
4.40123
-0.228561
3.08854
4.4395
-0.424719
3.12406
4.26093
-0.228561
3.16294
4.06551
-0.211241
4.39202
3.35489
-0.228561
4.443
3.35489
-0.421956
4.24617
3.35489
-0.228561
4.04617
3.35489
-0.228561
2.29934
3.77115
-0.228561
2.25224
3.79066
-0.421955
2.43409
3.71534
-0.228561
2.61877
3.63886
-0.22178
2.39824
3.53512
-0.228561
2.59437
3.49609
-0.225101
2.25794
3.56302
-0.228561
2.21968
3.57064
-0.424719
2.41724
3.9476
-0.228561
2.38479
3.96927
-0.424718
2.53618
3.86812
-0.228561
2.70227
3.75715
-0.218721
3.92948
2.41921
-0.170071
4.03846
2.25612
-0.209089
2.3686
3.98009
-0.170071
2.20551
4.08907
-0.209089
2.24424
3.79397
-0.170071
2.06315
3.86898
-0.209825
3.74336
4.41493
-0.170071
3.81837
4.59602
-0.209825
2.67908
2.41921
-0.170071
2.5701
2.25612
-0.209089
2.8652
2.29485
-0.170071
2.79019
2.11376
-0.209825
2.36239
3.35489
-0.228561
2.56239
3.35489
-0.228561
2.21654
3.35489
-0.228561
2.16557
3.35489
-0.421956
4.23996
3.98009
-0.170071
4.40306
4.08907
-0.209089
2.25794
3.14676
-0.228561
2.21968
3.13915
-0.424719
2.39824
3.17467
-0.228561
2.59437
3.21369
-0.232021
2.43409
2.99445
-0.228561
2.61877
3.07092
-0.235342
2.29934
2.93863
-0.228561
2.25224
2.91912
-0.421955
4.23996
2.72969
-0.170071
4.40306
2.62071
-0.209089
4.36432
2.91581
-0.170071
4.54541
2.8408
-0.209825
3.30428
2.20752
-0.170071
3.30428
2.01151
-0.209825
2.49296
2.54357
-0.170071
2.35436
2.40497
-0.209824
4.45166
3.35489
-0.170071
4.64767
3.35489
-0.209825
3.08474
2.25118
-0.170071
3.04648
2.0588
-0.209091
4.07343
2.58574
-0.228561
4.10948
2.5497
-0.421955
3.9703
2.68888
-0.228561
3.82913
2.82999
-0.241071
3.89699
2.46785
-0.228561
3.91866
2.4354
-0.424718
3.81751
2.58679
-0.228561
3.70669
2.75263
-0.243261
3.08474
4.4586
-0.170071
3.04648
4.65099
-0.209091
4.1156
2.54357
-0.170071
4.2542
2.40497
-0.209824
4.07343
4.12404
-0.228561
4.10948
4.16009
-0.421955
3.9703
4.02091
-0.228561
3.82913
3.87979
-0.216051
4.40799
3.13535
-0.170071
4.60038
3.09709
-0.209091
3.52382
4.4586
-0.170071
3.56209
4.65099
-0.209091
4.19133
3.9476
-0.228561
4.22377
3.96927
-0.424718
4.07238
3.86812
-0.228561
3.90629
3.75715
-0.218721
3.30428
4.50227
-0.170071
3.30428
4.69828
-0.209825
3.15091
3.50826
-0.266863
3.29233
3.36684
-0.266863
3.15091
3.50826
-0.152152
3.2769
3.38227
-0.242985
3.1274
3.47308
-0.152152
3.24499
3.39451
-0.29357
3.1274
3.47308
-0.266863
3.29369
3.36196
-0.266863
2.94954
3.00015
-0.228561
2.82354
2.87415
-0.137728
2.89516
3.08153
-0.228561
2.77757
3.00296
-0.0871426
3.57765
2.94577
-0.228561
3.65622
2.82818
-0.0871426
3.49627
2.8914
-0.228561
3.56446
2.72678
-0.137727
3.03092
3.76401
-0.228561
2.95235
3.8816
-0.0871426
3.1123
3.81839
-0.228561
3.04411
3.98301
-0.137727
2.84079
3.16291
-0.228561
2.67617
3.09472
-0.137727
2.82169
3.2589
-0.228561
2.68299
3.23131
-0.0871408
3.78687
3.45089
-0.228561
3.92558
3.47848
-0.0871408
3.80596
3.35489
-0.228561
3.98415
3.35489
-0.137726
2.89516
3.62826
-0.228561
2.77757
3.70683
-0.0871426
2.94954
3.70964
-0.228561
2.82354
3.83563
-0.137728
2.8026
3.35489
-0.228561
2.62442
3.35489
-0.137726
2.82169
3.45089
-0.228561
2.68299
3.47848
-0.0871408
3.40027
3.83748
-0.228561
3.42787
3.97619
-0.0871408
3.49627
3.81839
-0.228561
3.56446
3.98301
-0.137727
2.84079
3.54688
-0.228561
2.67617
3.61507
-0.137727
3.30428
3.85657
-0.228561
3.30428
4.03476
-0.137726
3.57765
3.76401
-0.228561
3.65622
3.8816
-0.0871426
3.20829
2.8723
-0.228561
3.1807
2.7336
-0.0871408
3.1123
2.8914
-0.228561
3.04411
2.72678
-0.137727
3.20829
3.83748
-0.228561
3.1807
3.97619
-0.0871408
3.65902
3.70964
-0.228561
3.78502
3.83563
-0.137728
3.7134
3.62826
-0.228561
3.83099
3.70683
-0.0871426
3.40027
2.8723
-0.228561
3.42787
2.7336
-0.0871408
3.30428
2.85321
-0.228561
3.30428
2.67503
-0.137726
3.76778
3.54688
-0.228561
3.93239
3.61507
-0.137727
3.7134
3.08153
-0.228561
3.83099
3.00296
-0.0871426
3.65902
3.00015
-0.228561
3.78502
2.87415
-0.137728
3.78687
3.2589
-0.228561
3.92558
3.23131
-0.0871408
3.76778
3.16291
-0.228561
3.93239
3.09472
-0.137727
3.03092
2.94577
-0.228561
2.95235
2.82818
-0.0871426
3.40027
2.8723
-0.176022
3.42787
2.7336
-0.0346018
3.30428
2.85321
-0.176022
3.30428
2.67503
-0.0851868
3.76778
3.54688
-0.176022
3.93239
3.61507
-0.0851878
3.78687
3.45089
-0.176022
3.92558
3.47848
-0.0346018
3.7134
3.08153
-0.176022
3.83099
3.00296
-0.0346036
3.65902
3.00015
-0.176022
3.78502
2.87415
-0.0851888
3.80596
3.35489
-0.176022
3.98415
3.35489
-0.0851868
3.78687
3.2589
-0.176022
3.92558
3.23131
-0.0346018
3.76778
3.16291
-0.176022
3.93239
3.09472
-0.0851878
3.7134
3.62826
-0.176022
3.83099
3.70683
-0.0346036
3.57765
2.94577
-0.176022
3.65622
2.82818
-0.0346036
3.57765
3.76401
-0.176022
3.65622
3.8816
-0.0346036
3.65902
3.70964
-0.176022
3.78502
3.83563
-0.0851888
3.49627
2.8914
-0.176022
3.56446
2.72678
-0.0851878
3.20829
3.83748
-0.176022
3.1807
3.97619
-0.0346018
3.30428
3.85657
-0.176022
3.30428
4.03476
-0.0851868
3.20829
2.8723
-0.176022
3.1807
2.7336
-0.0346018
2.82169
3.45089
-0.176022
2.68299
3.47848
-0.0346018
2.84079
3.54688
-0.176022
2.67617
3.61507
-0.0851878
3.1123
2.8914
-0.176022
3.04411
2.72678
-0.0851878
3.03092
2.94577
-0.176022
2.95235
2.82818
-0.0346036
2.94954
3.00015
-0.176022
2.82354
2.87415
-0.0851888
2.89516
3.08153
-0.176022
2.77757
3.00296
-0.0346036
3.03092
3.76401
-0.176022
2.95235
3.8816
-0.0346036
3.1123
3.81839
-0.176022
3.04411
3.98301
-0.0851878
2.84079
3.16291
-0.176022
2.67617
3.09472
-0.0851878
2.82169
3.2589
-0.176022
2.68299
3.23131
-0.0346018
2.89516
3.62826
-0.176022
2.77757
3.70683
-0.0346036
2.94954
3.70964
-0.176022
2.82354
3.83563
-0.0851888
2.8026
3.35489
-0.176022
2.62442
3.35489
-0.0851868
3.40027
3.83748
-0.176022
3.42787
3.97619
-0.0346018
3.49627
3.81839
-0.176022
3.56446
3.98301
-0.0851878
3.3845
3.40849
-0.176022
3.50209
3.48707
-0.0346036
3.39517
3.39254
-0.176022
3.55978
3.46073
-0.0851878
3.37384
3.28533
-0.176022
3.49984
3.15934
-0.0851888
3.35788
3.27467
-0.176022
3.43646
3.15708
-0.0346036
3.35788
3.43511
-0.176022
3.43646
3.5527
-0.0346036
3.37384
3.42445
-0.176022
3.49984
3.55045
-0.0851888
3.34193
3.26401
-0.176022
3.41012
3.09939
-0.0851878
3.3231
3.26026
-0.176022
3.35069
3.12156
-0.0346018
3.28546
3.44952
-0.176022
3.25787
3.58823
-0.0346018
3.30428
3.45326
-0.176022
3.30428
3.63145
-0.0851868
3.30428
3.25652
-0.176022
3.30428
3.07834
-0.0851868
3.28546
3.26026
-0.176022
3.25787
3.12156
-0.0346018
3.20965
3.37371
-0.176022
3.07095
3.40131
-0.0346018
3.2134
3.39254
-0.176022
3.04878
3.46073
-0.0851878
3.26664
3.26401
-0.176022
3.19845
3.09939
-0.0851878
3.25068
3.27467
-0.176022
3.17211
3.15708
-0.0346036
3.23472
3.28533
-0.176022
3.10873
3.15934
-0.0851888
3.22406
3.30129
-0.176022
3.10647
3.22272
-0.0346036
3.25068
3.43511
-0.176022
3.17211
3.5527
-0.0346036
3.26664
3.44578
-0.176022
3.19845
3.61039
-0.0851878
3.2134
3.31725
-0.176022
3.04878
3.24906
-0.0851878
3.20965
3.33607
-0.176022
3.07095
3.30848
-0.0346018
3.39891
3.37371
-0.176022
3.53762
3.4013
-0.0346018
3.40265
3.35489
-0.176022
3.58084
3.35489
-0.0851868
3.22406
3.40849
-0.176022
3.10647
3.48707
-0.0346036
3.23472
3.42445
-0.176022
3.10873
3.55045
-0.0851888
3.20591
3.35489
-0.176022
3.02773
3.35489
-0.0851868
3.3231
3.44952
-0.176022
3.35069
3.58823
-0.0346018
3.34193
3.44578
-0.176022
3.41012
3.61039
-0.0851878
3.3845
3.30129
-0.176022
3.50209
3.22272
-0.0346036
3.39891
3.33607
-0.176022
3.53762
3.30848
-0.0346018
3.39517
3.31725
-0.176022
3.55978
3.24906
-0.0851878
3.52048
4.4418
-0.21143
3.54807
4.5805
-0.352856
3.30428
4.4848
-0.21143
3.30428
4.62484
-0.354222
3.91996
4.27633
-0.21143
3.99853
4.39391
-0.352852
3.73668
4.39879
-0.21143
3.79027
4.52817
-0.354219
4.22572
3.97057
-0.21143
4.3433
4.04914
-0.352852
4.10325
4.15386
-0.21143
4.20227
4.25288
-0.354217
4.39119
3.57109
-0.21143
4.52989
3.59868
-0.352856
4.34818
3.78729
-0.21143
4.47756
3.84088
-0.354219
4.39119
3.13869
-0.21143
4.52989
3.1111
-0.352856
4.43419
3.35489
-0.21143
4.57423
3.35489
-0.354222
4.22572
2.73921
-0.21143
4.3433
2.66064
-0.352852
4.34818
2.92249
-0.21143
4.47756
2.8689
-0.354219
3.91996
2.43346
-0.21143
3.99853
2.31587
-0.352852
4.10325
2.55592
-0.21143
4.20227
2.4569
-0.354217
3.52048
2.26799
-0.21143
3.54807
2.12929
-0.352856
3.73668
2.31099
-0.21143
3.79027
2.18161
-0.354219
3.08808
2.26799
-0.21143
3.06049
2.12929
-0.352856
3.30428
2.22498
-0.21143
3.30428
2.08494
-0.354222
2.6886
2.43346
-0.21143
2.61003
2.31587
-0.352852
2.87188
2.31099
-0.21143
2.81829
2.18161
-0.354219
2.38285
2.73921
-0.21143
2.26526
2.66064
-0.352852
2.50531
2.55592
-0.21143
2.40629
2.4569
-0.354217
2.21738
3.13869
-0.21143
2.07868
3.1111
-0.352856
2.26038
2.92249
-0.21143
2.131
2.8689
-0.354219
2.21738
3.57109
-0.21143
2.07868
3.59868
-0.352856
2.17437
3.35489
-0.21143
2.03433
3.35489
-0.354222
2.38285
3.97057
-0.21143
2.26526
4.04914
-0.352852
2.26038
3.78729
-0.21143
2.131
3.84088
-0.354219
2.6886
4.27633
-0.21143
2.61003
4.39391
-0.352852
2.50531
4.15386
-0.21143
2.40629
4.25288
-0.354217
3.08808
4.4418
-0.21143
3.06049
4.5805
-0.352856
2.87188
4.39879
-0.21143
2.81829
4.52817
-0.354219
3.38729
3.55528
-0.152152
3.3191
3.39066
-0.242986
3.42247
3.53177
-0.152152
3.3439
3.41418
-0.29357
3.45765
3.50826
-0.152152
3.33166
3.38227
-0.242985
3.48116
3.47308
-0.152152
3.36357
3.39451
-0.29357
3.50467
3.4379
-0.152152
3.34005
3.36971
-0.242986
3.51293
3.39639
-0.152152
3.37422
3.3688
-0.293572
3.52118
3.35489
-0.152152
3.343
3.35489
-0.242987
3.51293
3.31339
-0.152152
3.37422
3.34098
-0.293572
3.50467
3.27189
-0.152152
3.34005
3.34008
-0.242986
3.48116
3.2367
-0.152152
3.36357
3.31528
-0.29357
3.45765
3.20152
-0.152152
3.33166
3.32751
-0.242985
3.42247
3.17801
-0.152152
3.3439
3.2956
-0.29357
3.38729
3.1545
-0.152152
3.3191
3.31912
-0.242986
3.34578
3.14625
-0.152152
3.31819
3.28495
-0.293572
3.30428
3.13799
-0.152152
3.30428
3.31617
-0.242987
3.26278
3.14625
-0.152152
3.29037
3.28495
-0.293572
3.22128
3.1545
-0.152152
3.28947
3.31912
-0.242986
3.18609
3.17801
-0.152152
3.26467
3.2956
-0.29357
3.15091
3.20152
-0.152152
3.2769
3.32751
-0.242985
3.1274
3.2367
-0.152152
3.24499
3.31528
-0.29357
3.10389
3.27189
-0.152152
3.26851
3.34008
-0.242986
3.09564
3.31339
-0.152152
3.23434
3.34098
-0.293572
3.08738
3.35489
-0.152152
3.26556
3.35489
-0.242987
3.09564
3.39639
-0.152152
3.23434
3.3688
-0.293572
3.10389
3.4379
-0.152152
3.26851
3.36971
-0.242986
3.18609
3.53177
-0.152152
3.26467
3.41418
-0.29357
3.22128
3.55528
-0.152152
3.28947
3.39066
-0.242986
3.26278
3.56354
-0.152152
3.29037
3.42483
-0.293572
3.30428
3.57179
-0.152152
3.30428
3.39361
-0.242987
3.34578
3.56354
-0.152152
3.31819
3.42483
-0.293572
3.09564
3.39639
-0.266863
3.29179
3.35737
-0.266863
3.08738
3.35489
-0.266863
3.28738
3.35489
-0.266863
3.38729
3.55528
-0.266863
3.31075
3.37051
-0.266863
3.34578
3.56354
-0.266863
3.30676
3.36738
-0.266863
3.09564
3.31339
-0.266863
3.29179
3.35241
-0.266863
3.10389
3.4379
-0.266863
3.28867
3.36136
-0.266863
3.30428
3.57179
-0.266863
3.30428
3.37179
-0.266863
3.10389
3.27189
-0.266863
3.28867
3.34843
-0.266863
3.1274
3.2367
-0.266863
3.29369
3.34782
-0.266863
3.18609
3.53177
-0.266863
3.29721
3.36548
-0.266863
3.42247
3.53177
-0.266863
3.31135
3.36548
-0.266863
3.22128
3.1545
-0.266863
3.29782
3.33928
-0.266863
3.26278
3.14625
-0.266863
3.3018
3.3424
-0.266863
3.26278
3.56354
-0.266863
3.3018
3.36738
-0.266863
3.22128
3.55528
-0.266863
3.29782
3.37051
-0.266863
3.48116
3.47308
-0.266863
3.31487
3.36196
-0.266863
3.45765
3.50826
-0.266863
3.31623
3.36684
-0.266863
3.30428
3.13799
-0.266863
3.30428
3.33799
-0.266863
3.34578
3.14625
-0.266863
3.30676
3.3424
-0.266863
3.51293
3.39639
-0.266863
3.31677
3.35737
-0.266863
3.50467
3.4379
-0.266863
3.3199
3.36136
-0.266863
3.45765
3.20152
-0.266863
3.31623
3.34294
-0.266863
3.48116
3.2367
-0.266863
3.31487
3.34782
-0.266863
3.51293
3.31339
-0.266863
3.31677
3.35241
-0.266863
3.52118
3.35489
-0.266863
3.32118
3.35489
-0.266863
3.50467
3.27189
-0.266863
3.3199
3.34843
-0.266863
3.42247
3.17801
-0.266863
3.31135
3.3443
-0.266863
3.38729
3.1545
-0.266863
3.31075
3.33928
-0.266863
3.18609
3.17801
-0.266863
3.29721
3.3443
-0.266863
3.15091
3.20152
-0.266863
3.29233
3.34294
-0.266863
