0.832274
3.75903
0.005694
0.762918
3.92309
-0.0852645
0.832274
3.75903
0.20481
0.756096
3.93939
0.245649
0.999573
3.79212
0.20481
0.999573
3.98809
0.244772
0.999573
3.79212
0.005694
0.999573
3.97031
-0.0851265
1.30103
3.66631
0.005694
1.43282
3.78584
-0.0856597
1.30103
3.66631
0.20481
1.44564
3.79761
0.247832
1.37549
3.53232
0.20481
1.56411
3.58128
0.249828
1.37549
3.53232
0.005694
1.5475
3.5769
-0.0860901
1.37549
3.38361
0.20481
1.56411
3.33465
0.249828
1.37549
3.38361
0.005694
1.5475
3.33903
-0.0860901
1.30103
3.24962
0.20481
1.44564
3.11833
0.247832
1.30103
3.24962
0.005694
1.43282
3.1301
-0.0856597
1.16687
3.1569
0.20481
1.24305
2.97655
0.245649
1.16687
3.1569
0.005694
1.23623
2.99284
-0.0852645
0.999573
3.12381
0.20481
0.999573
2.92785
0.244772
0.999573
3.12381
0.005694
0.999573
2.94562
-0.0851265
0.832274
3.1569
0.20481
0.756096
2.97655
0.245649
0.832274
3.1569
0.005694
0.762918
2.99284
-0.0852645
0.69811
3.24962
0.20481
0.553509
3.11833
0.247832
0.69811
3.24962
0.005694
0.566323
3.1301
-0.0856597
0.623655
3.38361
0.20481
0.435037
3.33465
0.249828
0.623655
3.38361
0.005694
0.451642
3.33903
-0.0860901
0.623655
3.53232
0.20481
0.435037
3.58128
0.249828
0.623655
3.53232
0.005694
0.451642
3.5769
-0.0860901
0.69811
3.66631
0.20481
0.553509
3.79761
0.247832
0.69811
3.66631
0.005694
0.566323
3.78584
-0.0856597
1.16687
3.75903
0.20481
1.24305
3.93939
0.245649
1.16687
3.75903
0.005694
1.23623
3.92309
-0.0852645
0.999573
3.75635
0.289014
0.999573
3.89609
0.432092
1.14896
3.7268
0.289014
1.20268
3.85442
0.433324
0.999573
3.66998
0.323892
0.999573
3.72068
0.517358
1.10572
3.64898
0.323892
1.12487
3.69476
0.517637
1.26876
3.644
0.289014
1.36876
3.73518
0.436275
1.19084
3.59015
0.323892
1.22551
3.622
0.518273
1.33524
3.52436
0.289014
1.46343
3.55779
0.43885
1.23808
3.50514
0.323892
1.28149
3.51656
0.518791
1.33524
3.39157
0.289014
1.46343
3.35814
0.43885
1.23808
3.41079
0.323892
1.28149
3.39938
0.518791
1.26876
3.27193
0.289014
1.36876
3.18075
0.436275
1.19084
3.32578
0.323892
1.22551
3.29394
0.518273
1.14896
3.18914
0.289014
1.20268
3.06151
0.433324
1.10572
3.26695
0.323892
1.12487
3.22117
0.517637
0.999573
3.15959
0.289014
0.999573
3.01984
0.432092
0.999573
3.24596
0.323892
0.999573
3.19525
0.517358
0.850185
3.18914
0.289014
0.796467
3.06151
0.433324
0.893427
3.26695
0.323892
0.874278
3.22117
0.517637
0.730386
3.27193
0.289014
0.630383
3.18075
0.436275
0.808305
3.32578
0.323892
0.773636
3.29394
0.518273
0.663902
3.39157
0.289014
0.535716
3.35814
0.43885
0.761066
3.41079
0.323892
0.71766
3.39938
0.518791
0.663902
3.52436
0.289014
0.535716
3.55779
0.43885
0.761066
3.50514
0.323892
0.71766
3.51656
0.518791
0.730386
3.644
0.289014
0.630383
3.73518
0.436275
0.808305
3.59015
0.323892
0.773636
3.622
0.518273
0.850185
3.7268
0.289014
0.796467
3.85442
0.433324
0.893427
3.64898
0.323892
0.874278
3.69476
0.517637
0.832274
3.75903
-0.005695
0.762918
3.92309
0.0852635
0.999573
3.79212
-0.005695
0.999573
3.97031
0.0851255
0.999573
3.79212
-0.20481
0.999573
3.98809
-0.244772
0.832274
3.75903
-0.20481
0.756096
3.93939
-0.245649
1.30103
3.66631
-0.005695
1.43282
3.78584
0.0856587
1.37549
3.53232
-0.005695
1.5475
3.5769
0.0860891
1.37549
3.53232
-0.20481
1.56411
3.58128
-0.249828
1.30103
3.66631
-0.20481
1.44564
3.79761
-0.247832
1.37549
3.38361
-0.005695
1.5475
3.33903
0.0860891
1.37549
3.38361
-0.20481
1.56411
3.33465
-0.249828
1.30103
3.24962
-0.005695
1.43282
3.1301
0.0856587
1.30103
3.24962
-0.20481
1.44564
3.11833
-0.247832
1.16687
3.1569
-0.005695
1.23623
2.99284
0.0852635
1.16687
3.1569
-0.20481
1.24305
2.97655
-0.245649
0.999573
3.12381
-0.005695
0.999573
2.94562
0.0851255
0.999573
3.12381
-0.20481
0.999573
2.92785
-0.244772
0.832274
3.1569
-0.005695
0.762918
2.99284
0.0852635
0.832274
3.1569
-0.20481
0.756096
2.97655
-0.245649
0.69811
3.24962
-0.005695
0.566323
3.1301
0.0856587
0.69811
3.24962
-0.20481
0.553509
3.11833
-0.247832
0.623655
3.38361
-0.005695
0.451642
3.33903
0.0860891
0.623655
3.38361
-0.20481
0.435037
3.33465
-0.249828
0.623655
3.53232
-0.005695
0.451642
3.5769
0.0860891
0.623655
3.53232
-0.20481
0.435037
3.58128
-0.249828
0.69811
3.66631
-0.005695
0.566323
3.78584
0.0856587
0.69811
3.66631
-0.20481
0.553509
3.79761
-0.247832
1.16687
3.75903
-0.005695
1.23623
3.92309
0.0852635
1.16687
3.75903
-0.20481
1.24305
3.93939
-0.245649
1.14896
3.7268
-0.289014
1.20268
3.85442
-0.433324
0.999573
3.75635
-0.289014
0.999573
3.89609
-0.432092
1.10572
3.64898
-0.323892
1.12487
3.69476
-0.517637
0.999573
3.66998
-0.323892
0.999573
3.72068
-0.517358
1.26876
3.644
-0.289014
1.36876
3.73518
-0.436275
1.19084
3.59015
-0.323892
1.22551
3.622
-0.518273
1.33524
3.52436
-0.289014
1.46343
3.55779
-0.43885
1.23808
3.50514
-0.323892
1.28149
3.51656
-0.518791
1.33524
3.39157
-0.289014
1.46343
3.35814
-0.43885
1.23808
3.41079
-0.323892
1.28149
3.39938
-0.518791
1.26876
3.27193
-0.289014
1.36876
3.18075
-0.436275
1.19084
3.32578
-0.323892
1.22551
3.29394
-0.518273
1.14896
3.18914
-0.289014
1.20268
3.06151
-0.433324
1.10572
3.26695
-0.323892
1.12487
3.22117
-0.517637
0.999573
3.15959
-0.289014
0.999573
3.01984
-0.432092
0.999573
3.24596
-0.323892
0.999573
3.19525
-0.517358
0.850185
3.18914
-0.289014
0.796467
3.06151
-0.433324
0.893427
3.26695
-0.323892
0.874278
3.22117
-0.517637
0.730386
3.27193
-0.289014
0.630383
3.18075
-0.436275
0.808305
3.32578
-0.323892
0.773636
3.29394
-0.518273
0.663902
3.39157
-0.289014
0.535716
3.35814
-0.43885
0.761066
3.41079
-0.323892
0.71766
3.39938
-0.518791
0.663902
3.52436
-0.289014
0.535716
3.55779
-0.43885
0.761066
3.50514
-0.323892
0.71766
3.51656
-0.518791
0.730386
3.644
-0.289014
0.630383
3.73518
-0.436275
0.808305
3.59015
-0.323892
0.773636
3.622
-0.518273
0.850185
3.7268
-0.289014
0.796467
3.85442
-0.433324
0.893427
3.64898
-0.323892
0.874278
3.69476
-0.517637
