1.35453
5.27073
0
1.48011
5.42639
0
1.1756
5.39741
0
1.26671
5.57546
0
1.1756
5.39741
0.291622
1.26374
5.56295
0.361126
1.34911
5.27073
0.306228
1.4501
5.40506
0.414654
-0.024662
5.38833
0.40057
-0.0350291
5.42571
0.596771
0.003231
5.61218
0.36574
-0.0366372
5.75989
0.494547
-0.200675
5.53716
0.36574
-0.322427
5.66721
0.456644
-0.256981
5.3553
0.394009
-0.394961
5.40744
0.529076
1.12325
4.83247
0
1.12847
4.63253
0
1.67187
4.84681
0
1.84736
4.75088
0
1.67187
4.84681
0.285976
1.8085
4.77722
0.414389
1.12325
4.83247
0.366671
1.14276
4.72768
0.535904
0.003231
5.61218
0
-0.0482759
5.80544
0
-0.200675
5.53716
0
-0.3631
5.65386
0
0.871287
5.49726
0
0.933632
5.68729
0
0.566973
5.59711
0
0.617096
5.79072
0
0.566973
5.59711
0.357078
0.606093
5.75077
0.47897
0.899424
5.49198
0.332096
0.960147
5.64648
0.443637
0.196685
4.81812
0
0.168617
4.6201
0
0.574636
4.81812
0
0.577246
4.61814
0
0.574636
4.81812
0.36574
0.578219
4.66404
0.493198
0.196685
4.81812
0.36574
0.174739
4.66493
0.492426
0.04794
4.86116
0.36574
0.0157466
4.74833
0.527709
-0.030574
5.22196
0.4354
-0.0418863
5.22254
0.635079
-0.269328
5.22196
0.422278
-0.40917
5.19368
0.562437
-0.100806
4.90419
0.36574
-0.207792
4.75939
0.452839
1.02949
5.18301
0.411943
1.05665
5.20262
0.609117
0.566973
5.22196
0.452907
0.574493
5.22804
0.652673
0.964457
5.33749
0.37202
0.999825
5.40003
0.558669
0.566973
5.40953
0.404992
0.581593
5.4584
0.598378
1.49201
5.14405
0
1.63982
5.27878
0
1.49201
5.14405
0.320833
1.61459
5.24339
0.443737
-0.277324
5.22196
0
-0.472743
5.1794
9.70296e-11
-0.100806
4.90419
0
-0.246417
4.76709
0
-0.271969
5.3553
0
-0.46782
5.39583
9.40109e-11
0.208179
5.22196
0.448521
0.202267
5.22317
0.64843
0.04794
4.86116
0
-0.00764053
4.66903
0
0.207137
5.64684
0
0.204031
5.84682
0
0.207137
5.64684
0.36574
0.204594
5.80056
0.493661
0.207658
5.42135
0.407131
0.204515
5.46189
0.602954
1.34911
5.27073
-0.306228
1.4501
5.40506
-0.414654
1.1756
5.39741
-0.291622
1.26374
5.56295
-0.361126
-0.024662
5.38833
-0.40057
-0.0350291
5.42571
-0.596771
-0.256981
5.3553
-0.394009
-0.394961
5.40744
-0.529076
-0.200675
5.53716
-0.36574
-0.322427
5.66721
-0.456644
0.003231
5.61218
-0.36574
-0.0366372
5.75989
-0.494547
1.12325
4.83247
-0.366671
1.14276
4.72768
-0.535904
1.67187
4.84681
-0.285976
1.8085
4.77722
-0.414389
0.899424
5.49198
-0.332096
0.960147
5.64648
-0.443637
0.566973
5.59711
-0.357078
0.606093
5.75077
-0.47897
0.196685
4.81812
-0.36574
0.174739
4.66493
-0.492426
0.574636
4.81812
-0.36574
0.578219
4.66404
-0.493198
0.04794
4.86116
-0.36574
0.0157466
4.74833
-0.527709
-0.100806
4.90419
-0.36574
-0.207792
4.75939
-0.452839
-0.269328
5.22196
-0.422278
-0.40917
5.19368
-0.562437
-0.030574
5.22196
-0.4354
-0.0418863
5.22254
-0.635079
0.566973
5.22196
-0.452907
0.574493
5.22804
-0.652673
1.02949
5.18301
-0.411943
1.05665
5.20262
-0.609117
0.964457
5.33749
-0.37202
0.999825
5.40003
-0.558669
0.566973
5.40953
-0.404992
0.581593
5.4584
-0.598378
1.49201
5.14405
-0.320833
1.61459
5.24339
-0.443737
0.208179
5.22196
-0.448521
0.202267
5.22317
-0.64843
0.207137
5.64684
-0.36574
0.204594
5.80056
-0.493661
0.207658
5.42135
-0.407131
0.204515
5.46189
-0.602954
