-0.130268
5.91132
1.04827
0.0552467
5.83666
1.04497
-0.127867
5.92176
1.04841
0.0670321
5.877
1.04511
-0.122387
5.91816
1.42065
0.0725121
5.8734
1.41735
-0.124372
5.90953
1.42053
0.0611426
5.83487
1.41723
-0.210216
6.00323
1.05632
-0.25835
6.19699
1.06813
-0.220057
5.99902
1.05686
-0.29792
6.18279
1.06978
-0.198612
5.98205
1.42764
-0.276475
6.16581
1.44056
-0.190476
5.98553
1.42719
-0.23861
6.17929
1.439
-0.228399
5.87877
1.05397
-0.330655
5.70708
1.06205
-0.219231
5.87327
1.05319
-0.29341
5.68766
1.05984
-0.197929
5.87807
1.4246
-0.272108
5.69246
1.43125
-0.205509
5.88262
1.42524
-0.307765
5.71093
1.43332
-0.125466
5.9322
1.04855
0.0740382
5.91843
1.04563
-0.126403
5.94287
1.04892
0.0728095
5.96043
1.04646
-0.121176
5.93562
1.42107
0.0780365
5.95318
1.41861
-0.120402
5.9268
1.42076
0.0791022
5.91303
1.41785
-0.229898
5.99481
1.05741
-0.335562
6.16404
1.07143
-0.237965
5.98777
1.05775
-0.368827
6.13829
1.07253
-0.213419
5.97274
1.42837
-0.344281
6.12326
1.44315
-0.206749
5.97857
1.42809
-0.312413
6.1478
1.44211
-0.208812
5.87089
1.05242
-0.25309
5.67592
1.05748
-0.198393
5.8685
1.05164
-0.211666
5.66898
1.0553
-0.180699
5.87413
1.42332
-0.193972
5.6746
1.42698
-0.189314
5.8761
1.42396
-0.233592
5.68113
1.42902
-0.127339
5.95354
1.04929
0.0666932
6.00201
1.04766
-0.131521
5.96339
1.04985
0.0525597
6.04158
1.04909
-0.125408
5.95259
1.42184
0.0586727
6.03078
1.42108
-0.12195
5.94444
1.42137
0.0720822
5.99291
1.41974
-0.246032
5.98072
1.05809
-0.398844
6.10882
1.07357
-0.251535
5.97153
1.0582
-0.422533
6.07405
1.074
-0.224639
5.95931
1.42874
-0.395637
6.06183
1.44454
-0.220088
5.96691
1.42865
-0.3729
6.09501
1.44413
-0.187741
5.86946
1.05095
-0.169692
5.67029
1.05311
-0.17709
5.87042
1.05026
-0.128159
5.6765
1.05118
-0.163085
5.87571
1.42218
-0.114154
5.68179
1.4231
-0.171892
5.87492
1.42275
-0.153843
5.67575
1.42491
-0.135703
5.97324
1.05042
0.0339008
6.07924
1.05086
-0.142722
5.98131
1.05113
0.00823838
6.11249
1.05277
-0.134669
5.9674
1.42289
0.0162914
6.09858
1.42453
-0.128866
5.96073
1.42231
0.0407378
6.06672
1.42276
-0.257038
5.96233
1.05831
-0.441984
6.03675
1.07434
-0.259439
5.95189
1.05817
-0.453782
5.99637
1.07405
-0.231174
5.94307
1.42872
-0.425517
5.98756
1.4446
-0.229189
5.95171
1.42883
-0.414135
6.02612
1.44487
-0.167249
5.87463
1.04971
-0.0886294
5.69073
1.04937
-0.157408
5.87884
1.04917
-0.0510393
5.70947
1.04788
-0.146812
5.88267
1.42128
-0.0404434
5.71331
1.41999
-0.154949
5.87919
1.42173
-0.0763294
5.69529
1.42139
-0.158907
5.99488
1.05261
-0.0558073
6.1662
1.05709
-0.168075
6.00037
1.05339
-0.0930323
6.18566
1.05946
-0.155632
5.98316
1.42476
-0.0805893
6.16845
1.43084
-0.148052
5.97862
1.42412
-0.0449523
6.14994
1.4286
-0.26184
5.94145
1.05803
-0.460774
5.95487
1.07368
-0.260903
5.93078
1.05766
-0.459526
5.91282
1.0727
-0.232385
5.92562
1.4283
-0.431008
5.90766
1.44334
-0.233159
5.93444
1.4286
-0.432093
5.94787
1.44426
-0.149342
5.88588
1.04883
-0.017829
5.73522
1.04663
-0.141275
5.89293
1.04849
0.0121563
5.76466
1.04574
-0.133473
5.89432
1.42071
0.0199583
5.76606
1.41797
-0.140143
5.8885
1.42099
-0.00862996
5.73783
1.41879
-0.178494
6.00276
1.05416
-0.133355
6.19745
1.06168
-0.188914
6.00515
1.05493
-0.17478
6.20444
1.06401
-0.172862
5.98711
1.42604
-0.158728
6.1864
1.43512
-0.164247
5.98514
1.4254
-0.119108
6.17983
1.43292
-0.259967
5.92011
1.05729
-0.453367
5.87122
1.07165
-0.255785
5.91026
1.05672
-0.439198
5.83163
1.07004
-0.228153
5.90865
1.42752
-0.411566
5.83002
1.44084
-0.231611
5.9168
1.42799
-0.425011
5.86791
1.44235
-0.135772
5.90212
1.04838
0.0358049
5.7994
1.04516
-0.128923
5.90193
1.42062
0.0426539
5.79921
1.4174
-0.199565
6.00419
1.05562
-0.216785
6.20317
1.06605
-0.181669
5.98632
1.42661
-0.198889
6.1853
1.43704
-0.251603
5.9004
1.05616
-0.420488
5.79398
1.06844
-0.244585
5.89234
1.05545
-0.394788
5.76073
1.06639
-0.218892
5.89384
1.42647
-0.369095
5.76223
1.43741
-0.224695
5.90051
1.42705
-0.39358
5.79408
1.43933
-0.237567
5.88427
1.05474
-0.365369
5.73073
1.06437
-0.213089
5.88716
1.42589
-0.340891
5.73362
1.43551
-0.14974
5.98938
1.05183
-0.0211289
6.14251
1.05493
-0.140472
5.97407
1.42348
-0.0118609
6.12721
1.42658
-0.130268
5.91132
-1.02876
0.0552467
5.83666
-1.02546
-0.124372
5.90953
-1.40102
0.0434369
5.84186
-1.48624
-0.122387
5.91816
-1.40114
0.0210242
5.88341
-1.53614
-0.127867
5.92176
-1.0289
0.0670321
5.877
-1.0256
-0.128866
5.96073
-1.4028
0.0258137
6.05111
-1.49172
-0.125408
5.95259
-1.40233
0.042145
6.01872
-1.48924
-0.121951
5.94444
-1.40187
0.053727
5.98429
-1.48875
-0.121176
5.93562
-1.40156
0.0254352
5.94377
-1.53735
-0.120402
5.9268
-1.40125
0.0597587
5.91224
-1.48687
-0.128923
5.90193
-1.40111
-0.0016136
5.82731
-1.53611
-0.133473
5.89432
-1.4012
0.00636266
5.77987
-1.48691
-0.140143
5.8885
-1.40148
-0.0191183
5.7541
-1.48686
-0.146812
5.88267
-1.40177
-0.0479404
5.7322
-1.48884
-0.154949
5.87919
-1.40222
-0.0914297
5.7484
-1.53955
-0.163086
5.87571
-1.40267
-0.114294
5.70347
-1.49183
-0.171892
5.87492
-1.40324
-0.150112
5.6974
-1.49276
-0.180699
5.87413
-1.40381
-0.186357
5.69653
-1.4956
-0.189314
5.8761
-1.40445
-0.210687
5.73681
-1.54638
-0.197929
5.87808
-1.40509
-0.257199
5.71219
-1.49979
-0.205509
5.88262
-1.40573
-0.26735
5.75902
-1.5503
-0.213089
5.88716
-1.40638
-0.319871
5.74908
-1.504
-0.218892
5.89384
-1.40696
-0.314485
5.79781
-1.55407
-0.224695
5.90051
-1.40754
-0.368158
5.80372
-1.5078
-0.228153
5.90865
-1.40801
-0.385181
5.83622
-1.50849
-0.231611
5.9168
-1.40848
-0.39718
5.87083
-1.51082
-0.232385
5.92562
-1.40879
-0.36261
5.90895
-1.55966
-0.233159
5.93444
-1.40909
-0.403933
5.94379
-1.51277
-0.231174
5.94308
-1.40921
-0.358598
5.97037
-1.56093
-0.229189
5.95171
-1.40932
-0.387665
6.01533
-1.51343
-0.224639
5.95931
-1.40923
-0.335665
6.02753
-1.56096
-0.220088
5.96691
-1.40914
-0.349955
6.07828
-1.51274
-0.213419
5.97274
-1.40886
-0.29609
6.07471
-1.55975
-0.206749
5.97857
-1.40858
-0.294579
6.12636
-1.51077
-0.198612
5.98205
-1.40813
-0.24387
6.10719
-1.55743
-0.190476
5.98553
-1.40768
-0.227113
6.15479
-1.50771
-0.181669
5.98632
-1.40711
-0.184291
6.12177
-1.55423
-0.172862
5.98711
-1.40653
-0.154323
6.16083
-1.50389
-0.164247
5.98514
-1.40589
-0.123301
6.11713
-1.55047
-0.155632
5.98316
-1.40525
-0.0834295
6.14402
-1.49966
-0.148052
5.97862
-1.40461
-0.0669248
6.09384
-1.54653
-0.140472
5.97407
-1.40397
-0.0213817
6.10615
-1.49547
-0.134669
5.9674
-1.40339
0.00417452
6.08035
-1.49263
-0.210216
6.00323
-1.03681
-0.25835
6.19699
-1.04862
-0.220057
5.99902
-1.03735
-0.29792
6.18279
-1.05027
-0.228399
5.87877
-1.03446
-0.330655
5.70708
-1.04254
-0.219231
5.87327
-1.03368
-0.29341
5.68766
-1.04033
-0.125467
5.9322
-1.02904
0.0740372
5.91843
-1.02612
-0.126403
5.94287
-1.02941
0.0728095
5.96043
-1.02695
-0.229898
5.99481
-1.0379
-0.335562
6.16404
-1.05192
-0.237965
5.98777
-1.03824
-0.368827
6.13829
-1.05302
-0.208812
5.87089
-1.03291
-0.25309
5.67592
-1.03797
-0.198393
5.8685
-1.03213
-0.211666
5.66898
-1.03579
-0.127339
5.95354
-1.02978
0.0666932
6.00201
-1.02815
-0.131521
5.96339
-1.03034
0.0525597
6.04158
-1.02958
-0.246032
5.98072
-1.03858
-0.398844
6.10882
-1.05406
-0.251535
5.97153
-1.03869
-0.422533
6.07405
-1.05449
-0.187741
5.86946
-1.03144
-0.169692
5.67029
-1.0336
-0.17709
5.87042
-1.03075
-0.128159
5.6765
-1.03167
-0.135703
5.97324
-1.03091
0.0339008
6.07924
-1.03136
-0.142722
5.98131
-1.03162
0.00824764
6.11248
-1.03326
-0.257038
5.96233
-1.0388
-0.441984
6.03675
-1.05483
-0.259439
5.95189
-1.03866
-0.453782
5.99637
-1.05454
-0.167249
5.87463
-1.03021
-0.0886294
5.69073
-1.02987
-0.157408
5.87884
-1.02966
-0.0510393
5.70947
-1.02838
-0.158907
5.99488
-1.0331
-0.0558073
6.1662
-1.03758
-0.168075
6.00037
-1.03388
-0.0930323
6.18566
-1.03995
-0.26184
5.94145
-1.03852
-0.460774
5.95487
-1.05417
-0.260903
5.93078
-1.03815
-0.459526
5.91282
-1.05319
-0.149342
5.88588
-1.02932
-0.017829
5.73522
-1.02712
-0.141275
5.89293
-1.02898
0.0121563
5.76466
-1.02623
-0.178494
6.00276
-1.03465
-0.133355
6.19745
-1.04217
-0.188914
6.00515
-1.03542
-0.17478
6.20444
-1.04451
-0.259967
5.92011
-1.03778
-0.453367
5.87122
-1.05214
-0.255785
5.91026
-1.03721
-0.439198
5.83163
-1.05053
-0.135772
5.90212
-1.02887
0.0358049
5.7994
-1.02565
-0.199565
6.00419
-1.03612
-0.216785
6.20317
-1.04654
-0.251603
5.9004
-1.03665
-0.420488
5.79398
-1.04893
-0.244585
5.89234
-1.03594
-0.394788
5.76073
-1.04688
-0.237567
5.88427
-1.03524
-0.365369
5.73073
-1.04486
-0.14974
5.98938
-1.03232
-0.021118
6.1425
-1.03542
