-0.473956
5.60219
0.009754
-0.459536
5.40271
0.009754
-0.460313
5.60342
0.009754
-0.414449
5.40875
0.009754
-0.431642
5.60872
0.443938
-0.3773
5.42008
0.482164
-0.444557
5.60806
0.447588
-0.420089
5.41564
0.496338
-0.375201
5.69492
0.410098
-0.18532
5.71111
0.349412
-0.377131
5.70801
0.407809
-0.193887
5.75389
0.342103
-0.315799
5.77003
0.509907
-0.175635
5.78937
0.368558
-0.311736
5.75916
0.515046
-0.159834
5.75431
0.385037
-0.44892
5.76995
0.009754
-0.372197
5.95465
0.009754
-0.462269
5.773
0.009754
-0.41444
5.9672
0.009754
-0.44313
5.7707
0.412278
-0.40667
5.95819
0.352952
-0.430251
5.76728
0.409514
-0.365469
5.9452
0.345125
-0.537797
5.62115
0.009754
-0.665903
5.46756
0.009754
-0.526047
5.61411
0.009754
-0.629555
5.44297
0.009754
-0.494811
5.62141
0.458372
-0.584512
5.45926
0.53361
-0.506393
5.62858
0.45998
-0.620606
5.48405
0.537876
-0.561164
5.65444
0.009754
-0.74376
5.57284
0.009754
-0.555796
5.64182
0.009754
-0.723931
5.53351
0.009754
-0.524697
5.649
0.460567
-0.679766
5.54955
0.538441
-0.530523
5.66125
0.459519
-0.700767
5.58802
0.53471
-0.395473
5.69627
0.009754
-0.196739
5.71874
0.009754
-0.396685
5.70995
0.009754
-0.203769
5.76271
0.009754
-0.407422
5.73519
0.009754
-0.239325
5.84356
0.009754
-0.416421
5.74553
0.009754
-0.266573
5.87799
0.009754
-0.397935
5.74273
0.406006
-0.259632
5.86827
0.334509
-0.388783
5.73252
0.405712
-0.231706
5.83384
0.334565
-0.562831
5.72118
0.009754
-0.749526
5.7929
0.009754
-0.565894
5.70779
0.009754
-0.761698
5.74855
0.009754
-0.538053
5.71237
0.450589
-0.727048
5.75801
0.49747
-0.535897
5.72503
0.447285
-0.717681
5.80039
0.482988
-0.414463
5.63227
0.009754
-0.260466
5.50466
0.009754
-0.407425
5.64405
0.009754
-0.234699
5.54323
0.009754
-0.383613
5.64551
0.422991
-0.213639
5.54281
0.399304
-0.389642
5.63453
0.426987
-0.236231
5.5067
0.415794
-0.538429
5.75378
0.009754
-0.669629
5.90473
0.009754
-0.548754
5.74474
0.009754
-0.702769
5.87233
0.009754
-0.523837
5.74699
0.439292
-0.677237
5.87484
0.450475
-0.514523
5.75523
0.434995
-0.647329
5.90476
0.433383
-0.447713
5.60881
0.009754
-0.371554
5.42388
0.009754
-0.435113
5.61421
0.009754
-0.330075
5.44401
0.009754
-0.40827
5.61806
0.435582
-0.299126
5.45109
0.449981
-0.419956
5.61339
0.43976
-0.337608
5.43313
0.466712
-0.475619
5.77606
0.009754
-0.458491
5.97532
0.009754
-0.489261
5.77483
0.009754
-0.503262
5.97434
0.009754
-0.468923
5.77346
0.418691
-0.492239
5.96691
0.373577
-0.456009
5.77412
0.415042
-0.449601
5.96692
0.362266
-0.514298
5.60707
0.009754
-0.59059
5.42219
0.009754
-0.500948
5.60401
0.009754
-0.548282
5.40969
0.009754
-0.47035
5.61082
0.454001
-0.505027
5.42493
0.51913
-0.483229
5.61424
0.456765
-0.545989
5.43812
0.527775
-0.43717
5.76291
0.009754
-0.333331
5.93384
0.009754
-0.418669
5.76011
0.407907
-0.326813
5.9242
0.339812
-0.546796
5.63148
0.009754
-0.696595
5.49897
0.009754
-0.515545
5.63879
0.460274
-0.6517
5.51522
0.538971
-0.402053
5.72257
0.009754
-0.219537
5.80435
0.009754
-0.382957
5.72027
0.406761
-0.210924
5.79516
0.337513
-0.568957
5.69441
0.009754
-0.768735
5.70383
0.009754
-0.567745
5.68074
0.009754
-0.766511
5.65856
0.009754
-0.538279
5.6866
0.456182
-0.72699
5.67148
0.520677
-0.540208
5.6997
0.453893
-0.73147
5.71545
0.510203
-0.400387
5.65584
0.009754
-0.213661
5.58419
0.009754
-0.397324
5.66922
0.009754
-0.201485
5.62863
0.009754
-0.375427
5.66916
0.41569
-0.185941
5.62396
0.370384
-0.377583
5.6565
0.418994
-0.195553
5.58136
0.38407
-0.555792
5.73296
0.009754
-0.728518
5.83378
0.009754
-0.529867
5.73601
0.443289
-0.699798
5.83876
0.467092
-0.424788
5.62324
0.009754
-0.293609
5.47227
0.009754
-0.398956
5.6263
0.431285
-0.266113
5.4768
0.432962
-0.502904
5.7736
0.009754
-0.548481
5.96833
0.009754
-0.515504
5.7682
0.009754
-0.5915
5.9532
0.009754
-0.493523
5.76813
0.426519
-0.575396
5.94881
0.401004
-0.481837
5.7728
0.422341
-0.535363
5.96217
0.386642
-0.487599
5.60096
0.009754
-0.504244
5.40165
0.009754
-0.457471
5.6074
0.451237
-0.462373
5.41593
0.50881
-0.566533
5.66707
0.009754
-0.759516
5.61455
0.009754
-0.536349
5.67351
0.45847
-0.718086
5.62903
0.529136
-0.425421
5.75587
0.009754
-0.297131
5.9093
0.009754
-0.407087
5.75294
0.4063
-0.290674
5.89948
0.335758
-0.394261
5.6826
0.009754
-0.194472
5.67343
0.009754
-0.373272
5.68182
0.412386
-0.181177
5.66684
0.358763
-0.528105
5.76281
0.009754
-0.633094
5.93303
0.009754
-0.50521
5.76346
0.430697
-0.61412
5.93064
0.416974
-0.446904
5.82534
0.562241
-0.599781
5.95352
0.57632
-0.44057
5.83045
0.553961
-0.578071
5.97478
0.537778
-0.376447
5.70693
0.599633
-0.378127
5.56789
0.743381
-0.387956
5.71179
0.604227
-0.411881
5.58482
0.756893
-0.33019
5.79167
0.504148
-0.221016
5.85612
0.349467
-0.322994
5.78085
0.507028
-0.19768
5.8241
0.357275
-0.453005
5.80961
0.578199
-0.619745
5.89394
0.649517
-0.449955
5.81747
0.57022
-0.61274
5.92503
0.614179
-0.354156
5.7005
0.588538
-0.30779
5.54407
0.704202
-0.364937
5.70208
0.595038
-0.342282
5.55274
0.726127
-0.349437
5.8111
0.503475
-0.278024
5.9134
0.347163
-0.339814
5.80138
0.503812
-0.248902
5.88586
0.346973
-0.451941
5.78992
0.591992
-0.611054
5.82309
0.708538
-0.452473
5.79976
0.585096
-0.617655
5.85801
0.681645
-0.334376
5.70079
0.574267
-0.239028
5.54069
0.646921
-0.343375
5.69893
0.582038
-0.271485
5.5385
0.677401
-0.360548
5.81876
0.505713
-0.309954
5.93703
0.35257
-0.443815
5.76819
0.602271
-0.579916
5.75188
0.747911
-0.447878
5.77905
0.597132
-0.59659
5.7861
0.73068
-0.319044
5.70776
0.558216
-0.181433
5.56356
0.574634
-0.325378
5.70265
0.566496
-0.206924
5.54796
0.611662
-0.383167
5.83127
0.512545
-0.378023
5.97524
0.37381
-0.371658
5.82642
0.507951
-0.343538
5.95881
0.360703
-0.429424
5.74654
0.608029
-0.533411
5.68668
0.76804
-0.43662
5.75736
0.60515
-0.557162
5.71793
0.759794
-0.309659
5.72074
0.541958
-0.14674
5.61329
0.498225
-0.312709
5.71287
0.549936
-0.159768
5.58475
0.535973
-0.405458
5.83771
0.52364
-0.449822
5.99734
0.411622
-0.394676
5.83613
0.517139
-0.414556
5.98961
0.390458
-0.410176
5.72711
0.608703
-0.476411
5.63035
0.770724
-0.4198
5.73683
0.608366
-0.505376
5.65752
0.770806
-0.307141
5.73845
0.527082
-0.140659
5.68107
0.432257
-0.306609
5.7286
0.533979
-0.139239
5.64475
0.463584
-0.425237
5.83742
0.537911
-0.519757
5.99879
0.467018
-0.416239
5.83928
0.53014
-0.48671
6.00193
0.437513
-0.399066
5.71945
0.606465
-0.444896
5.60683
0.765258
-0.307673
5.74829
0.520186
-0.146332
5.71667
0.406305
-0.434236
5.83556
0.545682
-0.552231
5.99087
0.501454
-0.282806
5.81177
0.662704
-0.284357
5.67684
0.810323
-0.294816
5.8161
0.666634
-0.317412
5.69354
0.823063
-0.223618
5.91005
0.584341
-0.115399
5.97499
0.429191
-0.216924
5.89871
0.586557
-0.0926922
5.94293
0.436189
-0.355332
5.91867
0.64661
-0.521848
6.002
0.719607
-0.35119
5.92768
0.640076
-0.514092
6.0347
0.684887
-0.259232
5.80668
0.653308
-0.214281
5.65261
0.772652
-0.270795
5.80744
0.658774
-0.248838
5.66142
0.793676
-0.24252
5.92985
0.584125
-0.171458
6.03179
0.427413
-0.233069
5.91995
0.584233
-0.142894
6.00446
0.426986
-0.356236
5.89691
0.657796
-0.513472
5.92861
0.777261
-0.355784
5.90779
0.652203
-0.520058
5.9645
0.751187
-0.237687
5.80882
0.641374
-0.143741
5.64912
0.716679
-0.24767
5.80592
0.647842
-0.177222
5.64681
0.746426
-0.253803
5.93733
0.586134
-0.203104
6.05492
0.432509
-0.349673
5.87354
0.666007
-0.481981
5.8568
0.815052
-0.352954
5.88523
0.661902
-0.498707
5.89098
0.798734
-0.220279
5.81796
0.628072
-0.0830718
5.67348
0.645364
-0.227705
5.81171
0.634907
-0.110084
5.65691
0.681852
-0.277097
5.94914
0.592074
-0.270882
6.09228
0.45253
-0.265087
5.94481
0.588144
-0.236386
6.0764
0.440292
-0.336285
5.85085
0.670437
-0.435765
5.79274
0.83392
-0.342979
5.8622
0.668222
-0.459089
5.82327
0.826347
-0.208713
5.83323
0.614703
-0.0456258
5.72631
0.570291
-0.212854
5.82422
0.621237
-0.0599016
5.69611
0.607319
-0.30067
5.95422
0.60147
-0.34339
6.11344
0.488222
-0.289108
5.95347
0.596004
-0.307612
6.10629
0.468326
-0.317383
5.83106
0.670653
-0.38013
5.73807
0.836231
-0.326834
5.84095
0.670545
-0.408169
5.7645
0.836498
-0.204119
5.85311
0.602575
-0.0378266
5.79726
0.506516
-0.204571
5.84224
0.608168
-0.0371283
5.75939
0.536758
-0.322215
5.95209
0.613404
-0.415343
6.11366
0.541133
-0.312233
5.95498
0.606937
-0.381166
6.11753
0.512999
-0.306099
5.82358
0.668644
-0.349464
5.7153
0.831113
-0.206949
5.87568
0.592877
-0.0558744
5.87248
0.461857
-0.203667
5.86399
0.596982
-0.0428213
5.83398
0.48197
-0.339623
5.94294
0.626706
-0.476706
6.08759
0.609818
-0.332198
5.9492
0.619871
-0.449326
6.10485
0.574552
-0.21023
5.88736
0.588772
-0.0710535
5.90804
0.446637
-0.347049
5.93669
0.633542
-0.499919
6.06487
0.647664
-0.208856
5.85882
0.726095
-0.183926
5.66678
0.776064
-0.222441
5.85761
0.727472
-0.22656
5.66668
0.786869
-0.16108
6.01219
0.719706
-0.0453549
6.15823
0.647044
-0.152077
6.00186
0.71891
-0.0145406
6.1268
0.644935
-0.303836
5.95102
0.734674
-0.49359
5.96734
0.795723
-0.300835
5.96438
0.734234
-0.488549
6.01038
0.785686
-0.182738
5.86541
0.723405
-0.100418
5.6851
0.750098
-0.19527
5.86003
0.724719
-0.14066
5.67156
0.763362
-0.172811
6.01923
0.720811
-0.0815808
6.18298
0.651079
-0.301319
5.92372
0.734705
-0.481322
5.88019
0.81023
-0.302578
5.93737
0.734689
-0.489594
5.92295
0.804094
-0.159955
5.87978
0.720968
-0.0270479
5.73037
0.724781
-0.170206
5.87077
0.722091
-0.0612017
5.70361
0.735283
-0.197851
6.02935
0.72322
-0.161866
6.21669
0.663155
-0.184541
6.02628
0.721915
-0.120297
6.20395
0.656303
-0.290529
5.8985
0.733883
-0.443954
5.80019
0.816313
-0.295924
5.91111
0.734294
-0.464453
5.83891
0.814197
-0.142736
5.90054
0.719024
0.0265554
5.79755
0.691939
-0.149704
5.88878
0.719846
0.00322865
5.76065
0.705893
-0.224746
6.0312
0.725901
-0.248252
6.22465
0.680908
-0.211161
6.03241
0.724524
-0.205072
6.22514
0.671435
-0.272522
5.87784
0.73229
-0.385278
5.73434
0.814117
-0.281526
5.88817
0.733087
-0.405946
5.77312
0.839306
-0.132768
5.92565
0.717762
0.0556451
5.88012
0.668493
-0.135769
5.91229
0.718202
0.0453826
5.83685
0.679557
-0.250864
6.02462
0.728591
-0.332606
6.2055
0.704096
-0.238332
6.02999
0.727277
-0.291883
6.21947
0.692193
-0.24906
5.86375
0.730081
-0.310608
5.68844
0.804088
-0.260791
5.87079
0.731185
-0.341094
5.71877
0.833356
-0.131025
5.95265
0.717307
0.0576599
5.96827
0.652855
-0.129766
5.939
0.717322
0.0611658
5.92358
0.659813
-0.273647
6.01025
0.731028
-0.406461
6.15974
0.727576
-0.263396
6.01925
0.729905
-0.372073
6.18672
0.717835
-0.235751
5.86068
0.728776
-0.269435
5.67547
0.796319
-0.137678
5.97891
0.717702
0.0333526
6.05308
0.645254
-0.132283
5.96631
0.717292
0.0498264
6.01152
0.648066
-0.290866
5.98949
0.732972
-0.460077
6.09254
0.76033
-0.283898
6.00125
0.732151
-0.436789
6.12941
0.746236
-0.143073
5.99152
0.718113
0.0131097
6.09214
0.644067
-0.297833
5.97774
0.733794
-0.478631
6.05344
0.773556
-0.29109
5.94831
0.898441
-0.489179
5.96139
0.922726
-0.288014
5.96169
0.898618
-0.481535
6.00579
0.923216
-0.169918
5.86272
0.887789
-0.0915314
5.67875
0.88452
-0.182524
5.85733
0.888486
-0.133619
5.66341
0.890123
-0.159232
6.01676
0.891498
-0.0562329
6.18818
0.893675
-0.147488
6.00972
0.890502
-0.0188335
6.1628
0.894467
-0.288691
5.92098
0.897492
-0.481268
5.87185
0.919854
-0.28989
5.93465
0.897967
-0.487988
5.91643
0.918596
-0.146978
5.87713
0.886653
-0.0154251
5.72649
0.886413
-0.157312
5.86811
0.887092
-0.0510018
5.69871
0.885222
-0.184323
6.02686
0.893484
-0.139129
6.22156
0.900474
-0.170976
6.0238
0.892494
-0.0957567
6.20892
0.901074
-0.277976
5.89574
0.896042
-0.446149
5.78921
0.915252
-0.283334
5.90836
0.896767
-0.466259
5.82957
0.914926
-0.129595
5.89794
0.886077
0.0418403
5.79528
0.877654
-0.136644
5.88616
0.886215
0.0167405
5.75788
0.881937
-0.211315
6.02869
0.895361
-0.228326
6.22762
0.907118
-0.19767
6.02991
0.894474
-0.183179
6.22894
0.907789
-0.259995
5.87507
0.894232
-0.387275
5.72154
0.909384
-0.268986
5.8854
0.895137
-0.418567
5.75376
0.91229
-0.119469
5.92309
0.886116
0.0752946
5.87853
0.877131
-0.122545
5.90972
0.885939
0.0629443
5.83512
0.880596
-0.237566
6.02207
0.896945
-0.315123
6.20572
0.912932
-0.22496
6.02746
0.896248
-0.272581
6.2209
0.913952
-0.236508
5.86099
0.89224
-0.310392
5.67543
0.902813
-0.248252
5.86803
0.893236
-0.350111
5.69638
0.906016
-0.117593
5.95014
0.886767
0.0814457
5.96799
0.878709
-0.116394
5.93647
0.886293
0.0830782
5.92283
0.881335
-0.260505
6.00765
0.898081
-0.39067
6.15781
0.92064
-0.250172
6.01668
0.897642
-0.355193
6.18555
0.918937
-0.209813
5.85487
0.89026
-0.223001
5.6554
0.896177
-0.223161
5.85793
0.89125
-0.267262
5.66302
0.899362
-0.12415
5.97643
0.887967
0.0597241
6.0549
0.882245
-0.118793
5.96381
0.887242
0.0751883
6.0124
0.884098
-0.277889
5.98685
0.898657
-0.448442
6.08913
0.919878
-0.270839
5.99863
0.89852
-0.422909
6.12634
0.92225
-0.196169
5.8561
0.889373
-0.178315
5.6569
0.8902
-0.138498
5.99938
0.889597
0.0122772
6.13077
0.8874
-0.129507
5.98905
0.888692
0.040069
6.09508
0.888621
-0.284939
5.97507
0.898795
-0.469078
6.04909
0.923554
-0.157895
6.00696
0.97715
-0.054461
6.17763
0.990225
-0.147275
6.00059
0.976249
-0.0183946
6.15304
0.988485
-0.274965
5.92034
0.982571
-0.467187
5.87124
1.00786
-0.27605
5.9327
0.983
-0.473444
5.91446
1.00951
-0.146814
5.88069
0.972769
-0.0151862
5.73014
0.97565
-0.156158
5.87253
0.973166
-0.0496595
5.70326
0.975607
-0.180585
6.01609
0.978946
-0.134817
6.20988
0.997639
-0.168515
6.01333
0.978051
-0.0929734
6.19776
0.994738
-0.265276
5.89752
0.98126
-0.433165
5.79103
1.00303
-0.27012
5.90893
0.981915
-0.452459
5.83018
1.00537
-0.131094
5.89951
0.972248
0.0405196
5.7968
0.972748
-0.137469
5.88886
0.972372
0.0160183
5.76064
0.973299
-0.204994
6.01774
0.980643
-0.221327
6.21578
1.00336
-0.192655
6.01885
0.979841
-0.177755
6.21719
1.0008
-0.249015
5.87883
0.979623
-0.376031
5.72534
0.99721
-0.257146
5.88817
0.980441
-0.406469
5.75657
0.999998
-0.121938
5.92226
0.972283
0.0729725
5.87744
0.973343
-0.124719
5.91016
0.972123
0.0608149
5.83548
0.972913
-0.228732
6.01176
0.982076
-0.305489
6.19461
1.00804
-0.217333
6.01663
0.981446
-0.264454
6.20944
1.00609
-0.227776
5.86609
0.977821
-0.301385
5.6806
0.990957
-0.238396
5.87246
0.978722
-0.339993
5.70086
0.993908
-0.120241
5.94671
0.972872
0.0789802
5.9641
0.975823
-0.119157
5.93435
0.972443
0.0803499
5.92047
0.974473
-0.249477
5.99872
0.983103
-0.379059
6.14845
1.01122
-0.240132
6.00689
0.982706
-0.344579
6.17523
1.01008
-0.203636
5.86056
0.976031
-0.216539
5.66118
0.984888
-0.215706
5.86333
0.976926
-0.25938
5.66856
0.98945
-0.12617
5.97049
0.973957
0.0579705
6.04831
0.979948
-0.121326
5.95907
0.973301
0.0727279
6.00727
0.977827
-0.265197
5.97991
0.983624
-0.434849
6.08179
1.01258
-0.258822
5.99056
0.9835
-0.410293
6.11793
1.01239
-0.178958
5.86278
0.974426
-0.129795
5.66899
0.979591
-0.191297
5.86167
0.975228
-0.173065
5.66257
0.980249
-0.139145
5.99124
0.975431
0.0120007
6.12185
0.985333
-0.131015
5.9819
0.974612
0.0387038
6.0874
0.982657
-0.274353
5.95716
0.983589
-0.467145
6.00109
1.01362
-0.271572
5.96926
0.983748
-0.455157
6.0431
1.01279
-0.167558
5.86766
0.973796
-0.088774
5.68386
0.977277
-0.277134
5.94506
0.983429
-0.474763
5.9581
1.01123
-0.177187
6.00983
1.0496
-0.134078
6.15616
1.17894
-0.165679
6.00719
1.04875
-0.0944954
6.16409
1.15032
-0.257936
5.89678
1.05181
-0.398286
5.80153
1.15778
-0.262555
5.90766
1.05244
-0.396715
5.84304
1.18595
-0.13
5.89867
1.04322
0.0107318
5.8158
1.15866
-0.136078
5.88852
1.04334
0.0029761
5.77476
1.13122
-0.20046
6.01141
1.05122
-0.205309
6.16115
1.18372
-0.188695
6.01246
1.05046
-0.169923
6.18149
1.15572
-0.242433
5.87895
1.05025
-0.347206
5.74274
1.15256
-0.250184
5.88787
1.05103
-0.374829
5.7704
1.1543
-0.12127
5.92036
1.04325
0.0538744
5.87895
1.13048
-0.123922
5.90883
1.0431
0.0427357
5.84161
1.13088
-0.223094
6.0057
1.05259
-0.274703
6.14386
1.18767
-0.212224
6.01035
1.05199
-0.247125
6.17473
1.16044
-0.222181
5.86681
1.04853
-0.280415
5.70274
1.14697
-0.232307
5.87288
1.04939
-0.31525
5.72046
1.14883
-0.119652
5.94368
1.04381
0.0420712
5.95381
1.16104
-0.118618
5.9319
1.0434
0.0599557
5.91736
1.13229
-0.242872
5.99327
1.05357
-0.33549
6.10596
1.1904
-0.233963
6.00105
1.05319
-0.318593
6.14443
1.16401
-0.199165
5.86154
1.04682
-0.20452
5.68548
1.14155
-0.210673
5.86418
1.04768
-0.236997
5.70918
1.17131
-0.125305
5.96635
1.04485
0.0246437
6.02314
1.16439
-0.120686
5.95547
1.04422
0.0530227
5.99464
1.13528
-0.25786
5.97533
1.05406
-0.381706
6.05106
1.19164
-0.251782
5.98549
1.05395
-0.377327
6.09348
1.16609
-0.175636
5.86366
1.0453
-0.127003
5.69261
1.13682
-0.1874
5.8626
1.04606
-0.166404
5.67333
1.10717
-0.137676
5.98614
1.04625
-0.0132556
6.08364
1.16878
-0.129924
5.97723
1.04547
0.0226563
6.06591
1.13957
-0.26659
5.95364
1.05403
-0.429047
5.98952
1.16503
-0.263939
5.96518
1.05418
-0.417543
6.02681
1.16646
-0.153898
5.87295
1.04409
-0.0555061
5.72339
1.13326
-0.164767
5.86831
1.04469
-0.0902535
5.70558
1.13396
-0.155553
6.00112
1.04789
-0.0600321
6.14648
1.14662
-0.268208
5.93032
1.05347
-0.434655
5.91193
1.16282
-0.269242
5.94211
1.05388
-0.435238
5.95094
1.16509
-0.144988
5.88073
1.04372
-0.0351078
5.76058
1.15986
-0.267174
5.91854
1.05306
-0.428618
5.87329
1.16209
-0.145428
5.99505
1.04703
-0.02817
6.12428
1.14475
-0.135772
5.90212
1.04838
-0.0304814
5.84096
1.20704
-0.141275
5.89293
1.04849
-0.0465929
5.81822
1.20803
-0.199565
6.00419
1.05562
-0.197845
6.1085
1.22626
-0.188914
6.00515
1.05493
-0.170075
6.10862
1.22505
-0.237567
5.88427
1.05474
-0.296618
5.79531
1.22386
-0.244585
5.89234
1.05545
-0.316642
5.8148
1.22514
-0.127867
5.92176
1.04841
-0.0099048
5.89254
1.20725
-0.130268
5.91132
1.04827
-0.0182309
5.86596
1.20761
-0.220057
5.99902
1.05686
-0.251597
6.0951
1.22941
-0.210216
6.00323
1.05632
-0.225181
6.1038
1.22855
-0.219231
5.87327
1.05319
-0.248912
5.76675
1.21983
-0.228399
5.87877
1.05397
-0.273999
5.77905
1.22123
-0.126403
5.94287
1.04892
-0.00621343
5.94787
1.2087
-0.125466
5.9322
1.04855
-0.00595298
5.92005
1.20845
-0.237965
5.98777
1.05775
-0.298685
6.06574
1.23163
-0.229898
5.99481
1.05741
-0.276201
6.08216
1.23126
-0.198393
5.8685
1.05164
-0.194719
5.75443
1.21588
-0.208812
5.87089
1.05242
-0.222362
5.75835
1.21719
-0.131521
5.96339
1.04985
-0.0197227
6.00158
1.21123
-0.127339
5.95354
1.04929
-0.010914
5.97522
1.21046
-0.251535
5.97153
1.0582
-0.334483
6.02321
1.23269
-0.246032
5.98072
1.05809
-0.318137
6.04579
1.23292
-0.17709
5.87042
1.05026
-0.139369
5.75953
1.21238
-0.187741
5.86946
1.05095
-0.166861
5.7547
1.21341
-0.142722
5.98131
1.05113
-0.0490804
6.04845
1.2146
-0.135703
5.97324
1.05042
-0.032606
6.0261
1.21345
-0.259439
5.95189
1.05817
-0.355438
5.97165
1.23251
-0.257038
5.96233
1.05831
-0.346842
5.99819
1.23338
-0.157408
5.87884
1.04917
-0.0883326
5.78154
1.20967
-0.167249
5.87463
1.04971
-0.112969
5.76845
1.21027
-0.168075
6.00037
1.05339
-0.116234
6.09619
1.22111
-0.158907
5.99488
1.05261
-0.0914385
6.08394
1.21849
-0.260903
5.93078
1.05766
-0.359459
5.91612
1.23107
-0.26184
5.94145
1.05803
-0.359482
5.94401
1.23256
-0.149342
5.88588
1.04883
-0.0659828
5.79818
1.20808
-0.178494
6.00276
1.05416
-0.142674
6.10463
1.2225
-0.255785
5.91026
1.05672
-0.3461
5.86205
1.22853
-0.259967
5.92011
1.05729
-0.354757
5.88855
1.23055
-0.251603
5.9004
1.05616
-0.333096
5.8373
1.22755
-0.14974
5.98938
1.05183
-0.068892
6.06778
1.21711
-0.128866
5.96073
1.42231
-0.115386
5.95499
1.62177
-0.134669
5.9674
1.42289
-0.121189
5.96166
1.62236
-0.140472
5.97407
1.42348
-0.126992
5.96833
1.62294
-0.148052
5.97862
1.42412
-0.134572
5.97288
1.62358
-0.155632
5.98316
1.42476
-0.142152
5.97742
1.62423
-0.164247
5.98514
1.4254
-0.150767
5.9794
1.62487
-0.172862
5.98711
1.42604
-0.159382
5.98137
1.62551
-0.181669
5.98632
1.42661
-0.168189
5.98058
1.62608
-0.190476
5.98553
1.42719
-0.176996
5.97978
1.62665
-0.198612
5.98205
1.42764
-0.185132
5.97631
1.6271
-0.206749
5.97857
1.42809
-0.193269
5.97283
1.62755
-0.213419
5.97274
1.42837
-0.199939
5.967
1.62783
-0.220088
5.96691
1.42865
-0.206608
5.96117
1.62812
-0.224639
5.95931
1.42874
-0.211159
5.95357
1.6282
-0.229189
5.95171
1.42883
-0.215709
5.94597
1.62829
-0.231174
5.94307
1.42872
-0.217694
5.93733
1.62818
-0.233159
5.93444
1.4286
-0.219679
5.9287
1.62807
-0.232385
5.92562
1.4283
-0.218905
5.91988
1.62776
-0.231611
5.9168
1.42799
-0.218131
5.91106
1.62745
-0.228153
5.90865
1.42752
-0.214673
5.90291
1.62698
-0.224695
5.90051
1.42705
-0.211215
5.89477
1.62652
-0.218892
5.89384
1.42647
-0.205412
5.88809
1.62593
-0.213089
5.88716
1.42589
-0.199609
5.88142
1.62535
-0.205509
5.88262
1.42524
-0.192029
5.87688
1.62471
-0.197929
5.87807
1.4246
-0.184449
5.87233
1.62406
-0.189314
5.8761
1.42396
-0.175834
5.87036
1.62342
-0.180699
5.87413
1.42332
-0.167219
5.86839
1.62278
-0.171892
5.87492
1.42275
-0.158412
5.86918
1.62221
-0.163085
5.87571
1.42218
-0.149605
5.86997
1.62164
-0.154949
5.87919
1.42173
-0.141469
5.87345
1.62119
-0.146812
5.88267
1.42128
-0.133332
5.87693
1.62074
-0.140143
5.8885
1.42099
-0.126663
5.88276
1.62046
-0.133473
5.89432
1.42071
-0.119993
5.88858
1.62017
-0.128923
5.90193
1.42062
-0.115443
5.89618
1.62008
-0.124372
5.90953
1.42053
-0.110892
5.90379
1.62
-0.122387
5.91816
1.42065
-0.108907
5.91242
1.62011
-0.120402
5.9268
1.42076
-0.106922
5.92106
1.62022
-0.121176
5.93562
1.42107
-0.107696
5.92988
1.62053
-0.12195
5.94444
1.42137
-0.10847
5.9387
1.62084
-0.125408
5.95259
1.42184
-0.111928
5.94685
1.6213
-0.444557
5.60806
-0.428079
-0.420089
5.41564
-0.476829
-0.431642
5.60872
-0.42443
-0.3773
5.42008
-0.462656
-0.375201
5.69492
-0.390589
-0.18532
5.71111
-0.329903
-0.311736
5.75916
-0.495537
-0.159834
5.75431
-0.365528
-0.315799
5.77003
-0.490398
-0.175635
5.78937
-0.349048
-0.377131
5.70801
-0.3883
-0.193887
5.75389
-0.322594
-0.430251
5.76728
-0.390005
-0.365469
5.9452
-0.325616
-0.44313
5.7707
-0.392769
-0.40667
5.95819
-0.333443
-0.506393
5.62858
-0.440471
-0.620606
5.48405
-0.518367
-0.494811
5.62141
-0.438863
-0.584512
5.45926
-0.514101
-0.530523
5.66125
-0.44001
-0.700767
5.58802
-0.515201
-0.524697
5.649
-0.441058
-0.679766
5.54955
-0.518932
-0.388783
5.73252
-0.386203
-0.231706
5.83384
-0.315056
-0.397935
5.74273
-0.386497
-0.259632
5.86827
-0.315
-0.535897
5.72503
-0.427776
-0.717681
5.80039
-0.463479
-0.538053
5.71237
-0.43108
-0.727048
5.75801
-0.477962
-0.389642
5.63453
-0.407478
-0.236231
5.5067
-0.396285
-0.383613
5.64551
-0.403482
-0.213639
5.54281
-0.379795
-0.514523
5.75523
-0.415486
-0.647329
5.90476
-0.413874
-0.523837
5.74699
-0.419783
-0.677237
5.87484
-0.430966
-0.419956
5.61339
-0.420251
-0.337608
5.43313
-0.447203
-0.40827
5.61806
-0.416073
-0.299126
5.45109
-0.430472
-0.456009
5.77412
-0.395533
-0.449601
5.96692
-0.342757
-0.468923
5.77346
-0.399182
-0.492239
5.96691
-0.354068
-0.483229
5.61424
-0.437256
-0.54599
5.43812
-0.508261
-0.47035
5.61082
-0.434492
-0.505027
5.42493
-0.499616
-0.418669
5.76011
-0.388398
-0.326813
5.9242
-0.320303
-0.515545
5.63879
-0.440765
-0.6517
5.51522
-0.519462
-0.382957
5.72027
-0.387252
-0.210924
5.79516
-0.318004
-0.540208
5.6997
-0.434384
-0.73147
5.71545
-0.490694
-0.538279
5.6866
-0.436673
-0.72699
5.67148
-0.501168
-0.377583
5.6565
-0.399485
-0.195553
5.58136
-0.364561
-0.375427
5.66916
-0.396181
-0.185941
5.62396
-0.350875
-0.529867
5.73601
-0.42378
-0.699798
5.83876
-0.447583
-0.398956
5.6263
-0.411776
-0.266113
5.4768
-0.413453
-0.481837
5.7728
-0.402832
-0.535363
5.96217
-0.367133
-0.493523
5.76813
-0.40701
-0.575397
5.94881
-0.381489
-0.457471
5.6074
-0.431729
-0.462373
5.41593
-0.489302
-0.536349
5.67351
-0.438961
-0.718086
5.62903
-0.509627
-0.407087
5.75294
-0.386791
-0.290674
5.89948
-0.316249
-0.373272
5.68182
-0.392877
-0.181177
5.66684
-0.339254
-0.50521
5.76346
-0.411188
-0.614122
5.93064
-0.397459
-0.44057
5.83045
-0.534452
-0.578071
5.97478
-0.51827
-0.446904
5.82534
-0.542733
-0.599781
5.95352
-0.556812
-0.387956
5.71179
-0.584718
-0.411882
5.58482
-0.737382
-0.376447
5.70693
-0.580124
-0.378127
5.56789
-0.72387
-0.322994
5.78085
-0.487519
-0.19768
5.8241
-0.337766
-0.33019
5.79167
-0.48464
-0.221016
5.85612
-0.329959
-0.449955
5.81747
-0.550711
-0.61274
5.92503
-0.59467
-0.453005
5.80961
-0.55869
-0.619745
5.89394
-0.630008
-0.364937
5.70208
-0.575529
-0.342288
5.55274
-0.706618
-0.354156
5.7005
-0.569029
-0.307794
5.54406
-0.684691
-0.339814
5.80138
-0.484303
-0.248906
5.88586
-0.327462
-0.349437
5.8111
-0.483966
-0.278028
5.91341
-0.327653
-0.452473
5.79976
-0.565587
-0.617655
5.85801
-0.662136
-0.451941
5.78992
-0.572483
-0.611054
5.82309
-0.689029
-0.343375
5.69893
-0.562529
-0.271484
5.5385
-0.657888
-0.334376
5.70079
-0.554758
-0.239028
5.54069
-0.627412
-0.360548
5.81876
-0.486204
-0.309954
5.93703
-0.333061
-0.447878
5.77905
-0.577623
-0.596588
5.7861
-0.711173
-0.443815
5.76819
-0.582762
-0.579913
5.75188
-0.728404
-0.325378
5.70265
-0.546987
-0.206924
5.54796
-0.592153
-0.319044
5.70776
-0.538707
-0.181433
5.56356
-0.55512
-0.371658
5.82642
-0.488442
-0.343538
5.95881
-0.341194
-0.383167
5.83127
-0.493036
-0.378023
5.97524
-0.354301
-0.43662
5.75736
-0.585641
-0.557162
5.71793
-0.740285
-0.429424
5.74654
-0.58852
-0.533411
5.68668
-0.748531
-0.312709
5.71287
-0.530428
-0.159769
5.58475
-0.51646
-0.309659
5.72074
-0.522449
-0.14674
5.61329
-0.478716
-0.394676
5.83613
-0.49763
-0.414556
5.98961
-0.370949
-0.405458
5.83771
-0.504131
-0.449822
5.99734
-0.392113
-0.4198
5.73683
-0.588857
-0.505376
5.65752
-0.751297
-0.410176
5.72711
-0.589194
-0.476411
5.63035
-0.751215
-0.306609
5.7286
-0.51447
-0.139239
5.64475
-0.444075
-0.307141
5.73845
-0.507573
-0.140659
5.68107
-0.412748
-0.416239
5.83928
-0.510631
-0.48671
6.00193
-0.418004
-0.425237
5.83742
-0.518402
-0.519758
5.99879
-0.447503
-0.399066
5.71945
-0.586956
-0.444896
5.60683
-0.745749
-0.307673
5.74829
-0.500677
-0.146332
5.71667
-0.386796
-0.434236
5.83556
-0.526173
-0.552233
5.99087
-0.481939
-0.294816
5.8161
-0.647125
-0.317417
5.69355
-0.803556
-0.282806
5.81177
-0.643195
-0.284357
5.67684
-0.790816
-0.216924
5.89871
-0.567048
-0.0926922
5.94293
-0.41668
-0.223618
5.91005
-0.564833
-0.115399
5.97499
-0.409683
-0.35119
5.92768
-0.620567
-0.514092
6.0347
-0.665378
-0.355332
5.91867
-0.627101
-0.521848
6.002
-0.700098
-0.270795
5.80744
-0.639265
-0.248843
5.66142
-0.774168
-0.259232
5.80668
-0.633799
-0.214286
5.65261
-0.753144
-0.233069
5.91995
-0.564724
-0.142898
6.00446
-0.407476
-0.242521
5.92985
-0.564616
-0.171464
6.03179
-0.407903
-0.355784
5.90779
-0.632694
-0.520058
5.9645
-0.731678
-0.356236
5.89691
-0.638287
-0.513472
5.92861
-0.757752
-0.24767
5.80592
-0.628333
-0.177222
5.64681
-0.726917
-0.237687
5.80882
-0.621865
-0.143741
5.64912
-0.69717
-0.253804
5.93733
-0.566626
-0.203105
6.05492
-0.413001
-0.352954
5.88523
-0.642393
-0.498704
5.89098
-0.779228
-0.349673
5.87354
-0.646498
-0.481978
5.8568
-0.795546
-0.227705
5.81171
-0.615398
-0.110084
5.65691
-0.662343
-0.220279
5.81796
-0.608563
-0.0830715
5.67348
-0.62585
-0.265087
5.94481
-0.568635
-0.236386
6.0764
-0.420783
-0.277097
5.94914
-0.572565
-0.270882
6.09228
-0.433021
-0.342979
5.8622
-0.648713
-0.459089
5.82327
-0.806838
-0.336285
5.85085
-0.650928
-0.435765
5.79274
-0.814411
-0.212854
5.82422
-0.601728
-0.0599018
5.69611
-0.587805
-0.208713
5.83323
-0.595194
-0.0456258
5.72631
-0.550782
-0.289108
5.95347
-0.576495
-0.307612
6.10629
-0.448817
-0.30067
5.95422
-0.581961
-0.34339
6.11344
-0.468713
-0.326834
5.84095
-0.651036
-0.408169
5.7645
-0.816989
-0.317383
5.83106
-0.651144
-0.380129
5.73807
-0.816724
-0.204571
5.84224
-0.588659
-0.0371283
5.75939
-0.517249
-0.204119
5.85311
-0.583066
-0.0378266
5.79726
-0.487007
-0.312233
5.95498
-0.587428
-0.381165
6.11753
-0.493486
-0.322215
5.95209
-0.593895
-0.415343
6.11366
-0.521624
-0.306099
5.82358
-0.649135
-0.349468
5.7153
-0.811604
-0.203667
5.86399
-0.577473
-0.0428213
5.83398
-0.462461
-0.206949
5.87568
-0.573368
-0.0558744
5.87248
-0.442348
-0.332198
5.9492
-0.600362
-0.449326
6.10485
-0.555048
-0.339623
5.94294
-0.607197
-0.476706
6.08759
-0.590314
-0.21023
5.88736
-0.569263
-0.0710535
5.90804
-0.427128
-0.347049
5.93669
-0.614033
-0.499919
6.06487
-0.62816
-0.222441
5.85761
-0.707963
-0.22656
5.66668
-0.76736
-0.208856
5.85882
-0.706586
-0.183927
5.66678
-0.756559
-0.152077
6.00186
-0.699401
-0.0145406
6.1268
-0.625426
-0.16108
6.01219
-0.700197
-0.0453549
6.15823
-0.627535
-0.300835
5.96438
-0.714725
-0.488549
6.01038
-0.766177
-0.303836
5.95102
-0.715165
-0.49359
5.96734
-0.776214
-0.19527
5.86003
-0.70521
-0.14066
5.67156
-0.743858
-0.182738
5.86541
-0.703896
-0.100418
5.6851
-0.730589
-0.172811
6.01923
-0.701302
-0.0815808
6.18298
-0.63157
-0.302578
5.93737
-0.71518
-0.489594
5.92295
-0.784585
-0.301319
5.92372
-0.715196
-0.481322
5.88019
-0.790721
-0.170206
5.87077
-0.702582
-0.0612017
5.70361
-0.715774
-0.159955
5.87978
-0.701459
-0.0270479
5.73037
-0.705272
-0.184541
6.02628
-0.702406
-0.120297
6.20395
-0.636794
-0.197851
6.02935
-0.703711
-0.161866
6.21669
-0.643646
-0.295924
5.91111
-0.714785
-0.464453
5.83891
-0.794688
-0.290529
5.8985
-0.714374
-0.443954
5.80019
-0.796804
-0.149704
5.88878
-0.700337
0.00322865
5.76065
-0.686384
-0.142736
5.90054
-0.699515
0.0265554
5.79755
-0.67243
-0.211161
6.03241
-0.705015
-0.205072
6.22514
-0.651926
-0.224746
6.0312
-0.706392
-0.248252
6.22465
-0.661399
-0.281526
5.88817
-0.713578
-0.405946
5.77312
-0.819797
-0.272522
5.87784
-0.712781
-0.385276
5.73435
-0.794612
-0.135769
5.91229
-0.698693
0.0453826
5.83685
-0.660048
-0.132768
5.92565
-0.698253
0.0556451
5.88012
-0.648984
-0.238332
6.02999
-0.707768
-0.291882
6.21947
-0.672679
-0.250864
6.02462
-0.709082
-0.332606
6.2055
-0.684587
-0.260791
5.87079
-0.711676
-0.341098
5.71877
-0.813851
-0.24906
5.86375
-0.710572
-0.310612
5.68844
-0.784583
-0.129766
5.939
-0.697813
0.0611658
5.92358
-0.640304
-0.131025
5.95265
-0.697798
0.0576599
5.96827
-0.633346
-0.263396
6.01925
-0.710396
-0.372073
6.18672
-0.698331
-0.273647
6.01025
-0.711519
-0.406461
6.15974
-0.708073
-0.235751
5.86068
-0.709267
-0.269434
5.67547
-0.776814
-0.132283
5.96631
-0.697783
0.0498264
6.01152
-0.628557
-0.137678
5.97891
-0.698193
0.0333526
6.05308
-0.625745
-0.283898
6.00125
-0.712642
-0.436789
6.12941
-0.726732
-0.290866
5.98949
-0.713463
-0.460077
6.09254
-0.740821
-0.143073
5.99152
-0.698604
0.0131097
6.09214
-0.624558
-0.297833
5.97774
-0.714285
-0.478631
6.05344
-0.754047
-0.288014
5.96169
-0.879109
-0.481535
6.00579
-0.903707
-0.29109
5.94831
-0.878932
-0.489179
5.96139
-0.903217
-0.182524
5.85733
-0.868977
-0.133619
5.66341
-0.870614
-0.169918
5.86272
-0.86828
-0.0915314
5.67875
-0.865011
-0.147488
6.00972
-0.870993
-0.0188335
6.1628
-0.874958
-0.159232
6.01676
-0.871989
-0.0562329
6.18818
-0.874166
-0.28989
5.93465
-0.878458
-0.487988
5.91643
-0.899087
-0.288691
5.92098
-0.877984
-0.481268
5.87185
-0.900346
-0.157312
5.86811
-0.867583
-0.0510019
5.69871
-0.865708
-0.146978
5.87713
-0.867145
-0.0155247
5.72644
-0.863791
-0.170976
6.0238
-0.872985
-0.0957567
6.20892
-0.881565
-0.184323
6.02686
-0.873975
-0.139129
6.22156
-0.880965
-0.283334
5.90836
-0.877258
-0.466259
5.82957
-0.895417
-0.277977
5.89574
-0.876533
-0.44615
5.78921
-0.895743
-0.136644
5.88616
-0.866706
0.0167405
5.75788
-0.862428
-0.129595
5.89794
-0.866568
0.0418403
5.79528
-0.858145
-0.197671
6.02991
-0.874965
-0.18318
6.22894
-0.88828
-0.211315
6.02869
-0.875852
-0.228326
6.22762
-0.887609
-0.268986
5.8854
-0.875628
-0.418567
5.75376
-0.892781
-0.259995
5.87507
-0.874723
-0.387275
5.72154
-0.889875
-0.122545
5.90972
-0.86643
0.0629443
5.83512
-0.861087
-0.119469
5.92309
-0.866607
0.0752946
5.87853
-0.857622
-0.22496
6.02746
-0.876739
-0.272581
6.2209
-0.894443
-0.237566
6.02207
-0.877436
-0.314855
6.2055
-0.896943
-0.248252
5.86803
-0.873727
-0.350111
5.69638
-0.886507
-0.236508
5.86099
-0.872731
-0.310392
5.67543
-0.883304
-0.116394
5.93647
-0.866784
0.0830782
5.92283
-0.861826
-0.117593
5.95014
-0.867258
0.0814457
5.96799
-0.8592
-0.250172
6.01668
-0.878133
-0.355192
6.18555
-0.899433
-0.260505
6.00765
-0.878572
-0.39067
6.15781
-0.901131
-0.223161
5.85793
-0.871741
-0.267262
5.66302
-0.879853
-0.209813
5.85487
-0.870751
-0.223001
5.6554
-0.876669
-0.118793
5.96381
-0.867733
0.0751883
6.0124
-0.864589
-0.12415
5.97643
-0.868458
0.0597241
6.0549
-0.862736
-0.270839
5.99863
-0.879011
-0.422909
6.12634
-0.902741
-0.277889
5.98685
-0.879148
-0.448442
6.08913
-0.900369
-0.196169
5.8561
-0.869864
-0.178315
5.6569
-0.870691
-0.129507
5.98905
-0.869183
0.040069
6.09508
-0.869112
-0.138498
5.99938
-0.870088
0.0122772
6.13077
-0.867891
-0.284939
5.97507
-0.879286
-0.469078
6.04909
-0.904045
-0.147275
6.00059
-0.95674
-0.0183946
6.15304
-0.968976
-0.157895
6.00696
-0.957641
-0.054461
6.17763
-0.970716
-0.27605
5.9327
-0.963491
-0.473444
5.91446
-0.99
-0.274965
5.92034
-0.963062
-0.467187
5.87124
-0.988355
-0.156158
5.87253
-0.953657
-0.0496595
5.70326
-0.956092
-0.146814
5.88069
-0.95326
-0.0152123
5.7301
-0.95459
-0.168515
6.01333
-0.958542
-0.0929734
6.19776
-0.975229
-0.180585
6.01609
-0.959437
-0.134817
6.20988
-0.97813
-0.27012
5.90893
-0.962406
-0.452459
5.83018
-0.985864
-0.265276
5.89752
-0.961751
-0.433165
5.79103
-0.983525
-0.137469
5.88886
-0.952863
0.0160183
5.76064
-0.95379
-0.131094
5.89951
-0.952739
0.0405196
5.7968
-0.953239
-0.192655
6.01885
-0.960332
-0.177755
6.21719
-0.981292
-0.204994
6.01774
-0.961134
-0.221327
6.21578
-0.983848
-0.257146
5.88817
-0.960932
-0.406469
5.75657
-0.980489
-0.249015
5.87883
-0.960114
-0.376031
5.72534
-0.977701
-0.124719
5.91016
-0.952614
0.0608149
5.83548
-0.953404
-0.121938
5.92226
-0.952774
0.0729725
5.87744
-0.953834
-0.217333
6.01663
-0.961937
-0.264454
6.20944
-0.986578
-0.228732
6.01176
-0.962567
-0.305354
6.19447
-0.989886
-0.238396
5.87246
-0.959213
-0.339993
5.70086
-0.974399
-0.227776
5.86609
-0.958312
-0.301385
5.6806
-0.971448
-0.119157
5.93435
-0.952934
0.0803499
5.92047
-0.954964
-0.120241
5.94671
-0.953363
0.0789802
5.9641
-0.956314
-0.240132
6.00689
-0.963197
-0.344579
6.17523
-0.990578
-0.249477
5.99872
-0.963594
-0.379059
6.14845
-0.991711
-0.215706
5.86333
-0.957417
-0.25938
5.66856
-0.969941
-0.203636
5.86056
-0.956522
-0.216539
5.66118
-0.965379
-0.121326
5.95907
-0.953792
0.0727279
6.00727
-0.958318
-0.12617
5.97049
-0.954448
0.0579705
6.04831
-0.960439
-0.258822
5.99056
-0.963991
-0.410293
6.11793
-0.992883
-0.265197
5.97991
-0.964115
-0.434849
6.08179
-0.993074
-0.191297
5.86167
-0.955719
-0.173065
5.66257
-0.96074
-0.178958
5.86278
-0.954917
-0.129795
5.66899
-0.960082
-0.131015
5.9819
-0.955103
0.0387038
6.0874
-0.963148
-0.139145
5.99124
-0.955922
0.0120007
6.12185
-0.965824
-0.271572
5.96926
-0.96424
-0.455157
6.0431
-0.99328
-0.274353
5.95716
-0.96408
-0.467145
6.00109
-0.994108
-0.167558
5.86766
-0.954287
-0.088774
5.68386
-0.957768
-0.277134
5.94506
-0.96392
-0.474763
5.9581
-0.991719
-0.165679
6.00719
-1.02924
-0.0944954
6.16409
-1.13081
-0.177187
6.00983
-1.03009
-0.134078
6.15616
-1.15944
-0.262555
5.90766
-1.03293
-0.415982
5.83639
-1.13961
-0.257936
5.89678
-1.0323
-0.398284
5.80152
-1.13827
-0.136078
5.88852
-1.02383
0.00297318
5.77475
-1.11171
-0.13
5.89867
-1.02371
0.0107318
5.8158
-1.13915
-0.188695
6.01246
-1.03095
-0.169923
6.18149
-1.13621
-0.20046
6.01141
-1.03171
-0.205309
6.16115
-1.16421
-0.250184
5.88787
-1.03152
-0.374829
5.7704
-1.13479
-0.242433
5.87895
-1.03074
-0.347201
5.74273
-1.13305
-0.123922
5.90883
-1.02359
0.0427374
5.84161
-1.11137
-0.12127
5.92036
-1.02374
0.0538744
5.87895
-1.11097
-0.212224
6.01035
-1.03248
-0.247125
6.17473
-1.14093
-0.223094
6.0057
-1.03308
-0.274703
6.14386
-1.16816
-0.232307
5.87288
-1.02988
-0.303639
5.73591
-1.15696
-0.222181
5.86681
-1.02902
-0.280415
5.70274
-1.12746
-0.118618
5.9319
-1.0239
0.0599557
5.91736
-1.11278
-0.119652
5.94368
-1.0243
0.0420712
5.95381
-1.14154
-0.233963
6.00105
-1.03368
-0.318593
6.14443
-1.1445
-0.242872
5.99327
-1.03406
-0.33549
6.10596
-1.17089
-0.210673
5.86418
-1.02817
-0.236997
5.70918
-1.1518
-0.199165
5.86154
-1.02732
-0.20452
5.68548
-1.12204
-0.120686
5.95547
-1.02471
0.0530227
5.99464
-1.11577
-0.125305
5.96635
-1.02534
0.0246437
6.02314
-1.14488
-0.251782
5.98549
-1.03444
-0.377324
6.09348
-1.14658
-0.25786
5.97533
-1.03455
-0.399763
6.06157
-1.14603
-0.187401
5.8626
-1.02655
-0.166405
5.67333
-1.08766
-0.175636
5.86366
-1.02579
-0.127003
5.69261
-1.11731
-0.129924
5.97723
-1.02596
0.0226563
6.06591
-1.12007
-0.137676
5.98614
-1.02674
-0.0132511
6.08363
-1.14927
-0.263939
5.96518
-1.03467
-0.417543
6.02681
-1.14695
-0.266591
5.95364
-1.03452
-0.429048
5.98952
-1.14552
-0.164767
5.86831
-1.02518
-0.0902535
5.70558
-1.11445
-0.153898
5.87295
-1.02458
-0.0555061
5.72339
-1.11376
-0.155553
6.00112
-1.02838
-0.0600321
6.14648
-1.12711
-0.269242
5.94211
-1.03437
-0.435238
5.95094
-1.14558
-0.268208
5.93032
-1.03396
-0.434655
5.91193
-1.14331
-0.144988
5.88073
-1.02421
-0.0351078
5.76058
-1.14035
-0.267174
5.91854
-1.03355
-0.428618
5.87329
-1.14258
-0.145428
5.99505
-1.02752
-0.0281663
6.12428
-1.12524
-0.141275
5.89293
-1.02898
-0.0466007
5.81822
-1.18852
-0.135772
5.90212
-1.02887
-0.0304814
5.84096
-1.18753
-0.188914
6.00515
-1.03542
-0.170075
6.10862
-1.20554
-0.199565
6.00419
-1.03612
-0.197845
6.1085
-1.20675
-0.244585
5.89234
-1.03594
-0.316642
5.8148
-1.20563
-0.237567
5.88427
-1.03524
-0.296608
5.7953
-1.20435
-0.130268
5.91132
-1.02876
-0.018224
5.86596
-1.1881
-0.127867
5.92176
-1.0289
-0.0099048
5.89254
-1.18774
-0.210216
6.00323
-1.03681
-0.225181
6.1038
-1.20904
-0.220057
5.99902
-1.03735
-0.251597
6.0951
-1.2099
-0.228399
5.87877
-1.03446
-0.27399
5.77905
-1.20172
-0.219231
5.87327
-1.03368
-0.248912
5.76675
-1.20032
-0.125467
5.9322
-1.02904
-0.00595398
5.92005
-1.18894
-0.126403
5.94287
-1.02941
-0.00621343
5.94787
-1.18919
-0.229898
5.99481
-1.0379
-0.276201
6.08216
-1.21176
-0.237965
5.98777
-1.03824
-0.298685
6.06574
-1.21212
-0.208812
5.87089
-1.03291
-0.222362
5.75835
-1.19768
-0.198393
5.8685
-1.03213
-0.194719
5.75443
-1.19637
-0.127339
5.95354
-1.02978
-0.010914
5.97522
-1.19095
-0.131521
5.96339
-1.03034
-0.0197227
6.00158
-1.19172
-0.246032
5.98072
-1.03858
-0.318129
6.04579
-1.21342
-0.251535
5.97153
-1.03869
-0.334475
6.02321
-1.21319
-0.187741
5.86946
-1.03144
-0.166861
5.7547
-1.1939
-0.17709
5.87042
-1.03075
-0.139369
5.75953
-1.19287
-0.135703
5.97324
-1.03091
-0.032606
6.0261
-1.19394
-0.142722
5.98131
-1.03162
-0.0490726
6.04845
-1.19508
-0.257038
5.96233
-1.0388
-0.346842
5.99819
-1.21387
-0.259439
5.95189
-1.03866
-0.355438
5.97165
-1.213
-0.167249
5.87463
-1.03021
-0.112969
5.76845
-1.19077
-0.157408
5.87884
-1.02966
-0.0883326
5.78154
-1.19016
-0.158907
5.99488
-1.0331
-0.0914385
6.08394
-1.19898
-0.168075
6.00037
-1.03388
-0.116234
6.09619
-1.20161
-0.26184
5.94145
-1.03852
-0.359482
5.94401
-1.21305
-0.260903
5.93078
-1.03815
-0.359459
5.91612
-1.21156
-0.149342
5.88588
-1.02932
-0.0659828
5.79818
-1.18857
-0.178494
6.00276
-1.03465
-0.142674
6.10463
-1.20299
-0.259967
5.92011
-1.03778
-0.354757
5.88855
-1.21104
-0.255785
5.91026
-1.03721
-0.346099
5.86204
-1.20902
-0.251603
5.9004
-1.03665
-0.333094
5.83729
-1.20804
-0.14974
5.98938
-1.03232
-0.0688836
6.06778
-1.1976
