4.34843
4.44386
-0.125548
4.54375
4.41862
-0.16042
4.34843
4.50157
-0.14497
4.54432
4.50157
-0.185341
4.36042
4.50157
-0.086812
4.55858
4.50157
-0.11383
4.36042
4.46701
-0.075181
4.55833
4.45011
-0.0985349
4.34843
4.40161
-0.072485
4.54261
4.35811
-0.0925181
4.36042
4.44171
-0.043406
4.55782
4.41254
-0.0568412
4.34843
4.38615
0
4.54205
4.33603
0
4.36042
4.43245
0
4.55757
4.39882
0
4.34843
4.40161
0.072485
4.54261
4.35811
0.0925181
4.36042
4.44171
0.043406
4.55782
4.41254
0.0568412
4.34843
4.44386
0.125548
4.54375
4.41862
0.16042
4.36042
4.46701
0.075182
4.55833
4.45011
0.0985359
4.34843
4.50157
0.14497
4.54432
4.50157
0.185341
4.36042
4.50157
0.086812
4.55858
4.50157
0.11383
4.34843
4.55929
0.125548
4.54375
4.58453
0.16042
4.36042
4.53614
0.075182
4.55833
4.55304
0.0985359
4.34843
4.60154
0.072485
4.54261
4.64504
0.0925181
4.36042
4.56144
0.043406
4.55782
4.59061
0.0568412
4.34843
4.617
0
4.54205
4.66712
0
4.36042
4.5707
0
4.55757
4.60433
0
4.34843
4.60154
-0.072485
4.54261
4.64504
-0.0925181
4.36042
4.56144
-0.043406
4.55782
4.59061
-0.0568412
4.34843
4.55929
-0.125548
4.54375
4.58453
-0.16042
4.36042
4.53614
-0.075181
4.55833
4.55304
-0.0985349
