0.309688
3.23418
-0.107989
0.362716
3.20309
-0.298309
-0.48029
5.32257
-0.107989
-0.480612
5.32404
-0.307983
-0.424757
5.34358
-0.088697
-0.289994
5.40502
-0.223099
0.365221
3.25519
-0.088697
0.477188
3.09556
-0.133215
-0.390435
5.35656
-0.038191
-0.212513
5.44753
-0.0464564
0.399543
3.26817
-0.038191
0.53798
3.12561
-0.0607949
-0.390435
5.35656
0.024239
-0.237406
5.4348
0.126515
0.399543
3.26817
0.024239
0.53798
3.12561
0.0468429
-0.424757
5.34358
0.074745
-0.336135
5.38398
0.249426
0.365221
3.25519
0.074745
0.477188
3.09556
0.119263
-0.48029
5.32257
0.094037
-0.480478
5.32343
0.294035
0.309688
3.23418
0.094037
0.362716
3.20309
0.284357
-0.535824
5.30156
0.074745
-0.627044
5.2695
0.249819
0.254154
3.21317
0.074745
0.175008
3.11653
0.230938
-0.570145
5.28858
0.024239
-0.732375
5.23266
0.126974
0.219833
3.20019
0.024239
0.0923102
3.05694
0.0809645
-0.570145
5.28858
-0.038191
-0.759024
5.22348
-0.047475
0.219833
3.20019
-0.038191
0.0923102
3.05694
-0.0949165
-0.535824
5.30156
-0.088697
-0.674645
5.25277
-0.224152
0.254155
3.21317
-0.088697
0.175009
3.11653
-0.24489
0.368512
3.15823
0.024239
0.409251
2.97182
0.0841694
0.346043
3.18724
0.074745
0.399892
3.09122
0.241718
0.273333
3.28112
-0.088697
0.327182
3.1851
0.0782763
0.250864
3.31013
-0.038191
0.291603
3.12372
0.0217394
0.250864
3.31013
0.024239
0.291603
3.12372
-0.0356914
0.273333
3.28112
0.074745
0.327182
3.1851
-0.0922283
0.368512
3.15823
-0.038191
0.409251
2.97182
-0.0981214
0.346043
3.18724
-0.088697
0.399892
3.09122
-0.25567
-0.438286
5.37058
0.074745
-0.326532
5.41117
0.235568
-0.497618
5.36838
0.094037
-0.498219
5.37922
0.293742
-0.401616
5.37195
-0.038191
-0.223656
5.43936
-0.0997214
-0.438286
5.37058
-0.088697
-0.326532
5.41117
-0.24952
-0.451
5.50449
-0.078066
-0.355375
5.61423
-0.215225
-0.419101
5.50568
-0.03413
-0.261923
5.6177
-0.0865227
-0.593621
5.3648
-0.038191
-0.782372
5.34229
-0.10037
-0.556951
5.36617
-0.088697
-0.67325
5.35526
-0.251041
-0.556951
5.36617
0.074745
-0.67325
5.35526
0.237089
-0.401616
5.37195
0.024239
-0.223656
5.43936
0.0857694
-0.497618
5.36838
-0.107989
-0.498219
5.37922
-0.307694
-0.593621
5.3648
0.024239
-0.782372
5.34229
0.0864183
-0.502614
5.50257
-0.094848
-0.506561
5.6086
-0.26438
-0.554229
5.50065
-0.078066
-0.657751
5.60297
-0.215227
-0.586128
5.49946
-0.03413
-0.7512
5.59949
-0.0865223
-0.586128
5.49946
0.020178
-0.7512
5.59949
0.0725703
-0.554229
5.50065
0.064114
-0.657751
5.60297
0.201275
-0.502614
5.50257
0.080896
-0.506561
5.6086
0.250428
-0.451
5.50449
0.064114
-0.355375
5.61423
0.201273
-0.419101
5.50568
0.020178
-0.261923
5.6177
0.0725707
