1.6915
3.94387
-0
1.77069
4.11312
0.0712891
1.6915
3.94387
0.233735
1.77143
4.05702
0.377986
1.75449
3.79232
0.227329
1.91993
3.86753
0.310831
1.75449
3.79232
-0
1.91675
3.86757
0.089502
1.62089
3.65194
0.253958
1.63304
3.66826
0.45292
1.62775
3.45022
0.273192
1.64176
3.45529
0.472637
1.87772
3.45022
0.227329
2.0257
3.43736
0.361253
1.85056
3.60529
0.227329
1.99411
3.65457
0.357582
0.465579
3.60529
0.257404
0.453982
3.62621
0.455969
0.497157
3.79232
0.215289
0.485553
3.94438
0.344689
0.346082
3.77037
0.228023
0.234867
3.90652
0.323385
0.297425
3.60529
0.231547
0.155079
3.64747
0.365556
0.822568
3.10812
-0
0.822568
2.90812
0
1.01031
3.10812
-0
1.01031
2.9667
0.141421
1.01031
3.10812
0.236953
1.00711
3.00947
0.4109
0.822568
3.10812
0.236953
0.822568
2.96024
0.371606
0.497157
3.79232
-0
0.487993
3.99211
0
0.346082
3.77037
-0
0.215073
3.92149
0
0.822568
3.79023
-0
0.808704
3.98975
0
0.668206
3.78332
-0
0.668997
3.98331
0
0.668206
3.78332
0.230632
0.662443
3.93494
0.360923
0.822568
3.79023
0.246577
0.809962
3.93823
0.380504
1.73672
3.13876
-0
1.84481
3.00203
0.0980833
1.87772
3.45022
-0
2.05352
3.42798
0.0927242
1.73672
3.13876
0.252998
1.85311
3.00563
0.346435
0.497157
3.10812
-0
0.468956
2.91013
0.00138122
0.668206
3.10812
-0
0.668206
2.90812
0
0.668206
3.10812
0.236953
0.663627
3.00613
0.408932
0.497157
3.10812
0.233358
0.471997
2.96395
0.369671
1.42194
3.10812
-0
1.42194
2.9667
0.141421
1.42194
3.10812
0.269043
1.41864
3.01516
0.446095
1.57933
3.10812
0.26102
1.602
2.9669
0.400815
1.57933
3.10812
-0
1.59648
2.93023
0.0897732
0.439397
3.45022
0.254682
0.42443
3.4455
0.454065
0.273644
3.45022
0.24447
0.126046
3.44571
0.379356
0.326107
3.15955
0.214738
0.200832
3.04073
0.31567
0.822568
3.45022
0.269043
0.821873
3.45284
0.469025
0.60515
3.45022
0.269043
0.60011
3.44687
0.468951
0.822568
3.6152
0.258859
0.819621
3.63194
0.458135
0.633732
3.60529
0.255949
0.626585
3.62596
0.45475
1.85056
3.60529
-0
2.01975
3.6621
0.0902597
1.0434
3.62724
0.258859
1.04438
3.6454
0.458031
1.07084
3.45022
0.269043
1.06919
3.4489
0.469032
1.42194
3.45022
0.264935
1.41992
3.45315
0.464903
1.42194
3.69858
0.255942
1.41946
3.71963
0.454816
1.01031
3.80794
-0
0.960382
3.99082
0.0637508
1.01031
3.80794
0.239155
0.982383
3.95261
0.374399
1.46076
3.95962
0.200602
1.44138
4.10596
0.335543
1.42194
3.97618
-0
1.39699
4.16829
0.0497247
0.273644
3.45022
-0
0.0740449
3.43757
0.000269792
0.326107
3.13435
-0
0.181724
2.99596
0.00148519
0.297425
3.60529
-0
0.102219
3.64882
0
1.42194
3.45022
-0
1.42194
3.45022
0.2
1.07084
3.45022
-0
1.07084
3.45022
0.2
1.75449
3.79232
-0.227329
1.91988
3.8675
-0.310972
1.6915
3.94387
-0.233735
1.77136
4.05689
-0.378128
1.62089
3.65194
-0.253338
1.63348
3.66528
-0.452495
1.85056
3.60529
-0.227329
1.99323
3.65244
-0.359329
1.87772
3.45022
-0.227329
2.02325
3.43665
-0.363841
1.62775
3.45022
-0.259888
1.64294
3.45446
-0.459265
0.465579
3.60529
-0.257405
0.465754
3.63195
-0.45562
0.297425
3.60529
-0.25886
0.162659
3.6546
-0.398169
0.346082
3.77037
-0.228023
0.242218
3.91253
-0.322904
0.497157
3.79232
-0.215289
0.490903
3.94637
-0.342686
0.822568
3.10812
-0.236953
0.822568
2.96024
-0.371606
1.01031
3.10812
-0.236953
1.00665
3.0091
-0.410678
0.822568
3.79023
-0.246577
0.809962
3.93823
-0.380504
0.668206
3.78332
-0.230633
0.662443
3.93494
-0.360924
1.73672
3.13876
-0.252998
1.85195
3.00611
-0.34853
1.0434
3.62724
-0
1.0434
3.62724
0.2
1.42194
3.69858
-0
1.42194
3.69858
0.2
0.497157
3.10812
-0.233359
0.481609
2.96128
-0.368247
0.668206
3.10812
-0.236953
0.667293
3.00526
-0.408469
1.42194
3.10812
-0.269043
1.4224
3.01541
-0.446256
1.57933
3.10812
-0.261021
1.60316
2.96853
-0.402247
0.326107
3.15046
-0.229764
0.207263
3.02567
-0.331275
0.273644
3.45022
-0.269043
0.13226
3.44544
-0.41042
0.439397
3.45022
-0.269043
0.438006
3.44658
-0.469005
0.60515
3.45022
-0.269043
0.604387
3.44812
-0.469031
0.822568
3.45022
-0.269043
0.821873
3.45284
-0.469025
0.822568
3.6152
-0.25886
0.819621
3.63194
-0.458136
0.633732
3.60529
-0.255949
0.628735
3.62788
-0.454606
1.62775
3.45022
-0
1.62775
3.45022
0.2
1.62089
3.65194
-0
1.62089
3.65194
0.2
1.0434
3.62724
-0.25886
1.04405
3.64586
-0.457991
1.42194
3.69858
-0.255942
1.42133
3.71911
-0.454885
1.42194
3.45022
-0.269043
1.42384
3.45292
-0.469016
1.07084
3.45022
-0.269043
1.06859
3.44909
-0.469027
1.46076
3.95962
-0.200603
1.44146
4.10592
-0.335602
1.01031
3.80794
-0.239156
0.982383
3.95261
-0.3744
