1.48667
4.40308
-0.154293
1.34215
4.37775
-0.290203
1.62475
4.42739
-0.157624
1.7082
4.45456
-0.33734
1.64411
4.34825
-0.140855
1.74407
4.29112
-0.304387
1.50603
4.32394
-0.137523
1.38746
4.20299
-0.243875
1.65979
4.28903
-0.088575
1.77483
4.16232
-0.192076
1.52172
4.26472
-0.085243
1.43012
4.08961
-0.116015
1.6676
4.26559
-0.014793
1.791
4.1085
-0.0245238
1.52953
4.24128
-0.011462
1.45594
4.06362
0.0435015
1.66544
4.28422
0.06072
1.78659
4.15064
0.147201
1.52736
4.25991
0.064052
1.46036
4.118
0.188039
1.65388
4.33992
0.117732
1.76396
4.27171
0.270148
1.51581
4.31561
0.121064
1.44614
4.22908
0.287372
1.63604
4.41778
0.140965
1.73076
4.433
0.316452
1.49796
4.39347
0.144297
1.41893
4.36926
0.326418
1.61668
4.49692
0.124196
1.69535
4.59521
0.279594
1.4786
4.47261
0.127527
1.38493
4.51119
0.299969
1.60099
4.55614
0.071916
1.66609
4.72003
0.166275
1.46292
4.53183
0.075248
1.35023
4.62706
0.210273
1.59319
4.57958
-0.001866
1.65101
4.771
0.00211964
1.45511
4.55527
0.001466
1.32134
4.68752
0.0693939
1.59535
4.56095
-0.077379
1.65477
4.73044
-0.165362
1.45727
4.53664
-0.074047
1.30595
4.66587
-0.0941315
1.6069
4.50525
-0.134391
1.67587
4.61344
-0.287805
1.46883
4.48094
-0.131059
1.31196
4.55316
-0.231936
0.934373
4.30585
-0.140965
0.83965
4.29062
-0.316452
0.953733
4.22671
-0.124196
0.87506
4.12841
-0.279594
0.969417
4.16748
-0.071916
0.90432
4.0036
-0.166275
0.977223
4.14405
0.001866
0.919404
3.95263
-0.00211964
0.97506
4.16267
0.077379
0.915639
3.99318
0.165362
0.963508
4.21838
0.134391
0.894536
4.11018
0.287805
0.94566
4.29623
0.157624
0.862207
4.26907
0.33734
0.926301
4.37537
0.140855
0.826338
4.43251
0.304387
0.910617
4.4346
0.088575
0.795583
4.5613
0.192076
0.90281
4.45803
0.014793
0.779414
4.61513
0.0245238
0.904973
4.4394
-0.06072
0.783822
4.57299
-0.147198
0.916526
4.3837
-0.117732
0.806452
4.45192
-0.270145
1.0546
4.40801
-0.121064
1.14067
4.51491
-0.266548
1.07245
4.33016
-0.144297
1.17252
4.36081
-0.314725
1.18677
4.48321
0.081911
1.07408
4.57844
0.216936
1.17896
4.50665
0.00813
1.04519
4.6389
0.0760631
1.17504
4.48584
0.007539
1.03299
4.62627
0.0174186
1.18189
4.46528
0.072241
1.04867
4.57786
0.170105
1.38364
4.24041
-0.081911
1.53323
4.114
-0.122458
1.36796
4.29963
-0.134191
1.51652
4.23844
-0.25329
1.04305
4.46371
-0.064052
1.12063
4.62805
-0.147558
1.06438
4.39968
0.137523
1.16006
4.49729
0.283524
1.08374
4.32054
0.154293
1.19499
4.34004
0.319347
1.09154
4.32263
0.135715
1.20279
4.34213
0.300769
1.07456
4.39203
0.121009
1.17025
4.48964
0.26701
1.19268
4.43232
-0.124395
1.03581
4.50454
-0.225272
1.18112
4.48802
-0.067384
1.0298
4.61725
-0.0874618
1.04089
4.48234
0.011462
1.11741
4.6671
0.0145337
1.18707
4.42065
-0.108677
1.05992
4.47919
-0.25153
1.17694
4.4695
-0.058681
1.03768
4.58843
-0.139068
1.38929
4.2356
0.067384
1.50938
4.13304
0.190093
1.39145
4.21697
-0.00813
1.52903
4.08096
0.0425876
1.04869
4.4589
0.085243
1.1319
4.61798
0.173403
1.06081
4.44396
0.075163
1.14402
4.60304
0.163323
1.05396
4.46452
0.010461
1.13049
4.64927
0.0135327
1.05586
4.44818
-0.05576
1.13344
4.61252
-0.139266
1.06599
4.39933
-0.105755
1.15206
4.50623
-0.251239
1.24557
4.2161
-0.078579
1.15397
4.04099
-0.109351
1.22988
4.27533
-0.130859
1.11131
4.15437
-0.237211
1.35989
4.36916
0.147629
1.44811
4.38462
0.32645
1.37773
4.29131
0.124395
1.48054
4.24398
0.289293
1.23345
4.23104
-0.0685
1.15024
4.07197
-0.15666
1.2197
4.28298
-0.114346
1.12401
4.18537
-0.260347
1.10158
4.24269
0.131059
1.22873
4.18415
0.273912
1.25337
4.19266
-0.004798
1.17978
4.015
0.0501655
1.25121
4.21129
0.070715
1.18422
4.06938
0.1947
1.2384
4.22682
0.062423
1.16082
4.06248
0.145929
1.2403
4.21049
-0.003798
1.16377
4.02573
-0.00686971
1.32484
4.50752
0.07858
1.3963
4.64412
0.20599
1.34053
4.4483
0.130859
1.41789
4.52722
0.297553
1.11314
4.18698
0.074047
1.2524
4.06806
0.154434
1.10749
4.19179
-0.075248
1.24071
4.07921
-0.173112
1.09181
4.25102
-0.127527
1.20894
4.20277
-0.282292
1.09862
4.26166
-0.111424
1.21575
4.21342
-0.266189
1.11237
4.20972
-0.065578
1.24559
4.09714
-0.163442
1.1153
4.16835
-0.001466
1.25735
4.02792
-0.0113456
1.23966
4.267
0.127727
1.16999
4.18046
0.294033
1.22181
4.34485
0.150961
1.14278
4.32064
0.333082
1.21262
4.34395
0.132794
1.11255
4.31329
0.303222
1.22827
4.27567
0.112419
1.1422
4.16878
0.257903
1.3192
4.51233
-0.070715
1.40388
4.6917
-0.0962873
1.31704
4.53096
0.004798
1.39001
4.70712
0.0651617
1.11922
4.18917
-0.000876
1.26127
4.04873
-0.0107556
1.11732
4.20551
0.065345
1.25658
4.08658
0.145732
1.20245
4.42399
0.134191
1.10878
4.46257
0.306633
1.19564
4.41335
0.118088
1.07851
4.46159
0.272853
1.3486
4.37878
-0.150961
1.48026
4.4191
-0.296007
1.33075
4.45663
-0.127727
1.4372
4.58884
-0.233508
1.10719
4.25435
0.115341
1.23434
4.19582
0.258194
1.21052
4.35447
-0.147629
1.066
4.32913
-0.283539
1.45417
4.52288
-0.067581
1.3149
4.6418
-0.147964
1.4522
4.5398
0.001028
1.31015
4.68024
0.0109138
1.3819
4.29997
0.112717
1.50905
4.24144
0.25557
1.36568
4.37071
0.133826
1.47693
4.39021
0.29888
1.51981
4.25453
-0.010718
1.44328
4.06977
-0.0137897
1.51272
4.27582
-0.077754
1.42951
4.11675
-0.165914
1.32675
4.51772
0.004055
1.40328
4.70247
0.00713281
1.32872
4.50079
-0.064554
1.4063
4.66513
-0.14806
1.47354
4.4647
0.115563
1.35641
4.51294
0.270328
1.49113
4.3928
0.130799
1.39106
4.36214
0.301227
1.38727
4.25373
-0.074726
1.52049
4.14115
-0.172595
1.39436
4.23244
-0.007691
1.53642
4.092
-0.0175768
1.46466
4.47227
-0.11938
1.33751
4.5308
-0.262235
1.34809
4.44261
0.11859
1.44378
4.54022
0.264591
1.51784
4.27145
0.057891
1.44026
4.10711
0.141397
1.33921
4.45018
-0.116353
1.42528
4.55707
-0.261839
1.45929
4.51851
0.068063
1.32607
4.63109
0.165927
1.3924
4.24936
0.060918
1.53166
4.13044
0.141305
1.48088
4.40153
-0.14049
1.36963
4.38203
-0.305544
1.35543
4.37945
-0.137463
1.4555
4.4101
-0.307891
1.33384
4.49642
0.07109
1.41705
4.65549
0.15925
1.50735
4.32206
0.10969
1.42128
4.21516
0.255174
1.37302
4.30754
-0.122226
1.49015
4.2593
-0.276991
1.49847
4.32963
-0.125253
1.40278
4.23202
-0.271254
1.20272
4.35238
-0.129052
1.09147
4.33288
-0.294106
1.08164
4.33106
-0.12613
1.18171
4.36171
-0.296558
