4.55561
3.85446
0.433138
4.48785
3.70588
0.548607
4.39226
4.29178
0.433138
4.24369
4.35955
0.548607
4.39226
4.29178
-0.433138
4.24369
4.35955
-0.548607
4.55561
3.85446
-0.433138
4.48785
3.70588
-0.548607
4.45275
4.31437
-0.433138
4.52052
4.46294
-0.548607
4.6161
3.87705
-0.433138
4.76468
3.80928
-0.548607
4.6161
3.87705
0.433138
4.76468
3.80928
0.548607
4.60947
3.8948
-0.397987
4.79683
3.96478
-0.397987
4.60947
3.8948
0.397987
4.79683
3.96478
0.397987
4.45275
4.31437
0.433138
4.52052
4.46294
0.548607
4.45938
4.29663
-0.397987
4.64674
4.36661
-0.397987
4.45938
4.29663
0.397987
4.64674
4.36661
0.397987
