0.378683
4.55554
-0.04826
0.467027
4.59762
0.126165
0.390353
4.54649
-0.052739
0.507316
4.56509
0.108425
0.401108
4.53816
-0.060012
0.543236
4.53568
0.0806774
0.410535
4.53085
-0.0698
0.573166
4.51083
0.0448747
0.418272
4.52485
-0.081727
0.59619
4.49142
0.0032877
0.42402
4.5204
-0.095335
0.612016
4.47788
-0.0419552
0.42756
4.51765
-0.1101
0.620725
4.47027
-0.0890716
0.428756
4.51673
-0.125455
0.622546
4.46855
-0.1366
0.42756
4.51765
-0.140809
0.617716
4.4726
-0.183356
0.42402
4.5204
-0.155574
0.606404
4.48228
-0.22826
0.418272
4.52485
-0.169182
0.588722
4.49748
-0.270165
0.410535
4.53085
-0.181109
0.564795
4.518
-0.307753
0.401108
4.53816
-0.190897
0.534907
4.54345
-0.339456
0.390353
4.54649
-0.19817
0.499699
4.57311
-0.363503
0.378683
4.55554
-0.202649
0.460329
4.60585
-0.378155
0.366546
4.56494
-0.204161
0.418556
4.64006
-0.382072
0.35441
4.57435
-0.202649
0.376605
4.67384
-0.37472
0.34274
4.5834
-0.19817
0.336777
4.70534
-0.356577
0.331984
4.59173
-0.190897
0.301075
4.73304
-0.329011
0.322557
4.59904
-0.181109
0.270976
4.75595
-0.293889
0.314821
4.60503
-0.169182
0.247352
4.77352
-0.2532
0.309072
4.60949
-0.155574
0.230642
4.78561
-0.208785
0.305532
4.61223
-0.140809
0.221006
4.79222
-0.162265
0.304337
4.61316
-0.125454
0.218426
4.79347
-0.115023
0.305532
4.61223
-0.110099
0.222826
4.78947
-0.0683148
0.309072
4.60949
-0.095335
0.23409
4.78036
-0.0233555
0.314821
4.60503
-0.081727
0.252051
4.76624
0.018629
0.322557
4.59904
-0.0698
0.276441
4.74727
0.0563017
0.331984
4.59173
-0.060012
0.306842
4.72368
0.0881677
0.34274
4.5834
-0.052739
0.342533
4.69593
0.112593
0.35441
4.57435
-0.04826
0.382335
4.6648
0.12792
0.366546
4.56494
-0.046748
0.424561
4.63148
0.132714
0.09717
4.1424
-0.104231
0.274551
4.07492
-0.0411296
0.101011
4.14429
-0.119033
0.287457
4.07636
-0.094068
0.035806
4.15894
-0.20791
0.0648861
4.16388
-0.405723
0.020497
4.15963
-0.208739
0.0125882
4.17774
-0.40776
-0.054418
4.15126
-0.12745
-0.245871
4.20763
-0.114463
-0.052285
4.1491
-0.112325
-0.23854
4.20047
-0.0606498
0.056627
4.13788
-0.060238
0.136335
4.09643
0.11845
0.069839
4.13845
-0.068025
0.181497
4.08734
0.0898352
0.086914
4.15278
-0.176975
0.239038
4.10781
-0.298777
0.076705
4.15473
-0.18835
0.20429
4.12066
-0.338555
-0.033816
4.15819
-0.183513
-0.173926
4.21367
-0.31501
-0.043044
4.15686
-0.171288
-0.205945
4.21603
-0.271097
-0.016996
4.14118
-0.064225
-0.116249
4.15788
0.108604
-0.003186
4.13975
-0.05762
-0.0686681
4.14516
0.131279
0.101881
4.14636
-0.13429
0.290233
4.08058
-0.148321
0.005313
4.1599
-0.206575
-0.039363
4.19019
-0.399154
-0.047231
4.14693
-0.097912
-0.220997
4.19163
-0.0095493
0.081279
4.13942
-0.078227
0.22055
4.08052
0.0526705
0.06446
4.15644
-0.197515
0.162596
4.13468
-0.370418
-0.049707
4.15521
-0.157509
-0.229196
4.21567
-0.221762
0.011658
4.13868
-0.053831
-0.0176736
4.13221
0.143901
0.099749
4.14851
-0.149416
0.282827
4.08741
-0.201839
-0.009163
4.15974
-0.201502
-0.0889922
4.20059
-0.380272
-0.03945
4.14484
-0.084765
-0.193966
4.1814
0.036842
0.090508
4.14076
-0.090453
0.25197
4.07632
0.00842938
0.05065
4.15787
-0.20412
0.115531
4.1493
-0.39311
-0.053547
4.15333
-0.142707
-0.242701
4.21279
-0.168877
0.026966
4.13799
-0.053002
0.0348088
4.11943
0.145981
0.04215
4.13772
-0.055165
0.0868052
4.10732
0.137402
0.094695
4.15068
-0.163829
0.265544
4.09659
-0.252625
-0.022375
4.15917
-0.193715
-0.134429
4.2085
-0.351861
-0.029241
4.14289
-0.073391
-0.158571
4.17005
0.0767294
-0.020562
3.93059
-0.217776
-0.170503
3.91562
-0.349282
-0.028155
3.92438
-0.20597
-0.198574
3.89656
-0.306885
0.108746
3.96741
-0.151633
0.301146
4.01382
-0.122859
0.108397
3.97112
-0.166591
0.300546
4.02578
-0.17614
-0.033263
3.91879
-0.192586
-0.217675
3.87913
-0.259061
0.105285
3.97367
-0.181484
0.28975
4.03453
-0.229109
-0.035689
3.91405
-0.178137
-0.227081
3.86403
-0.207583
0.099532
3.97495
-0.195739
0.26913
4.03968
-0.279682
-0.03534
3.91034
-0.163178
-0.226407
3.85189
-0.154387
0.091357
3.97492
-0.208808
0.239462
4.04099
-0.325849
-0.032228
3.90779
-0.148286
-0.215642
3.84322
-0.101497
0.081075
3.97357
-0.220189
0.201917
4.03839
-0.365775
-0.026475
3.90651
-0.134031
-0.195149
3.83836
-0.0509415
0.069082
3.97096
-0.229445
0.158004
4.03196
-0.397885
-0.0183
3.90655
-0.120962
-0.165682
3.83751
-0.00471792
0.055837
3.96719
-0.23622
0.109463
4.02195
-0.420949
0.045398
3.92469
-0.088379
0.0670261
3.88805
0.107044
0.059248
3.93092
-0.090182
0.117795
3.90598
0.0994229
-0.008018
3.9079
-0.109581
-0.12836
3.8407
0.03534
0.04185
3.9624
-0.240253
0.0582208
4.00876
-0.434115
0.072225
3.93754
-0.094856
0.165396
3.92505
0.0816753
0.003975
3.91051
-0.100325
-0.084627
3.84774
0.0676335
0.027659
3.95677
-0.24139
0.00625281
3.99289
-0.436934
0.083831
3.94427
-0.102221
0.208036
3.94458
0.0545368
0.01722
3.91428
-0.09355
-0.0361986
3.85832
0.0908815
0.013809
3.95054
-0.239587
-0.0444571
3.97494
-0.429349
0.093618
3.95088
-0.111994
0.24413
3.96388
0.0190673
0.031207
3.91907
-0.089517
0.0150202
3.87195
0.10418
0.000832
3.94392
-0.234914
-0.0919728
3.95558
-0.411695
0.101212
3.95709
-0.123799
0.272343
3.98228
-0.0234024
-0.010774
3.93719
-0.227549
-0.13452
3.93555
-0.384661
0.10632
3.96267
-0.137184
0.291603
3.99913
-0.0713008
0.178593
3.53341
-0.240344
0.0361563
3.42166
-0.155342
0.185878
3.53627
-0.227255
0.0642128
3.4303
-0.109067
0.259765
3.61375
-0.33826
0.326443
3.69628
-0.507795
0.248192
3.60639
-0.344908
0.283052
3.67195
-0.530616
0.241533
3.57166
-0.195281
0.273314
3.54602
0.000506476
0.253491
3.58103
-0.197314
0.317097
3.57721
-0.00773647
0.19496
3.54082
-0.215905
0.0988975
3.44474
-0.0691395
0.236022
3.59803
-0.348774
0.237815
3.6441
-0.543387
0.264648
3.59038
-0.202237
0.357528
3.60847
-0.0260383
0.205489
3.5469
-0.206729
0.138832
3.4644
-0.0371653
0.223721
3.58899
-0.349708
0.192498
3.61387
-0.545682
0.274574
3.59934
-0.209859
0.393117
3.63865
-0.053648
0.217061
3.55426
-0.200081
0.182393
3.4885
-0.0144087
0.211762
3.57962
-0.347675
0.148836
3.58244
-0.537497
0.282889
3.60757
-0.219888
0.422573
3.66664
-0.0895099
0.229232
3.56262
-0.196215
0.227822
3.51607
-0.00171201
0.200606
3.57027
-0.342753
0.108473
3.55101
-0.51922
0.289271
3.61475
-0.231939
0.444827
3.69141
-0.132308
0.190679
3.56131
-0.33513
0.0728952
3.52077
-0.491603
0.293477
3.62061
-0.245549
0.459048
3.712
-0.180487
0.182365
3.55308
-0.325101
0.0433937
3.49285
-0.455713
0.295345
3.62492
-0.260194
0.464672
3.72763
-0.232277
0.175982
3.5459
-0.31305
0.0210354
3.46826
-0.412868
0.294802
3.62752
-0.275311
0.461435
3.73763
-0.285759
0.171776
3.54004
-0.299441
0.00666817
3.44791
-0.364642
0.29187
3.6283
-0.290321
0.449398
3.74155
-0.338897
0.169909
3.53573
-0.284796
0.00086917
3.43257
-0.3128
0.286661
3.62724
-0.304645
0.428959
3.7392
-0.389602
0.170452
3.53313
-0.269678
0.00392839
3.42285
-0.259271
0.279376
3.62438
-0.317734
0.400883
3.7306
-0.435854
0.173384
3.53235
-0.254669
0.0158145
3.41915
-0.206094
0.270294
3.61982
-0.329084
0.366252
3.7161
-0.475788
0.601583
3.21384
-0.311439
0.73653
3.3309
-0.221515
0.606042
3.2167
-0.32593
0.750777
3.34337
-0.271103
0.520624
3.11926
-0.40274
0.423715
3.03129
-0.553968
0.512751
3.1125
-0.391319
0.396954
3.00539
-0.514271
0.608501
3.21741
-0.341145
0.757702
3.34936
-0.323038
0.506465
3.1076
-0.378108
0.376346
2.98558
-0.468552
0.608868
3.21594
-0.3565
0.757161
3.34876
-0.375724
0.502006
3.10474
-0.363617
0.362461
2.97242
-0.418565
0.607126
3.21235
-0.371404
0.749153
3.34149
-0.427538
0.499547
3.10403
-0.348402
0.355662
2.96625
-0.366093
0.603344
3.20678
-0.385285
0.733847
3.32759
-0.476787
0.49918
3.1055
-0.333047
0.356116
2.9672
-0.312916
0.597667
3.19943
-0.397609
0.711634
3.30723
-0.521671
0.500922
3.10909
-0.318143
0.36381
2.97525
-0.260813
0.590312
3.1906
-0.407902
0.68318
3.28083
-0.56033
0.504704
3.11467
-0.304262
0.378538
2.99021
-0.211564
0.581563
3.18062
-0.41577
0.649472
3.24916
-0.590958
0.510381
3.12201
-0.291938
0.399921
3.01168
-0.166935
0.571755
3.16987
-0.420909
0.611842
3.21337
-0.611961
0.557549
3.17369
-0.267222
0.577257
3.18497
-0.0685155
0.56818
3.18421
-0.271
0.617205
3.2226
-0.080939
0.517736
3.13084
-0.281645
0.427372
3.03905
-0.128649
0.561267
3.15878
-0.423122
0.571897
3.17503
-0.622177
0.578268
3.19384
-0.277613
0.654552
3.25718
-0.103923
0.526485
3.14083
-0.273777
0.460066
3.07142
-0.0983597
0.550499
3.14775
-0.422325
0.531414
3.13591
-0.621059
0.587424
3.20218
-0.286807
0.687678
3.28734
-0.13615
0.536293
3.15157
-0.268638
0.496927
3.10758
-0.0775494
0.539868
3.13723
-0.418547
0.492181
3.09782
-0.608738
0.595297
3.20894
-0.298228
0.715303
3.31212
-0.175945
0.546782
3.16267
-0.266425
0.536549
3.14602
-0.0673821
0.52978
3.12761
-0.411934
0.45582
3.06247
-0.585967
0.825305
2.98945
-0.368478
0.881704
3.12599
-0.503293
0.824518
2.97811
-0.378772
0.870725
3.08645
-0.540414
0.800007
2.86103
-0.289012
0.736951
2.68316
-0.222798
0.799813
2.86769
-0.275131
0.740941
2.70636
-0.172633
0.823278
2.96505
-0.386639
0.857583
3.04099
-0.568452
0.800115
2.87687
-0.262807
0.747757
2.73867
-0.128046
0.821632
2.95076
-0.391778
0.842902
2.99155
-0.586415
0.808033
2.9456
-0.238092
0.814151
2.97745
-0.0407398
0.810468
2.96019
-0.241869
0.830304
3.02665
-0.0542819
0.800902
2.88821
-0.252514
0.757235
2.7787
-0.0909508
0.819643
2.93579
-0.393992
0.827363
2.94015
-0.593795
0.81299
2.97374
-0.248482
0.84589
3.07204
-0.0774471
0.802142
2.90127
-0.244646
0.76908
2.82466
-0.0628832
0.817387
2.92072
-0.393194
0.811646
2.88875
-0.590538
0.8155
2.98573
-0.257676
0.860279
3.11218
-0.109335
0.803788
2.91556
-0.239507
0.782892
2.87449
-0.0448871
0.814952
2.90613
-0.389416
0.796368
2.83919
-0.576963
0.817904
2.9957
-0.269098
0.872899
3.14576
-0.148859
0.805777
2.93053
-0.237294
0.798123
2.92611
-0.0374894
0.812431
2.89258
-0.382803
0.782054
2.79323
-0.553703
0.820108
3.00327
-0.282308
0.883261
3.17163
-0.194746
0.80992
2.88059
-0.373609
0.769129
2.75244
-0.52164
0.822027
3.00814
-0.296799
0.890959
3.18874
-0.245502
0.807516
2.87062
-0.362188
0.75794
2.71826
-0.481897
0.823589
3.01013
-0.312014
0.895652
3.19627
-0.299371
0.805313
2.86305
-0.348978
0.748782
2.69199
-0.435824
0.824732
3.00917
-0.327369
0.897096
3.19366
-0.354345
0.803393
2.85817
-0.334487
0.741905
2.67468
-0.384984
0.825414
3.00528
-0.342273
0.895194
3.18074
-0.408185
0.801831
2.85618
-0.319271
0.737525
2.66718
-0.331167
0.825607
2.99862
-0.356154
0.889991
3.15789
-0.458575
0.800688
2.85715
-0.303916
0.735827
2.66997
-0.276383
2.02139
2.94129
-0.429494
2.02736
2.87268
-0.617266
2.02584
2.92817
-0.422881
2.03666
2.82434
-0.593471
1.97995
3.02121
-0.309175
1.96133
3.18166
-0.191237
1.97816
3.02892
-0.322386
1.9565
3.20883
-0.237755
2.00136
2.95815
-0.277372
2.00559
2.94907
-0.0776229
1.99593
2.97246
-0.278169
1.99514
3.00291
-0.0805016
2.02954
2.91643
-0.413687
2.04476
2.78162
-0.560639
1.97745
3.03414
-0.336877
1.95355
3.22674
-0.288573
2.03233
2.90652
-0.402266
2.05136
2.74608
-0.520163
1.97784
3.03665
-0.352092
1.95261
3.23479
-0.341859
2.03412
2.8988
-0.389055
2.0562
2.71892
-0.473643
1.97931
3.03637
-0.367447
1.95371
3.2327
-0.39571
2.03484
2.89359
-0.374564
2.05911
2.70102
-0.422834
1.98182
3.03329
-0.382351
1.9568
3.22048
-0.448197
2.03445
2.89107
-0.359349
2.05999
2.69298
-0.369563
1.98526
3.02756
-0.396232
1.96178
3.19848
-0.497392
2.03297
2.89136
-0.343994
2.05881
2.69506
-0.315724
1.98951
3.01937
-0.408556
1.96848
3.16738
-0.541409
2.03046
2.89443
-0.32909
2.05561
2.70726
-0.263244
1.99439
3.00905
-0.418849
1.97665
3.12825
-0.578465
2.02702
2.90017
-0.315209
2.05053
2.72925
-0.214049
1.99973
2.99699
-0.426717
1.98598
3.08251
-0.60699
2.02278
2.90835
-0.302885
2.04375
2.76033
-0.170034
2.00531
2.98366
-0.431856
1.99612
3.03195
-0.625722
1.99089
2.98644
-0.281947
1.98512
3.05504
-0.094168
2.01789
2.91867
-0.292592
2.03553
2.79947
-0.132971
2.01092
2.96957
-0.434069
2.00668
2.97865
-0.633818
1.98644
2.99955
-0.28856
1.97591
3.10338
-0.117948
2.01256
2.93073
-0.284724
2.02618
2.84521
-0.104443
2.01635
2.95526
-0.433272
2.01723
2.92482
-0.630939
1.98275
3.01129
-0.297754
1.96789
3.1461
-0.150766
2.00698
2.94406
-0.279585
2.01608
2.89577
-0.0857159
2.63148
3.03068
-0.357408
2.66237
2.83334
-0.3676
2.63007
3.0312
-0.342054
2.66166
2.83584
-0.313098
2.60497
3.17323
-0.394291
2.56819
3.34075
-0.497166
2.60784
3.16447
-0.406615
2.57448
3.30887
-0.540917
2.62809
3.03463
-0.327149
2.65903
2.84876
-0.260113
2.61099
3.15351
-0.416909
2.58217
3.26919
-0.577489
2.62562
3.04085
-0.313269
2.65456
2.87161
-0.210693
2.61431
3.14075
-0.424776
2.59096
3.22325
-0.605468
2.62275
3.04961
-0.300945
2.6484
2.90353
-0.166761
2.61767
3.1267
-0.429916
2.60052
3.17281
-0.623773
2.60661
3.11717
-0.276229
2.60221
3.14672
-0.0784741
2.6039
3.13177
-0.280007
2.59245
3.19874
-0.0919034
2.6196
3.06057
-0.290651
2.64078
2.94331
-0.130024
2.62093
3.1119
-0.432129
2.61047
3.11982
-0.631698
2.60162
3.14542
-0.28662
2.58343
3.24717
-0.115403
2.61628
3.07332
-0.282784
2.63198
2.98939
-0.101929
2.62398
3.09691
-0.431331
2.62042
3.06634
-0.628949
2.59987
3.15759
-0.295814
2.5755
3.29015
-0.148046
2.61293
3.08737
-0.277645
2.62238
3.03998
-0.0835707
2.6267
3.08231
-0.427553
2.63001
3.01441
-0.615647
2.59871
3.16783
-0.307235
2.56897
3.32604
-0.188564
2.60966
3.10217
-0.275431
2.61232
3.09311
-0.0756542
2.62897
3.06866
-0.420941
2.63887
2.96603
-0.592315
2.59819
3.17572
-0.320445
2.56409
3.3535
-0.235399
2.63072
3.05648
-0.411747
2.64667
2.92303
-0.559856
2.59833
3.18098
-0.334936
2.56102
3.37147
-0.28675
2.63188
3.04625
-0.400325
2.65313
2.88705
-0.51951
2.59912
3.1834
-0.350152
2.5599
3.37929
-0.340666
2.6324
3.03835
-0.387115
2.65801
2.85947
-0.472811
2.60053
3.18288
-0.365507
2.56076
3.37664
-0.395087
2.63227
3.0331
-0.372624
2.66113
2.84133
-0.421527
2.60251
3.17945
-0.380411
2.56356
3.36363
-0.447926
3.37745
3.26012
-0.301319
3.36709
3.36296
-0.130096
3.37689
3.27742
-0.314163
3.36169
3.41136
-0.166411
3.38679
3.15706
-0.295994
3.40029
3.07338
-0.114845
3.38427
3.17722
-0.288804
3.39368
3.13021
-0.0946343
3.40129
3.18892
-0.503596
3.39336
3.15775
-0.700992
3.40282
3.16809
-0.498323
3.39991
3.09947
-0.68616
3.37686
3.29192
-0.330121
3.35725
3.4518
-0.211579
3.38199
3.19842
-0.285704
3.38679
3.18986
-0.0859449
3.40389
3.14865
-0.489088
3.40595
3.04513
-0.660202
3.37736
3.30304
-0.34858
3.35396
3.4827
-0.26387
3.38005
3.21985
-0.286811
3.37989
3.25004
-0.0891035
3.40445
3.13135
-0.476244
3.41127
2.99681
-0.62407
3.37837
3.31038
-0.368831
3.35193
3.50283
-0.321248
3.40448
3.11685
-0.460286
3.41565
2.95636
-0.579102
3.37985
3.31364
-0.390095
3.35124
3.5114
-0.381482
3.40398
3.10573
-0.441827
3.41894
2.92539
-0.527007
3.38175
3.31271
-0.411555
3.35194
3.50808
-0.442226
3.40297
3.09839
-0.421577
3.421
2.90512
-0.46977
3.384
3.30761
-0.432387
3.35398
3.49303
-0.501098
3.40149
3.09512
-0.400312
3.42174
2.89637
-0.409599
3.3865
3.29855
-0.451791
3.35728
3.46685
-0.555813
3.39959
3.09606
-0.378852
3.42113
2.8995
-0.348861
3.38916
3.28587
-0.469019
3.3617
3.43061
-0.604279
3.39734
3.10116
-0.35802
3.4192
2.91438
-0.289916
3.39188
3.27005
-0.483411
3.36706
3.38572
-0.64467
3.39484
3.11022
-0.338616
3.416
2.94044
-0.235058
3.39455
3.25171
-0.494413
3.37315
3.33393
-0.675471
3.39218
3.12291
-0.321388
3.41167
2.97662
-0.186408
3.39707
3.23155
-0.501603
3.37973
3.27723
-0.695544
3.37851
3.24068
-0.292084
3.37323
3.30849
-0.104003
3.38946
3.13872
-0.306996
3.40636
3.02151
-0.145822
3.39935
3.21035
-0.504704
3.38655
3.21775
-0.704157
4.95878
3.28961
-0.417023
5.00006
3.09627
-0.386757
4.95641
3.29488
-0.395951
4.99734
3.11135
-0.327826
4.94978
3.48165
-0.509301
4.93821
3.62868
-0.644396
4.95253
3.46555
-0.523796
4.94424
3.58365
-0.684986
4.95382
3.30416
-0.376347
4.99334
3.13752
-0.273069
4.9552
3.4469
-0.534846
4.95103
3.53168
-0.715938
4.95109
3.31711
-0.358963
4.98821
3.17372
-0.224564
4.95768
3.42642
-0.542025
4.95831
3.47474
-0.736099
4.93913
3.41558
-0.324436
4.95377
3.44684
-0.127437
4.93772
3.43668
-0.329882
4.94691
3.50537
-0.142272
4.94834
3.33321
-0.344468
4.98217
3.21857
-0.184119
4.95989
3.40491
-0.545058
4.96581
3.41498
-0.744717
4.9368
3.45635
-0.339334
4.94067
3.56
-0.168333
4.94567
3.35186
-0.333418
4.97545
3.27033
-0.153235
4.96174
3.38318
-0.543827
4.97322
3.35466
-0.741449
4.9364
3.47383
-0.352429
4.93527
3.60861
-0.204671
4.94319
3.37234
-0.326239
4.9683
3.32706
-0.133057
4.96315
3.36208
-0.538382
4.98027
3.29608
-0.7264
4.93654
3.48845
-0.368663
4.93092
3.64931
-0.249944
4.94098
3.39385
-0.323206
4.96098
3.38664
-0.12434
4.96407
3.34241
-0.52893
4.98667
3.24148
-0.700112
4.93722
3.49965
-0.387414
4.92779
3.68044
-0.30241
4.96447
3.32493
-0.515835
4.99216
3.19298
-0.663562
4.9384
3.50699
-0.40796
4.92602
3.70077
-0.360022
4.96432
3.31031
-0.4996
4.99652
3.15247
-0.618139
4.94005
3.5102
-0.429512
4.92567
3.70948
-0.420531
4.96365
3.29911
-0.48085
4.99957
3.12156
-0.565608
4.94209
3.50915
-0.451241
4.92678
3.70625
-0.481561
4.96247
3.29177
-0.460304
5.00122
3.10145
-0.508009
4.94446
3.50388
-0.472313
4.92931
3.69121
-0.540718
4.96082
3.28856
-0.438752
5.00137
3.09291
-0.447599
4.94705
3.4946
-0.491917
4.93317
3.665
-0.595692
5.18024
3.41474
-0.365628
5.37837
3.44198
-0.364239
5.1784
3.43044
-0.36311
5.37615
3.46029
-0.361845
5.16376
3.40664
-0.520774
5.36122
3.42379
-0.547525
5.16645
3.39232
-0.514145
5.36438
3.40761
-0.538466
5.16545
3.49928
-0.394989
5.36052
3.54259
-0.403566
5.16282
3.50739
-0.408532
5.35737
3.552
-0.421156
5.17618
3.44628
-0.363702
5.3735
3.47894
-0.362991
5.16923
3.37962
-0.504824
5.36758
3.39342
-0.526404
5.16042
3.51268
-0.42344
5.35456
3.55763
-0.440362
5.17199
3.369
-0.493168
5.37071
3.3818
-0.511772
5.15833
3.51496
-0.439141
5.35223
3.55921
-0.46025
5.17462
3.3609
-0.479626
5.37364
3.3732
-0.495088
5.15664
3.51413
-0.455033
5.35046
3.55673
-0.479925
5.17703
3.3556
-0.464718
5.37627
3.36801
-0.476991
5.15542
3.51022
-0.470503
5.34933
3.5504
-0.498502
5.17911
3.35333
-0.449016
5.37847
3.36643
-0.458211
5.15471
3.50339
-0.484958
5.34887
3.54059
-0.51523
5.1808
3.35416
-0.433125
5.38019
3.36848
-0.439532
5.15453
3.49391
-0.497842
5.34905
3.5279
-0.529557
5.18203
3.35806
-0.417655
5.38134
3.37406
-0.421672
5.1549
3.48212
-0.508659
5.34985
3.5129
-0.541032
5.18274
3.36489
-0.4032
5.38192
3.38288
-0.405239
5.15581
3.46849
-0.516995
5.35124
3.4961
-0.54928
5.18291
3.37438
-0.390316
5.38189
3.39453
-0.390872
5.15721
3.45354
-0.522529
5.35315
3.47817
-0.55412
5.17368
3.46165
-0.367383
5.37049
3.49724
-0.367856
5.18254
3.38616
-0.379498
5.38128
3.40858
-0.379032
5.15905
3.43784
-0.525048
5.35551
3.45973
-0.55545
5.17099
3.47596
-0.374012
5.36724
3.51446
-0.376382
5.18164
3.3998
-0.371162
5.38009
3.42459
-0.370031
5.16126
3.42201
-0.524456
5.35823
3.44138
-0.553238
5.16821
3.48867
-0.383334
5.36386
3.52984
-0.38842
5.10593
3.44243
-0.500899
5.18917
3.4045
-0.323044
5.10741
3.42985
-0.502918
5.18633
3.42878
-0.319149
5.11914
3.44893
-0.376531
5.1637
3.39196
-0.562995
5.11698
3.46041
-0.381845
5.16786
3.36982
-0.55274
5.12624
3.38842
-0.386242
5.14999
3.5087
-0.544262
5.12552
3.39935
-0.37956
5.15139
3.48762
-0.55715
5.10918
3.41716
-0.502443
5.18291
3.45327
-0.320068
5.11476
3.47059
-0.389317
5.17215
3.35017
-0.538327
5.12439
3.41133
-0.375124
5.15355
3.4645
-0.56571
5.11119
3.40483
-0.499492
5.17904
3.47704
-0.325759
5.11254
3.4791
-0.39866
5.17642
3.33376
-0.520298
5.12292
3.42391
-0.373105
5.1564
3.44023
-0.569607
5.11334
3.39336
-0.494179
5.17488
3.49918
-0.336012
5.11044
3.4856
-0.409516
5.18049
3.32122
-0.499351
5.12114
3.43661
-0.37358
5.15983
3.41574
-0.56869
5.11557
3.38317
-0.486706
5.17058
3.51883
-0.350428
5.1085
3.48984
-0.421467
5.18421
3.31303
-0.476299
5.11778
3.37467
-0.477363
5.16632
3.53524
-0.368463
5.10683
3.49167
-0.434054
5.18744
3.30951
-0.452013
5.11989
3.36817
-0.466507
5.16224
3.54778
-0.389405
5.10548
3.491
-0.446792
5.19005
3.3108
-0.427436
5.12182
3.36392
-0.454556
5.15851
3.55597
-0.412459
5.1045
3.48787
-0.459194
5.19195
3.31684
-0.403506
5.1235
3.3621
-0.44197
5.15529
3.55949
-0.436747
5.10393
3.4824
-0.470781
5.19304
3.32739
-0.381156
5.12485
3.36277
-0.429231
5.15268
3.5582
-0.461323
5.10379
3.47479
-0.481109
5.1933
3.34207
-0.36123
5.12583
3.3659
-0.416829
5.15079
3.55216
-0.485249
5.10409
3.46534
-0.489781
5.19273
3.3603
-0.344496
5.1264
3.37137
-0.405242
5.14968
3.54161
-0.507601
5.10481
3.45442
-0.496463
5.19133
3.38137
-0.331604
5.12654
3.37898
-0.394914
5.14942
3.52693
-0.527529
