0.390011
3.81341
-0.070688
0.28421
3.6785
-0.173677
0.563965
3.79989
-0.070688
0.553005
3.65889
-0.212109
0.563965
3.79989
0.187336
0.54488
3.68561
0.350359
0.390011
3.81341
0.163996
0.28111
3.67209
0.254376
1.07983
3.88011
-0.070688
1.21292
3.83228
-0.212108
1.07983
3.88011
0.179401
1.22306
3.75122
0.233015
1.05586
3.81341
0.167392
1.16322
3.67059
0.257262
1.05586
3.81341
-0.070688
1.16065
3.67708
-0.172838
1.14076
4.48786
-0.070688
1.34058
4.47927
-0.070688
1.20569
4.82884
-0.070688
1.36042
4.95556
-0.070688
1.20569
4.82884
0.273304
1.34088
4.91121
0.395528
1.14076
4.48786
0.211581
1.29059
4.49928
0.343576
0.524012
4.48786
0.247381
0.516867
4.49484
0.447132
0.5345
4.82614
0.266238
0.574152
4.95236
0.416224
0.235192
4.82884
0.26586
0.105175
4.9147
0.391253
0.310104
4.48786
0.21631
0.162777
4.49625
0.351308
0.552978
3.86929
-0.070688
0.552978
3.86929
-0.270688
0.737919
3.85847
-0.070688
0.737919
3.85847
-0.270688
0.737919
3.78637
-0.070688
0.738565
3.6076
-0.160367
0.5345
4.82614
-0.070688
0.595769
5.01652
-0.070688
0.235192
4.82884
-0.070688
0.079902
4.95488
-0.070688
0.941838
4.83154
-0.070688
0.880838
5.02202
-0.070688
0.737919
4.68283
-0.070688
0.736283
4.88282
-0.070688
0.737919
4.68283
0.253619
0.734456
4.80415
0.412582
0.941838
4.83154
0.283265
0.902016
4.9543
0.436053
0.737919
3.78637
0.187336
0.738456
3.63369
0.316518
0.737919
4.44621
0.247381
0.738002
4.52474
0.431319
0.737919
4.48786
0.253619
0.736454
4.47535
0.453221
0.522182
4.44621
0.247381
0.515103
4.55655
0.414037
0.908877
3.86929
0.199345
0.927136
3.7051
0.312069
0.737919
3.85847
0.199345
0.738321
3.69374
0.31276
0.896891
3.79989
0.187336
0.916026
3.6856
0.350343
0.368037
3.88011
0.176005
0.222701
3.75403
0.230618
0.368037
3.88011
-0.070688
0.233716
3.83585
-0.212108
0.306444
4.44621
0.247381
0.201074
4.58885
0.339843
0.941477
4.44621
0.247381
0.949746
4.56006
0.411607
0.939341
4.48786
0.247381
0.947492
4.49343
0.447137
1.14503
4.44621
-0.070688
1.34399
4.46661
-0.070688
1.14503
4.44621
0.247381
1.24946
4.59191
0.336068
0.552978
3.86929
0.199345
0.534952
3.70523
0.31231
0.896891
3.79989
-0.070688
0.908869
3.65898
-0.21211
0.908877
3.86929
-0.070688
0.908877
3.86929
-0.270688
0.310104
4.48786
-0.070688
0.110518
4.47501
-0.070688
0.306444
4.44621
-0.070688
0.107211
4.46371
-0.070688
1.17572
4.14689
0.1942
1.32466
4.08907
0.314509
1.17
4.20266
0.247381
1.2838
4.06682
0.340114
0.953962
4.20266
0.247381
0.963842
4.08441
0.40838
0.956821
4.14689
0.247381
0.975231
4.10556
0.442197
0.51148
4.20266
0.247381
0.502043
4.08431
0.40833
0.737919
4.20266
0.247381
0.737946
4.11688
0.428051
0.737919
4.20266
0.29023
0.737919
4.06123
0.431651
0.51148
4.20266
0.29023
0.51148
4.06123
0.431651
1.16501
4.25137
0.237923
1.27943
4.37307
0.347908
1.16002
4.30008
0.237923
1.28253
4.19462
0.355688
0.948968
4.30008
0.247381
0.952952
4.21086
0.426335
0.951465
4.25137
0.247381
0.955443
4.34107
0.426091
1.16501
4.25137
0.29023
1.27616
4.3745
0.401963
1.17
4.20266
0.29023
1.28899
4.09525
0.409838
1.15502
4.34879
0.237923
1.26952
4.47045
0.347867
1.15003
4.3975
0.237923
1.27263
4.29209
0.355645
0.943974
4.3975
0.247381
0.948056
4.30829
0.426336
0.946471
4.34879
0.247381
0.950548
4.4385
0.426086
0.946471
4.34879
0.29023
0.946471
4.49021
0.431651
1.15502
4.34879
0.29023
1.26618
4.47192
0.401963
0.280139
4.14689
0.1942
0.131239
4.09002
0.31501
0.28504
4.20266
0.247381
0.172122
4.0658
0.339682
0.28504
4.20266
-0.070688
0.085807
4.22016
-0.070688
0.280139
4.14689
-0.070688
0.103188
4.12639
-0.161619
0.289321
4.25137
0.247381
0.177506
4.37343
0.359622
0.289321
4.25137
-0.070688
0.090088
4.26887
-0.070688
0.293601
4.30008
0.247381
0.175062
4.1915
0.366372
0.293602
4.30008
-0.070688
0.094369
4.31758
-0.070688
0.297882
4.34879
0.247381
0.186067
4.47085
0.359622
0.297882
4.34879
-0.070688
0.098649
4.36629
-0.070688
0.302163
4.3975
0.247381
0.183624
4.28892
0.366372
0.302163
4.3975
-0.070688
0.10293
4.415
-0.070688
1.17572
4.14689
-0.070688
1.35238
4.12534
-0.161942
1.17
4.20266
-0.070688
1.36896
4.22306
-0.070688
1.16501
4.25137
-0.070688
1.36397
4.27177
-0.070688
1.16002
4.30008
-0.070688
1.35897
4.32048
-0.070688
1.15502
4.34879
-0.070688
1.35398
4.36919
-0.070688
1.15003
4.3975
-0.070688
1.34898
4.4179
-0.070688
0.737919
4.14689
0.250192
0.737954
4.13065
0.449531
0.306444
4.44621
0.29023
0.194629
4.56827
0.402471
0.522182
4.44621
0.29023
0.522182
4.58763
0.431651
0.737919
4.30008
0.247381
0.737919
4.15866
0.388802
0.737919
4.25137
0.247381
0.737919
4.39279
0.388802
1.16002
4.30008
0.29023
1.279
4.19267
0.409838
0.948968
4.30008
0.29023
0.948968
4.15866
0.431651
0.737919
4.3975
0.247381
0.737919
4.25608
0.388802
0.737919
4.34879
0.247381
0.737919
4.49021
0.388802
0.509029
4.14689
0.247381
0.49143
4.10586
0.442334
0.520041
4.3975
0.247381
0.520041
4.25608
0.388802
0.520041
4.3975
0.29023
0.520041
4.25608
0.431651
0.302163
4.3975
0.29023
0.183624
4.28892
0.409221
0.51362
4.25137
0.247381
0.51362
4.39279
0.388802
0.51576
4.30008
0.247381
0.51576
4.15866
0.388802
0.951465
4.25137
0.29023
0.951465
4.39279
0.431651
0.517901
4.34879
0.247381
0.517901
4.49021
0.388802
0.297882
4.34879
0.29023
0.186067
4.47085
0.402471
0.517901
4.34879
0.29023
0.517901
4.49021
0.431651
0.953962
4.20266
0.29023
0.953962
4.06123
0.431651
1.14503
4.44621
0.29023
1.25619
4.56934
0.401963
1.15003
4.3975
0.29023
1.26901
4.29009
0.409838
0.51576
4.30008
0.29023
0.51576
4.15866
0.431651
0.293601
4.30008
0.29023
0.175062
4.1915
0.409221
0.941477
4.44621
0.29023
0.941477
4.58763
0.431651
0.943974
4.3975
0.29023
0.943974
4.25608
0.431651
0.737919
4.25137
0.29023
0.737919
4.39279
0.431651
0.737919
4.34879
0.29023
0.737919
4.49021
0.431651
0.737919
4.30008
0.29023
0.737919
4.15866
0.431651
0.737919
4.44621
0.29023
0.737919
4.58763
0.431651
0.737919
4.3975
0.29023
0.737919
4.25608
0.431651
0.51362
4.25137
0.29023
0.51362
4.39279
0.431651
0.289321
4.25137
0.29023
0.177506
4.37343
0.402471
0.28504
4.20266
0.29023
0.166501
4.09408
0.409221
0.944835
4.07749
0.235372
0.961925
4.19147
0.398823
1.15175
4.08019
0.182191
1.33176
4.08751
0.269044
0.944845
4.07067
0.269441
0.944524
4.18713
0.432034
1.15176
4.07338
0.269441
1.27765
4.13719
0.411138
1.12778
4.0135
0.203419
1.26864
3.88268
0.258589
0.932849
4.00809
0.223363
0.944297
3.84367
0.336648
0.920863
3.93869
0.211354
0.923498
4.05255
0.375758
1.10381
3.9468
0.19141
1.27853
3.95728
0.288164
1.10382
3.93998
0.245423
1.22548
4.00373
0.390804
1.07984
3.87329
0.233414
1.18211
3.72132
0.31371
0.737919
4.14689
-0.070688
0.737919
4.14689
-0.270688
0.956821
4.14689
-0.070688
0.956821
4.14689
-0.270688
0.944835
4.07749
-0.070688
0.944835
4.07749
-0.270688
0.737919
4.07479
-0.070688
0.737919
4.07479
-0.270688
0.932849
4.00809
-0.070688
0.932849
4.00809
-0.270688
0.737919
4.00268
-0.070688
0.737919
4.00268
-0.270688
0.920863
3.93869
-0.070688
0.920863
3.93869
-0.270688
0.737919
3.93058
-0.070688
0.737919
3.93058
-0.270688
0.520017
4.07749
0.235372
0.503706
4.19171
0.398736
0.737919
4.07479
0.235372
0.737905
4.1865
0.401264
0.541991
3.93869
0.211354
0.538267
4.05283
0.375543
0.346062
3.9468
0.188014
0.170933
3.96164
0.283458
0.346073
3.93998
0.245423
0.224184
4.00647
0.389375
0.542001
3.93187
0.245423
0.545948
4.04678
0.409071
0.737919
4.00268
0.223363
0.738063
3.8379
0.336703
0.531004
4.00809
0.223363
0.51919
3.84382
0.336835
0.737919
3.93058
0.211354
0.737752
4.04382
0.376205
0.932859
4.00127
0.257432
0.936663
3.83758
0.372287
0.73793
3.99586
0.257432
0.738059
3.83109
0.37079
0.509029
4.14689
-0.070688
0.509029
4.14689
-0.270688
0.520017
4.07749
-0.070688
0.520017
4.07749
-0.270688
0.302114
4.08019
-0.070688
0.167793
4.03594
-0.212108
0.531004
4.00809
-0.070688
0.531004
4.00809
-0.270688
0.324088
4.0135
-0.070688
0.189767
3.96925
-0.212108
0.541991
3.93869
-0.070688
0.541991
3.93869
-0.270688
0.346062
3.9468
-0.070688
0.211741
3.90255
-0.212108
1.15175
4.08019
-0.070688
1.28484
4.03237
-0.212108
1.12778
4.0135
-0.070688
1.26087
3.96567
-0.212108
1.10381
3.9468
-0.070688
1.2369
3.89897
-0.212108
0.302114
4.08019
0.182191
0.122455
4.09241
0.269217
0.324088
4.0135
0.200022
0.180817
3.88567
0.256009
0.531014
4.00127
0.257432
0.527505
3.83775
0.372533
0.324098
4.00668
0.257432
0.224278
3.85461
0.340568
0.368047
3.87329
0.233414
0.264873
3.72282
0.315356
0.73793
4.06797
0.269441
0.737902
4.1813
0.434234
0.302124
4.07338
0.269441
0.176439
4.13996
0.410046
0.520027
4.07067
0.269441
0.520341
4.18714
0.432033
1.12779
4.00668
0.257432
1.22628
3.85297
0.339116
0.920873
3.93187
0.245423
0.916599
4.04652
0.409245
0.908887
3.86247
0.233414
0.918359
3.69896
0.348189
0.73793
3.92376
0.245423
0.737784
4.03698
0.410288
0.552988
3.86247
0.233414
0.544306
3.6991
0.348449
0.73793
3.85166
0.233414
0.738311
3.68694
0.346852
0.390011
3.81341
0.070688
0.28421
3.6785
0.173677
0.390011
3.81341
-0.163996
0.28111
3.67209
-0.254376
0.563965
3.79989
-0.187336
0.54488
3.68561
-0.350359
0.563965
3.79989
0.070688
0.553005
3.65889
0.212109
1.07983
3.88011
0.070688
1.21292
3.83228
0.212108
1.05586
3.81341
0.070688
1.16065
3.67708
0.172838
1.05586
3.81341
-0.167392
1.16322
3.67059
-0.257262
1.07983
3.88011
-0.179401
1.22306
3.75122
-0.233015
1.14076
4.48786
0.070688
1.34058
4.47927
0.070688
1.14076
4.48786
-0.211581
1.29059
4.49928
-0.343576
1.20569
4.82884
-0.273304
1.34088
4.91121
-0.395528
1.20569
4.82884
0.070688
1.36042
4.95556
0.070688
0.524012
4.48786
-0.247381
0.519123
4.49858
-0.447034
0.310104
4.48786
-0.21631
0.162777
4.49625
-0.351308
0.235192
4.82884
-0.26586
0.105175
4.9147
-0.391253
0.5345
4.82614
-0.266238
0.576306
4.95207
-0.415885
0.552978
3.86929
0.070688
0.552978
3.86929
0.270688
0.737919
3.78637
0.070688
0.738565
3.6076
0.160367
0.737919
3.85847
0.070688
0.737919
3.85847
0.270688
0.5345
4.82614
0.070688
0.595769
5.01652
0.070688
0.235192
4.82884
0.070688
0.079902
4.95488
0.070688
0.941838
4.83154
0.070688
0.880838
5.02202
0.070688
0.941838
4.83154
-0.283265
0.899743
4.95407
-0.435629
0.737919
4.68283
-0.247381
0.734381
4.80421
-0.406296
0.737919
4.68283
0.070688
0.736283
4.88282
0.070688
0.737919
3.78637
-0.187336
0.738456
3.63369
-0.316518
0.737919
4.44621
-0.247381
0.737919
4.58763
-0.388802
0.522182
4.44621
-0.247381
0.516463
4.5608
-0.411195
0.737919
4.48786
-0.247381
0.735843
4.48106
-0.447254
0.908877
3.86929
-0.199345
0.927136
3.7051
-0.312069
0.896891
3.79989
-0.187336
0.916026
3.6856
-0.350343
0.737919
3.85847
-0.199345
0.738321
3.69374
-0.31276
0.368037
3.88011
-0.176005
0.222701
3.75403
-0.230618
0.368037
3.88011
0.070688
0.233716
3.83585
0.212108
0.306444
4.44621
-0.247381
0.201074
4.58885
-0.339843
0.941477
4.44621
-0.247381
0.948291
4.56417
-0.408746
0.939341
4.48786
-0.247381
0.945127
4.49726
-0.447077
1.14503
4.44621
0.070688
1.34399
4.46661
0.070688
1.14503
4.44621
-0.247381
1.24946
4.59191
-0.336068
0.552978
3.86929
-0.199345
0.534952
3.70523
-0.31231
0.896891
3.79989
0.070688
0.908869
3.65898
0.21211
0.908877
3.86929
0.070688
0.908877
3.86929
0.270688
0.306444
4.44621
0.070688
0.107211
4.46371
0.070688
0.310104
4.48786
0.070688
0.110518
4.47501
0.070688
1.17572
4.14689
-0.1942
1.32466
4.08907
-0.314509
0.956821
4.14689
-0.247381
0.974547
4.1053
-0.442205
0.953962
4.20266
-0.247381
0.963232
4.08302
-0.407387
1.17
4.20266
-0.247381
1.2838
4.06682
-0.340114
0.51148
4.20266
-0.247381
0.502625
4.08293
-0.407338
0.51148
4.20266
-0.29023
0.51148
4.06123
-0.431651
0.737919
4.20266
-0.29023
0.737919
4.06123
-0.431651
0.737919
4.20266
-0.247381
0.737919
4.06123
-0.388802
1.16501
4.25137
-0.237923
1.27943
4.37307
-0.347908
0.951465
4.25137
-0.247381
0.955443
4.34107
-0.426091
0.948968
4.30008
-0.247381
0.952952
4.21086
-0.426335
1.16002
4.30008
-0.237923
1.28253
4.19462
-0.355688
1.17
4.20266
-0.29023
1.28899
4.09525
-0.409838
1.16501
4.25137
-0.29023
1.27616
4.3745
-0.401963
1.15502
4.34879
-0.237923
1.26952
4.47045
-0.347867
0.946471
4.34879
-0.247381
0.950548
4.4385
-0.426086
0.943974
4.3975
-0.247381
0.948056
4.30829
-0.426336
1.15003
4.3975
-0.237923
1.27263
4.29209
-0.355645
1.15502
4.34879
-0.29023
1.26618
4.47192
-0.401963
0.946471
4.34879
-0.29023
0.946471
4.49021
-0.431651
0.280139
4.14689
-0.1942
0.131239
4.09002
-0.31501
0.280139
4.14689
0.070688
0.103188
4.12639
0.161619
0.28504
4.20266
0.070688
0.085807
4.22016
0.070688
0.28504
4.20266
-0.247381
0.172122
4.0658
-0.339682
0.289321
4.25137
0.070688
0.090088
4.26887
0.070688
0.289321
4.25137
-0.247381
0.177506
4.37343
-0.359622
0.293602
4.30008
0.070688
0.094369
4.31758
0.070688
0.293601
4.30008
-0.247381
0.175062
4.1915
-0.366372
0.297882
4.34879
0.070688
0.098649
4.36629
0.070688
0.297882
4.34879
-0.247381
0.186067
4.47085
-0.359622
0.302163
4.3975
0.070688
0.10293
4.415
0.070688
0.302163
4.3975
-0.247381
0.183624
4.28892
-0.366372
1.17572
4.14689
0.070688
1.35238
4.12534
0.161942
1.17
4.20266
0.070688
1.36896
4.22306
0.070688
1.16501
4.25137
0.070688
1.36397
4.27177
0.070688
1.16002
4.30008
0.070688
1.35897
4.32048
0.070688
1.15502
4.34879
0.070688
1.35398
4.36919
0.070688
1.15003
4.3975
0.070688
1.34898
4.4179
0.070688
0.737919
4.14689
-0.247381
0.737926
4.1245
-0.446124
0.522182
4.44621
-0.29023
0.522182
4.58763
-0.431651
0.306444
4.44621
-0.29023
0.194629
4.56827
-0.402471
0.737919
4.25137
-0.247381
0.737919
4.39279
-0.388802
0.737919
4.30008
-0.247381
0.737919
4.15866
-0.388802
0.948968
4.30008
-0.29023
0.948968
4.15866
-0.431651
1.16002
4.30008
-0.29023
1.279
4.19267
-0.409838
0.737919
4.34879
-0.247381
0.737919
4.49021
-0.388802
0.737919
4.3975
-0.247381
0.737919
4.25608
-0.388802
0.509029
4.14689
-0.247381
0.492083
4.1056
-0.442337
0.302163
4.3975
-0.29023
0.183624
4.28892
-0.409221
0.520041
4.3975
-0.29023
0.520041
4.25608
-0.431651
0.520041
4.3975
-0.247381
0.520041
4.25608
-0.388802
0.51362
4.25137
-0.247381
0.51362
4.39279
-0.388802
0.51576
4.30008
-0.247381
0.51576
4.15866
-0.388802
0.951465
4.25137
-0.29023
0.951465
4.39279
-0.431651
0.517901
4.34879
-0.247381
0.517901
4.49021
-0.388802
0.517901
4.34879
-0.29023
0.517901
4.49021
-0.431651
0.297882
4.34879
-0.29023
0.186067
4.47085
-0.402471
0.953962
4.20266
-0.29023
0.953962
4.06123
-0.431651
1.15003
4.3975
-0.29023
1.26901
4.29009
-0.409838
1.14503
4.44621
-0.29023
1.25619
4.56934
-0.401963
0.293601
4.30008
-0.29023
0.175062
4.1915
-0.409221
0.51576
4.30008
-0.29023
0.51576
4.15866
-0.431651
0.943974
4.3975
-0.29023
0.943974
4.25608
-0.431651
0.941477
4.44621
-0.29023
0.941477
4.58763
-0.431651
0.737919
4.25137
-0.29023
0.737919
4.39279
-0.431651
0.737919
4.30008
-0.29023
0.737919
4.15866
-0.431651
0.737919
4.34879
-0.29023
0.737919
4.49021
-0.431651
0.737919
4.3975
-0.29023
0.737919
4.25608
-0.431651
0.737919
4.44621
-0.29023
0.737919
4.58763
-0.431651
0.28504
4.20266
-0.29023
0.166501
4.09408
-0.409221
0.289321
4.25137
-0.29023
0.177506
4.37343
-0.402471
0.51362
4.25137
-0.29023
0.51362
4.39279
-0.431651
1.15175
4.08019
-0.182191
1.33176
4.08751
-0.269044
0.944835
4.07749
-0.235372
0.96136
4.19233
-0.39828
1.15176
4.07338
-0.269441
1.27765
4.13719
-0.411138
0.944845
4.07067
-0.269441
0.944524
4.18713
-0.432034
1.12778
4.0135
-0.203419
1.26864
3.88268
-0.258589
1.10381
3.9468
-0.19141
1.27853
3.95728
-0.288164
0.920863
3.93869
-0.211354
0.923498
4.05255
-0.375758
0.932849
4.00809
-0.223363
0.944297
3.84367
-0.336648
1.07984
3.87329
-0.233414
1.18211
3.72132
-0.31371
1.10382
3.93998
-0.245423
1.22548
4.00373
-0.390804
0.737919
4.14689
0.070688
0.737919
4.14689
0.270688
0.737919
4.07479
0.070688
0.737919
4.07479
0.270688
0.944835
4.07749
0.070688
0.944835
4.07749
0.270688
0.956821
4.14689
0.070688
0.956821
4.14689
0.270688
0.737919
4.00268
0.070688
0.737919
4.00268
0.270688
0.932849
4.00809
0.070688
0.932849
4.00809
0.270688
0.737919
3.93058
0.070688
0.737919
3.93058
0.270688
0.920863
3.93869
0.070688
0.920863
3.93869
0.270688
0.737919
4.07479
-0.235372
0.737884
4.18813
-0.400154
0.520017
4.07749
-0.235372
0.504243
4.19256
-0.398191
0.541991
3.93869
-0.211354
0.538267
4.05283
-0.375543
0.542001
3.93187
-0.245423
0.545948
4.04678
-0.409071
0.346073
3.93998
-0.245423
0.224184
4.00647
-0.389375
0.346062
3.9468
-0.188014
0.170933
3.96164
-0.283458
0.737919
4.00268
-0.223363
0.738063
3.8379
-0.336703
0.737919
3.93058
-0.211354
0.737752
4.04382
-0.376205
0.531004
4.00809
-0.223363
0.51919
3.84382
-0.336835
0.73793
3.99586
-0.257432
0.738059
3.83109
-0.37079
0.932859
4.00127
-0.257432
0.936663
3.83758
-0.372287
0.302114
4.08019
0.070688
0.167793
4.03594
0.212108
0.520017
4.07749
0.070688
0.520017
4.07749
0.270688
0.509029
4.14689
0.070688
0.509029
4.14689
0.270688
0.324088
4.0135
0.070688
0.189767
3.96925
0.212108
0.531004
4.00809
0.070688
0.531004
4.00809
0.270688
0.346062
3.9468
0.070688
0.211741
3.90255
0.212108
0.541991
3.93869
0.070688
0.541991
3.93869
0.270688
1.15175
4.08019
0.070688
1.28484
4.03237
0.212108
1.12778
4.0135
0.070688
1.26087
3.96567
0.212108
1.10381
3.9468
0.070688
1.2369
3.89897
0.212108
0.302114
4.08019
-0.182191
0.122455
4.09241
-0.269217
0.324088
4.0135
-0.200022
0.180817
3.88567
-0.256009
0.324098
4.00668
-0.257432
0.224278
3.85461
-0.340568
0.531014
4.00127
-0.257432
0.527505
3.83775
-0.372533
0.368047
3.87329
-0.233414
0.264873
3.72282
-0.315356
0.73793
4.06797
-0.269441
0.737902
4.1813
-0.434234
0.520027
4.07067
-0.269441
0.520341
4.18714
-0.432033
0.302124
4.07338
-0.269441
0.176439
4.13996
-0.410046
1.12779
4.00668
-0.257432
1.22628
3.85297
-0.339116
0.908887
3.86247
-0.233414
0.918359
3.69896
-0.348189
0.920873
3.93187
-0.245423
0.916599
4.04652
-0.409245
0.73793
3.92376
-0.245423
0.737784
4.03698
-0.410288
0.73793
3.85166
-0.233414
0.738311
3.68694
-0.346852
0.552988
3.86247
-0.233414
0.544306
3.6991
-0.348449
