-1.60265
3.25073
0.229194
-1.64044
3.16928
0.0504811
-0.500577
5.64138
0.229194
-0.462785
5.72283
0.0504811
-0.485412
5.63435
0.230841
-0.415974
5.70119
0.0555978
-1.58749
3.24369
0.230841
-1.59362
3.14763
0.0555267
-0.47083
5.62758
0.235717
-0.370966
5.68037
0.0706718
-1.57291
3.23693
0.235717
-1.54858
3.1268
0.0705478
-0.457391
5.62134
0.243636
-0.329501
5.6612
0.0951238
-1.55947
3.23069
0.243636
-1.50706
3.1076
0.0949632
-0.445612
5.61588
0.254293
-0.293167
5.6444
0.128012
-1.54769
3.22522
0.254293
-1.47067
3.09078
0.127834
-0.435945
5.61139
0.267278
-0.263352
5.63062
0.168071
-1.53802
3.22074
0.267278
-1.44079
3.07697
0.167906
-0.428762
5.60806
0.282093
-0.241201
5.62037
0.213762
-1.53084
3.21741
0.282093
-1.41859
3.0667
0.213636
-0.424339
5.60601
0.298169
-0.227561
5.61407
0.263338
-1.52641
3.21535
0.298169
-1.40491
3.06038
0.263269
-0.422845
5.60531
0.314886
-0.222955
5.61194
0.314886
-1.52492
3.21466
0.314886
-1.40028
3.05824
0.314886
-0.424339
5.60601
0.331604
-0.227561
5.61407
0.366435
-1.52641
3.21535
0.331604
-1.40491
3.06038
0.366504
-0.428762
5.60806
0.347679
-0.241201
5.62037
0.416009
-1.53084
3.21741
0.347679
-1.41859
3.0667
0.416136
-0.435945
5.61139
0.362494
-0.263352
5.63062
0.461701
-1.53802
3.22074
0.362494
-1.44079
3.07697
0.461866
-0.445612
5.61588
0.37548
-0.293167
5.6444
0.501761
-1.54769
3.22522
0.37548
-1.47067
3.09078
0.501939
-0.457391
5.62134
0.386137
-0.329501
5.6612
0.534649
-1.55947
3.23069
0.386137
-1.50706
3.1076
0.53481
-0.47083
5.62758
0.394056
-0.370966
5.68037
0.559101
-1.57291
3.23693
0.394056
-1.54858
3.1268
0.559225
-0.485412
5.63435
0.398932
-0.415974
5.70119
0.574175
-1.58749
3.24369
0.398932
-1.59362
3.14763
0.574246
-0.500577
5.64138
0.400579
-0.462785
5.72283
0.579292
-1.60265
3.25073
0.400579
-1.64044
3.16928
0.579292
-0.515741
5.64842
0.398932
-0.509607
5.74448
0.574246
-1.61782
3.25777
0.398932
-1.68725
3.19092
0.574175
-0.530323
5.65518
0.394056
-0.554648
5.7653
0.559229
-1.6324
3.26453
0.394056
-1.73226
3.21173
0.559099
-0.543762
5.66142
0.386137
-0.596166
5.7845
0.534814
-1.64584
3.27077
0.386137
-1.77373
3.23091
0.534648
-0.555541
5.66688
0.37548
-0.632563
5.80133
0.501939
-1.65762
3.27623
0.37548
-1.81006
3.24771
0.501761
-0.565208
5.67137
0.362494
-0.662441
5.81515
0.461866
-1.66728
3.28072
0.362494
-1.83988
3.26149
0.461701
-0.572391
5.67471
0.347679
-0.684643
5.82541
0.416136
-1.67447
3.28405
0.347679
-1.86203
3.27174
0.416009
-0.576815
5.67676
0.331604
-0.698322
5.83173
0.366504
-1.67889
3.2861
0.331604
-1.87567
3.27804
0.366435
-0.578308
5.67745
0.314886
-0.702943
5.83387
0.314886
-1.68038
3.2868
0.314886
-1.88027
3.28017
0.314886
-0.576815
5.67676
0.298169
-0.698322
5.83173
0.263269
-1.67889
3.2861
0.298169
-1.87567
3.27804
0.263338
-0.572391
5.6747
0.282093
-0.684643
5.82541
0.213636
-1.67447
3.28405
0.282093
-1.86203
3.27174
0.213762
-0.565208
5.67137
0.267278
-0.662441
5.81515
0.167906
-1.66728
3.28072
0.267278
-1.83988
3.26149
0.168071
-0.555541
5.66688
0.254293
-0.632563
5.80133
0.127834
-1.65762
3.27623
0.254293
-1.81006
3.24771
0.128012
-0.543762
5.66142
0.243636
-0.596166
5.7845
0.0949591
-1.64584
3.27077
0.243636
-1.77373
3.23091
0.0951251
-0.530323
5.65518
0.235717
-0.554648
5.7653
0.0705437
-1.6324
3.26453
0.235717
-1.73226
3.21173
0.0706737
-0.515741
5.64842
0.230841
-0.509607
5.74448
0.0555267
-1.61782
3.25777
0.230841
-1.68725
3.19092
0.0555978
