3.05037
4.76811
0
3.07963
4.57026
0
3.96308
4.9226
0
4.10992
4.78682
0
3.94604
4.9226
0.316069
4.11615
4.82744
0.36089
3.93985
4.92153
0.327637
4.06013
4.82215
0.452766
3.92491
4.91896
0.332428
3.96733
4.8225
0.502421
3.48764
4.84353
0.332428
3.50327
4.74951
0.508255
3.05037
4.76811
0.332428
3.12581
4.60241
0.415216
3.49809
5.01316
0.339423
3.49785
5.01984
0.539311
3.46018
5.20245
0.318379
3.45589
5.25584
0.511073
3.06595
5.16897
0.318525
3.20467
5.20782
0.457263
3.06595
4.99101
0.339423
3.20367
4.99165
0.484455
1.985
5.10839
0
1.96465
5.30735
-0.000465494
1.65377
5.07454
0
1.51746
5.22089
-0.000428727
1.69591
5.06621
0.299955
1.59951
5.23227
0.355911
2.00607
5.09727
0.299956
1.98664
5.28857
0.35497
3.47557
5.24366
0
3.45901
5.44297
-0.00074602
3.06595
5.20241
0
3.1395
5.38839
-0.000340395
3.06595
5.18849
0.299884
3.19895
5.33089
0.344974
3.46705
5.22712
0.299884
3.45116
5.41647
0.362269
3.97779
5.03639
0
4.1759
5.0638
3.83389e-10
3.95124
5.03639
0.323065
4.14112
5.06541
0.378748
2.99237
5.18929
0.331464
2.79252
5.18225
0.327851
2.99292
5.1631
0.318548
2.84709
5.20109
0.450042
2.99292
4.98708
0.339423
2.84781
4.99798
0.476626
2.99202
4.99849
0.364064
2.84692
5.00906
0.501298
2.99202
5.19366
0.340916
2.82623
5.27397
0.418781
3.88996
5.26925
0
3.99741
5.43793
-0.000455466
3.86814
5.25665
0.299884
3.96878
5.41455
0.370174
1.99799
4.70051
0
1.98741
4.50079
-0.000105211
2.31623
4.69307
0
2.316
4.49307
-3.34302e-05
2.31623
4.69307
0.332428
2.31893
4.55036
0.472527
2.01624
4.7178
0.325636
2.00743
4.57625
0.466652
2.97886
4.7608
0
2.9992
4.56184
0
2.97886
4.7608
0.332428
2.91328
4.60798
0.443539
1.99439
4.95069
0.339423
1.99234
4.96053
0.53917
1.67254
4.95069
0.339423
1.53902
4.9561
0.488225
1.71624
4.74254
0.318845
1.613
4.61819
0.436648
2.64754
4.72694
0.332428
2.65693
4.63384
0.509193
2.65457
4.96888
0.339423
2.65399
4.97835
0.539198
2.31623
4.95069
0.339423
2.31499
4.96058
0.539174
2.65457
5.1694
0
2.63858
5.36876
0
2.31623
5.14225
0
2.29805
5.34142
-0.000115131
2.31623
5.12833
0.299957
2.29871
5.32111
0.350243
2.65457
5.15548
0.299957
2.63936
5.34512
0.361641
3.0654
5.19515
0.331464
3.26524
5.20218
0.335072
3.06506
5.19952
0.340916
3.21781
5.29717
0.425361
3.06506
5.00242
0.364064
3.2027
5.00368
0.509157
1.64154
4.95069
0
1.44156
4.94774
-0.000957558
1.67974
4.70795
0
1.54916
4.55647
-0.00130414
2.00461
5.07655
0.319495
1.99915
5.13964
0.509207
1.69298
5.04427
0.320218
1.60582
5.11337
0.486437
2.99292
5.19655
0
2.88816
5.36692
0
2.99202
5.20089
0.02464
2.88756
5.37085
0.0104678
3.06506
5.20675
0.02464
3.13953
5.39189
0.0113249
2.97796
4.77221
0.357068
2.88027
4.67793
0.503925
2.64754
4.72694
0
2.66788
4.52797
0
3.04948
4.77952
0.357068
3.15315
4.68386
0.498845
2.65457
5.13597
0.31866
2.6503
5.19182
0.510655
2.31623
5.10884
0.318773
2.31147
5.16691
0.510097
2.99292
5.18263
0.299957
2.84065
5.30808
0.332766
3.06595
5.18262
0.312134
3.20432
5.27687
0.421543
2.99292
5.17675
0.312162
2.84205
5.26913
0.405462
3.93022
5.03531
0.339423
3.96078
5.04511
0.536832
3.94508
5.03607
0.334632
4.0713
5.0593
0.488026
1.69558
5.05786
0.31265
1.60269
5.18239
0.4386
2.0059
5.09016
0.312439
1.99182
5.22878
0.455913
3.85441
5.23593
0.318233
3.87119
5.28544
0.511279
3.86412
5.25043
0.312048
3.92132
5.3531
0.473871
2.31623
5.12247
0.312228
2.30347
5.26288
0.454075
2.65457
5.14961
0.312195
2.6433
5.29043
0.45377
3.46504
5.21653
0.312091
3.45405
5.34613
0.46402
3.05037
4.76811
-0.332428
3.12581
4.60241
-0.415216
3.48764
4.84353
-0.332428
3.50327
4.74951
-0.508255
3.92491
4.91896
-0.332428
3.96733
4.8225
-0.502421
3.93985
4.92153
-0.327637
4.06013
4.82215
-0.452766
3.94604
4.9226
-0.316069
4.11615
4.82744
-0.36089
3.49809
5.01316
-0.339423
3.49785
5.01984
-0.539311
3.06595
4.99101
-0.339423
3.20367
4.99165
-0.484455
3.06595
5.16897
-0.318525
3.20467
5.20782
-0.457263
3.46018
5.20245
-0.318379
3.45589
5.25584
-0.511073
2.00607
5.09591
-0.299956
1.98601
5.28921
-0.347179
1.69591
5.06348
-0.299955
1.5998
5.23253
-0.346692
3.46705
5.22257
-0.299884
3.45084
5.41563
-0.349528
3.06595
5.18849
-0.299884
3.19785
5.33436
-0.336301
3.95124
5.03639
-0.323065
4.14112
5.06541
-0.378748
2.99237
5.18929
-0.331464
2.79252
5.18225
-0.327851
2.99202
5.19366
-0.340916
2.82623
5.27397
-0.418781
2.99202
4.99849
-0.364064
2.84692
5.00906
-0.501298
2.99292
4.98708
-0.339423
2.84781
4.99798
-0.476626
2.99292
5.1631
-0.318548
2.84709
5.20109
-0.450042
3.86814
5.25665
-0.299884
3.96752
5.41839
-0.362843
2.02247
4.7178
-0.325636
2.01357
4.5763
-0.4667
2.31623
4.69307
-0.332428
2.31888
4.55038
-0.472542
2.97886
4.7608
-0.332428
2.91328
4.60798
-0.443539
1.7287
4.74254
-0.318845
1.62741
4.61711
-0.437194
1.67254
4.95069
-0.339423
1.53991
4.9544
-0.489073
1.99439
4.95069
-0.339423
1.99232
4.96048
-0.539172
2.64754
4.72694
-0.332428
2.65693
4.63384
-0.509193
2.31623
4.95069
-0.339423
2.31498
4.96056
-0.539175
2.65457
4.96888
-0.339423
2.65399
4.97835
-0.539198
2.65457
5.15548
-0.299957
2.63936
5.34512
-0.361641
2.31623
5.12833
-0.299957
2.29845
5.3216
-0.348213
3.06506
5.00242
-0.364064
3.2027
5.00368
-0.509157
3.06506
5.19952
-0.340916
3.21781
5.29717
-0.425361
3.0654
5.19515
-0.331464
3.26524
5.20218
-0.335072
1.69298
5.04427
-0.320218
1.60586
5.11351
-0.486398
2.00461
5.07655
-0.319495
1.99915
5.13963
-0.509209
3.06506
5.20675
-0.02464
3.13953
5.39189
-0.0113249
2.99202
5.20089
-0.02464
2.88756
5.37085
-0.0104678
2.97796
4.77221
-0.357068
2.88027
4.67793
-0.503925
3.04948
4.77952
-0.357068
3.15315
4.68386
-0.498845
2.31623
5.10884
-0.318773
2.31147
5.16691
-0.510098
2.65457
5.13597
-0.31866
2.6503
5.19182
-0.510655
2.99292
5.18263
-0.299957
2.84065
5.30808
-0.332766
3.06595
5.18262
-0.312134
3.20584
5.28306
-0.413839
2.99292
5.17675
-0.312162
2.84205
5.26913
-0.405462
3.93022
5.03531
-0.339423
3.96078
5.04511
-0.536832
3.94508
5.03607
-0.334632
4.0713
5.0593
-0.488026
2.0059
5.09016
-0.312439
1.991
5.23474
-0.449825
1.69558
5.05786
-0.31265
1.60101
5.18884
-0.430552
3.85441
5.23593
-0.318233
3.87119
5.28544
-0.511279
3.86412
5.25043
-0.312048
3.92177
5.35902
-0.469798
2.65457
5.14961
-0.312195
2.6433
5.29043
-0.45377
2.31623
5.12247
-0.312228
2.30322
5.26443
-0.452505
3.46504
5.21653
-0.312091
3.45318
5.35641
-0.454539
