-0.577739
5.32994
-0.064253
-0.515849
5.1541
-0.136726
-0.577739
5.34484
-0.091376
-0.515378
5.18652
-0.196478
-0.226312
5.34211
-0.063455
-0.26379
5.1819
-0.177164
-0.231612
5.33345
-0.045378
-0.274825
5.15478
-0.124198
-1.13829
5.53975
-0.301959
-1.32699
5.55236
-0.367009
-0.98541
5.54568
-0.330997
-0.985082
5.58371
-0.527348
-0.98541
5.47889
-0.337399
-0.985082
5.47889
-0.537399
-1.13829
5.47889
-0.307792
-1.327
5.47889
-0.374019
-0.781575
5.53763
-0.291598
-0.705139
5.57277
-0.473045
-0.781575
5.47889
-0.297228
-0.705203
5.47889
-0.482072
-0.577739
5.51034
-0.158086
-0.505191
5.54403
-0.341394
-0.577739
5.47889
-0.1611
-0.507703
5.47652
-0.348422
-1.13829
5.59827
-0.284683
-1.32696
5.6231
-0.346208
-0.98541
5.60991
-0.312037
-0.985077
5.68471
-0.497523
-0.781575
5.59412
-0.274924
-0.704961
5.6632
-0.446263
-0.577739
5.54058
-0.149158
-0.502569
5.60878
-0.321492
-1.13829
5.6522
-0.25663
-1.32692
5.68846
-0.312337
-0.98541
5.66911
-0.281248
-0.985072
5.77816
-0.448899
-0.781575
5.64617
-0.247847
-0.704696
5.74685
-0.402618
-0.577739
5.56845
-0.134661
-0.499993
5.66834
-0.289513
-1.13829
5.69948
-0.218877
-1.32687
5.74595
-0.266586
-0.98541
5.72099
-0.239812
-0.985072
5.86051
-0.383115
-0.781575
5.6918
-0.211407
-0.704383
5.82051
-0.343607
-0.577739
5.59289
-0.11515
-0.497617
5.72048
-0.246675
-1.13829
5.73828
-0.172874
-1.32682
5.79331
-0.21063
-0.98541
5.76357
-0.189323
-0.985072
5.92847
-0.302497
-0.781575
5.72925
-0.167005
-0.704068
5.88126
-0.271336
-0.577739
5.61294
-0.091376
-0.495594
5.76326
-0.1946
-1.13829
5.7671
-0.12039
-1.32678
5.82863
-0.146563
-0.98541
5.79521
-0.13172
-0.985072
5.97925
-0.210022
-0.781575
5.75707
-0.116347
-0.703798
5.92662
-0.188483
-0.577739
5.62783
-0.064253
-0.494049
5.79503
-0.135253
-1.13829
5.78486
-0.063441
-1.32675
5.85045
-0.0768426
-0.98541
5.8147
-0.069217
-0.985072
6.01065
-0.109254
-0.781575
5.77421
-0.06138
-0.703615
5.95466
-0.0982492
-0.577739
5.63701
-0.034823
-0.493088
5.81459
-0.0708869
-1.13829
5.79085
-0.004216
-1.32674
5.85783
-0.004216
-0.98541
5.82128
-0.004216
-0.985072
6.02128
-0.004216
-0.781575
5.78
-0.004216
-0.703549
5.96415
-0.004216
-0.577739
5.64011
-0.004216
-0.492775
5.82116
-0.00394635
-1.13829
5.78486
0.055008
-1.32675
5.85045
0.0684096
-0.98541
5.8147
0.060785
-0.985072
6.01065
0.100822
-0.781575
5.77421
0.052948
-0.703615
5.95466
0.0898221
-0.577739
5.63701
0.02639
-0.493125
5.81449
0.0630049
-1.13829
5.7671
0.111957
-1.32678
5.82863
0.13813
-0.98541
5.79521
0.123287
-0.985072
5.97925
0.201589
-0.781575
5.75707
0.107915
-0.703799
5.92662
0.180056
-0.577739
5.62783
0.055821
-0.494121
5.79483
0.127375
-1.13829
5.73828
0.164441
-1.32682
5.79331
0.202197
-0.98541
5.76357
0.18089
-0.985072
5.92847
0.294064
-0.781575
5.72925
0.158573
-0.704069
5.88126
0.262908
-0.577739
5.61294
0.082944
-0.495699
5.76294
0.186713
-1.13829
5.69948
0.210444
-1.32687
5.74595
0.258153
-0.98541
5.72099
0.23138
-0.985072
5.86051
0.374683
-0.781575
5.6918
0.202975
-0.704384
5.8205
0.335178
-0.577739
5.59289
0.106718
-0.497741
5.72003
0.238754
-1.13829
5.6522
0.248198
-1.32692
5.68846
0.303895
-0.98541
5.66911
0.272815
-0.985072
5.77817
0.440464
-0.781575
5.64617
0.239415
-0.704696
5.74685
0.394186
-0.577739
5.56845
0.126229
-0.500115
5.66775
0.281518
-1.13829
5.59827
0.276251
-1.32697
5.6231
0.337767
-0.98541
5.60991
0.303605
-0.985077
5.68471
0.48909
-0.781575
5.59412
0.266492
-0.704961
5.66321
0.437831
-0.577739
5.54058
0.140726
-0.502682
5.60807
0.313387
-1.13829
5.53975
0.293527
-1.32699
5.55236
0.358577
-0.98541
5.54568
0.322565
-0.985082
5.58371
0.518916
-0.781575
5.53763
0.283166
-0.705139
5.57277
0.464613
-0.577739
5.51034
0.149654
-0.505271
5.54324
0.333136
-1.13829
5.47889
0.29936
-1.327
5.47889
0.365587
-0.98541
5.47889
0.328967
-0.985082
5.47889
0.528967
-0.781575
5.47889
0.288796
-0.705203
5.47889
0.47364
-0.577739
5.47889
0.152668
-0.507735
5.47571
0.33999
-1.13829
5.41803
0.293527
-1.32699
5.40541
0.358577
-0.98541
5.41209
0.322565
-0.985082
5.37406
0.518916
-0.781575
5.42014
0.283166
-0.705139
5.38501
0.464613
-0.577739
5.44743
0.149654
-0.509949
5.40805
0.333648
-1.13829
5.3595
0.276251
-1.32697
5.33467
0.337767
-0.98541
5.34786
0.303605
-0.985077
5.27306
0.48909
-0.781575
5.36366
0.266492
-0.704961
5.29457
0.437831
-0.577739
5.41719
0.140726
-0.511831
5.34285
0.314306
-1.13829
5.30557
0.248198
-1.32692
5.26931
0.303895
-0.98541
5.28866
0.272815
-0.985072
5.17961
0.440464
-0.781575
5.3116
0.239415
-0.704696
5.21092
0.394186
-0.577739
5.38932
0.126229
-0.513333
5.28264
0.282661
-1.13829
5.25829
0.210444
-1.32687
5.21182
0.258162
-0.98541
5.23678
0.23138
-0.985072
5.09727
0.374683
-0.781575
5.26597
0.202975
-0.704383
5.13727
0.335175
-0.577739
5.36489
0.106718
-0.514453
5.22977
0.239902
-1.13829
5.2195
0.164442
-1.32682
5.16446
0.202207
-0.98541
5.1942
0.180891
-0.985072
5.0293
0.294065
-0.781575
5.22852
0.158573
-0.704068
5.07651
0.262904
-0.577739
5.34484
0.082944
-0.515236
5.18633
0.187671
-1.13829
5.19067
0.111957
-1.32678
5.12914
0.13813
-0.98541
5.16256
0.123288
-0.985072
4.97852
0.20159
-0.781575
5.2007
0.107915
-0.703798
5.03115
0.180051
-0.577739
5.32994
0.055821
-0.515737
5.15402
0.127981
-1.13829
5.17291
0.055009
-1.32675
5.10732
0.0684106
-0.98541
5.14307
0.060785
-0.985072
4.94712
0.100822
-0.781575
5.18356
0.052948
-0.703615
5.00311
0.0898172
-0.577739
5.32076
0.026391
-0.516018
5.13411
0.0631429
-1.13829
5.16692
-0.004216
-1.32674
5.09994
-0.004216
-0.98541
5.1365
-0.004216
-0.985072
4.9365
-0.004216
-0.781575
5.17777
-0.004216
-0.703549
4.99362
-0.004216
-0.577739
5.31767
-0.004216
-0.516129
5.12739
-0.00433643
-1.13829
5.17291
-0.063441
-1.32675
5.10732
-0.0768426
-0.98541
5.14307
-0.069217
-0.985072
4.94712
-0.109254
-0.781575
5.18356
-0.06138
-0.703615
5.00311
-0.0982492
-0.577739
5.32076
-0.034823
-0.516084
5.13414
-0.0718359
-1.13829
5.19067
-0.120389
-1.32678
5.12914
-0.146562
-0.98541
5.16256
-0.131719
-0.985072
4.97852
-0.210021
-0.781575
5.2007
-0.116347
-0.703798
5.03115
-0.188483
-1.13829
5.2195
-0.172874
-1.32682
5.16446
-0.210639
-0.98541
5.1942
-0.189322
-0.985072
5.0293
-0.302496
-0.781575
5.22852
-0.167005
-0.704068
5.07651
-0.271336
-1.13829
5.25829
-0.218876
-1.32687
5.21182
-0.266594
-0.98541
5.23678
-0.239812
-0.985072
5.09727
-0.383115
-0.781575
5.26597
-0.211407
-0.704383
5.13727
-0.343607
-0.577739
5.36489
-0.11515
-0.514601
5.2301
-0.248744
-1.13829
5.30557
-0.25663
-1.32692
5.26931
-0.312327
-0.98541
5.28866
-0.281247
-0.985072
5.17961
-0.448896
-0.781575
5.3116
-0.247847
-0.704696
5.21092
-0.402618
-0.577739
5.38932
-0.13466
-0.513453
5.28313
-0.29148
-1.13829
5.3595
-0.284683
-1.32697
5.33467
-0.346199
-0.98541
5.34786
-0.312037
-0.985077
5.27306
-0.497522
-0.781575
5.36366
-0.274924
-0.704961
5.29457
-0.446263
-0.577739
5.41719
-0.149158
-0.511906
5.3435
-0.323043
-1.13829
5.41802
-0.301958
-1.32699
5.40541
-0.367008
-0.98541
5.41209
-0.330997
-0.985082
5.37406
-0.527348
-0.781575
5.42014
-0.291598
-0.705139
5.38501
-0.473045
-0.577739
5.44743
-0.158086
-0.509971
5.40881
-0.342248
-1.12128
5.23675
-0.161658
-1.27541
5.34183
-0.0895331
-1.12128
5.27296
-0.204601
-1.27508
5.36214
-0.112987
-0.203781
5.3834
0.092499
-0.215499
5.30923
0.277869
-0.193587
5.40084
0.098671
-0.193991
5.36177
0.294816
-0.128108
5.51059
0.017287
-0.0478975
5.68937
0.0573314
-0.126786
5.51244
-0.003199
-0.0447423
5.69484
-0.00266572
-0.190875
5.4015
-0.1075
-0.189366
5.36292
-0.303737
-0.201227
5.38402
-0.10171
-0.211256
5.31034
-0.287373
-0.23267
5.33319
0.035066
-0.276454
5.15436
0.113173
-0.227849
5.34174
0.053331
-0.266178
5.18126
0.166377
-0.152274
5.47078
0.083741
-0.104233
5.57016
0.250521
-0.143803
5.48493
0.070824
-0.0849227
5.61241
0.213237
-0.141848
5.48541
-0.077817
-0.0809601
5.61291
-0.219363
-0.149975
5.47134
-0.091042
-0.0997401
5.57086
-0.257095
-0.234987
5.32809
-0.025719
-0.281806
5.13791
-0.0662124
-0.18293
5.419
0.100889
-0.171337
5.41605
0.300531
-0.127569
5.51072
-0.023723
-0.0467272
5.68945
-0.0627072
-0.210822
5.36789
-0.092173
-0.231408
5.26139
-0.260202
-0.221248
5.35326
0.069385
-0.252226
5.21714
0.212599
-0.136783
5.49656
0.055023
-0.0685726
5.64726
0.167446
-0.159314
5.45528
-0.100931
-0.120826
5.52303
-0.285126
-0.236309
5.32623
-0.005233
-0.284443
5.13211
-0.00560807
-0.17222
5.43717
0.099068
-0.148295
5.47015
0.294874
-0.130426
5.50548
-0.043498
-0.0537371
5.67346
-0.120329
-0.219293
5.35374
-0.079256
-0.249136
5.21797
-0.223052
-0.213121
5.36733
0.08261
-0.235131
5.26039
0.250177
-0.131484
5.50523
0.036946
-0.0559998
5.67327
0.114806
-0.169509
5.43783
-0.107103
-0.143353
5.47119
-0.302559
-0.235527
5.32796
0.015291
-0.282631
5.13769
0.055046
-0.161869
5.45466
0.093278
-0.125647
5.52215
0.27803
-0.135247
5.49693
-0.061763
-0.0653609
5.64758
-0.173219
-0.180165
5.41967
-0.109321
-0.166471
5.41718
-0.308836
-0.129286
5.36404
-0.106557
-0.0596451
5.30337
-0.28395
-0.13609
5.34498
-0.100502
-0.0823971
5.25414
-0.270401
-1.12128
5.47889
-0.287603
-1.27423
5.47889
-0.158738
-1.12128
5.5357
-0.282158
-1.27429
5.51122
-0.155715
-1.12128
5.64068
0.231412
-1.27475
5.57076
0.123902
-1.12128
5.59033
0.2576
-1.27447
5.54226
0.138351
-1.12128
5.20983
-0.112664
-1.27569
5.3268
-0.0628942
-1.12128
5.68481
0.196169
-1.27507
5.59563
0.104547
-1.12128
5.19326
-0.059502
-1.27588
5.31758
-0.0340998
-1.12128
5.72103
0.153226
-1.2754
5.61595
0.0810924
-1.12128
5.18767
-0.004216
-1.27594
5.31447
-0.004216
-1.12128
5.74794
0.104232
-1.27569
5.63097
0.0544622
-1.12128
5.19326
0.05107
-1.27588
5.31758
0.0256678
-1.12128
5.76451
0.05107
-1.27588
5.64019
0.0256678
-1.12128
5.20983
0.104232
-1.27569
5.3268
0.0544622
-1.12128
5.7701
-0.004216
-1.27594
5.6433
-0.004216
-1.12128
5.23675
0.153226
-1.27541
5.34183
0.0811011
-1.12128
5.76451
-0.059502
-1.27588
5.64019
-0.0340998
-1.12128
5.27296
0.196169
-1.27508
5.36214
0.104555
-1.12128
5.74794
-0.112664
-1.27569
5.63097
-0.0628942
-1.12128
5.31709
0.231412
-1.27475
5.38701
0.123902
-1.12128
5.72102
-0.161658
-1.2754
5.61595
-0.0895244
-1.12128
5.36744
0.2576
-1.27447
5.41551
0.138351
-1.12128
5.42207
-0.282158
-1.27429
5.44655
-0.155715
-1.12128
5.68481
-0.204601
-1.27507
5.59563
-0.112979
-1.12128
5.42207
0.273726
-1.27429
5.44655
0.147283
-1.12128
5.36744
-0.266032
-1.27447
5.41551
-0.146783
-1.12128
5.64068
-0.239844
-1.27475
5.57076
-0.132334
-1.12128
5.47889
0.279172
-1.27423
5.47889
0.150307
-1.12128
5.31709
-0.239844
-1.27475
5.38701
-0.132334
-1.12128
5.59033
-0.266032
-1.27447
5.54226
-0.146783
-1.12128
5.5357
0.273726
-1.27429
5.51122
0.147283
-0.122186
5.38388
-0.108653
-0.0362811
5.35345
-0.286682
-0.115065
5.40372
-0.106709
-0.0131367
5.40252
-0.278782
-0.108195
5.4228
-0.100801
0.00898821
5.44884
-0.26077
-0.10184
5.4404
-0.091156
0.0293316
5.49082
-0.233465
-0.096246
5.45584
-0.078143
0.0471543
5.52709
-0.197971
-0.091626
5.46851
-0.062263
0.0617736
5.55651
-0.155668
-0.088158
5.47794
-0.044126
0.0726156
5.57824
-0.108103
-0.085976
5.48377
-0.02443
0.0792527
5.59167
-0.0569264
-0.085164
5.48576
-0.003931
0.0814138
5.59645
-0.00387312
-0.085752
5.48384
0.016583
0.0790061
5.5924
0.0492908
-0.087718
5.4781
0.036323
0.0721219
5.57957
0.100775
-0.090987
5.46873
0.054532
0.0610364
5.55823
0.148764
-0.095432
5.45612
0.070509
0.0461911
5.52893
0.191508
-0.100884
5.44073
0.083641
0.0281706
5.49256
0.227374
-0.107132
5.42317
0.093422
0.0076604
5.45029
0.254938
-0.113937
5.40411
0.099477
-0.0146042
5.40357
0.273065
-0.121036
5.38427
0.101573
-0.0378257
5.35407
0.280915
-0.128157
5.36443
0.099629
-0.0612165
5.30357
0.277997
-0.135028
5.34535
0.093721
-0.0839553
5.25399
0.264149
-0.141382
5.32775
0.084075
-0.105176
5.20731
0.239589
-0.146977
5.31231
0.071062
-0.12404
5.16555
0.204979
-0.151596
5.29964
0.055183
-0.139733
5.13062
0.161441
-0.155064
5.29021
0.037046
-0.151517
5.10426
0.110606
-0.157246
5.28438
0.01735
-0.15877
5.08789
0.054599
-0.158058
5.28239
-0.003149
-0.161096
5.08242
-0.00405561
-0.15747
5.28431
-0.023663
-0.158374
5.08814
-0.0626249
-0.155504
5.29006
-0.043404
-0.150767
5.10471
-0.118405
-0.152235
5.29942
-0.061612
-0.138693
5.13117
-0.168897
-0.14779
5.31203
-0.07759
-0.122755
5.1661
-0.212035
-0.142338
5.32742
-0.090721
-0.10371
5.20773
-0.246229
