-0.892134
5.35974
0.408555
-1.09213
5.35974
0.408555
-0.892134
5.33164
0.419598
-1.09213
5.33164
0.419598
-0.892134
5.31107
0.449767
-1.09213
5.31107
0.449767
-0.892134
5.30354
0.49098
-1.09213
5.30354
0.49098
-0.892134
5.31107
0.532193
-1.09213
5.31107
0.532193
-0.892134
5.33164
0.562363
-1.09213
5.33164
0.562363
-0.892134
5.35974
0.573405
-1.09213
5.35974
0.573405
-0.892134
5.38784
0.562363
-1.09213
5.38784
0.562363
-0.892134
5.40841
0.532193
-1.09213
5.40841
0.532193
-0.892134
5.41594
0.49098
-1.09213
5.41594
0.49098
-0.892134
5.40841
0.449767
-1.09213
5.40841
0.449767
-0.892134
5.38784
0.419598
-1.09213
5.38784
0.419598
-0.892134
5.35974
-0.408555
-1.09213
5.35974
-0.408555
-0.892134
5.38784
-0.419598
-1.09213
5.38784
-0.419598
-0.892134
5.40841
-0.449768
-1.09213
5.40841
-0.449768
-0.892134
5.41594
-0.490981
-1.09213
5.41594
-0.490981
-0.892134
5.40841
-0.532193
-1.09213
5.40841
-0.532193
-0.892134
5.38784
-0.562363
-1.09213
5.38784
-0.562363
-0.892134
5.35974
-0.573406
-1.09213
5.35974
-0.573406
-0.892134
5.33164
-0.562363
-1.09213
5.33164
-0.562363
-0.892134
5.31107
-0.532193
-1.09213
5.31107
-0.532193
-0.892134
5.30354
-0.49098
-1.09213
5.30354
-0.49098
-0.892134
5.31107
-0.449768
-1.09213
5.31107
-0.449768
-0.892134
5.33164
-0.419598
-1.09213
5.33164
-0.419598
