-1.63532
4.72688
-0
-0.06745
0.9917
0
0.84803
0.564549
-1.63532
4.72688
0.235701
-0.053375
0.768525
0.417775
0.764627
0.564549
-1.2837
4.71226
0.235701
0.162875
0.75545
0.410825
0.764627
0.48321
-1.2837
4.71226
-0
0.20185
0.9656
0
0.84803
0.48321
-1.98152
4.52063
0.329854
-0.15365
0.55005
0.8183
0.435338
0.123197
-1.98501
4.66422
0.235701
-0.219425
0.750825
0.40455
0.377694
0.104143
-2.32077
4.52496
0.235701
-0.491733
0.657133
0.290633
0.452265
0.003469
-2.37438
4.38209
0.329591
-0.5406
0.52625
0.44515
0.515667
0.00334
-1.98501
4.66422
-0
-0.321467
0.9407
0
0.142855
0.881132
-2.33776
4.50824
-0
-0.63035
0.7047
0
0.055005
0.881132
-2.32077
4.52496
0.235701
-0.491733
0.657133
0.290633
0.062364
0.798514
-1.98501
4.66422
0.235701
-0.219425
0.750825
0.40455
0.142855
0.798514
-1.63532
4.72688
-0
-0.06745
0.9917
0
0.047288
0.560995
-1.98501
4.66422
-0
-0.321467
0.9407
0
0.101739
0.672753
-1.98501
4.66422
0.235701
-0.219425
0.750825
0.40455
0.057822
0.687386
-1.63532
4.72688
0.235701
-0.053375
0.768525
0.417775
0.003371
0.575628
-1.62836
4.57912
0.329854
-0.0475667
0.0314667
0.5379
0.381698
0.236471
-1.63532
4.72688
0.235701
-0.053375
0.768525
0.417775
0.323243
0.215902
-1.98501
4.66422
0.235701
-0.219425
0.750825
0.40455
0.377694
0.104143
-1.98152
4.52063
0.329854
-0.15365
0.55005
0.8183
0.435338
0.123197
-2.37438
4.38209
0.329591
-0.5406
0.52625
0.44515
0.00852
0.765603
-2.32077
4.52496
0.235701
-0.491733
0.657133
0.290633
0.062364
0.798514
-2.33776
4.50824
-0
-0.63035
0.7047
0
0.055005
0.881132
-2.42649
4.38209
-0
-0.8667
0.4905
0
0.003371
0.881132
-1.2837
4.71226
-0
0.20185
0.9656
0
0.84803
0.48321
-1.2837
4.71226
0.235701
0.162875
0.75545
0.410825
0.764627
0.48321
-0.90562
4.56535
0.235701
0.3922
0.6727
0.4094
0.764627
0.359948
-0.90562
4.56535
-0
0.48875
0.8602
0
0.84803
0.359948
-1.62836
4.57912
0.329854
-0.0475667
0.0314667
0.5379
0.523427
0.005332
-1.5991
4.61528
-0
-0.0641
-0.9963
0
0.640147
0.00334
-1.25444
4.57407
-0
-0.2217
-0.95955
1.86265e-09
0.640147
0.097672
-1.25444
4.57407
0.330536
-0.0489
-0.207125
0.37965
0.523185
0.097672
-1.63532
4.72688
0.235701
-0.053375
0.768525
0.417775
0.323243
0.215902
-1.62836
4.57912
0.329854
-0.0475667
0.0314667
0.5379
0.381698
0.236471
-1.25444
4.57407
0.330536
-0.0489
-0.207125
0.37965
0.34391
0.362061
-1.2837
4.71226
0.235701
0.162875
0.75545
0.410825
0.290371
0.33479
-0.919545
4.41236
0.329854
-0.112375
-0.17235
0.35785
0.523427
0.219999
-0.890289
4.44852
-0
-0.5204
-0.8299
-1.86265e-09
0.640147
0.218007
-0.592262
4.18074
-0
-0.72085
-0.6738
-3.72529e-09
0.640147
0.358097
-0.621518
4.14457
0.332729
-0.1606
-0.142225
0.345225
0.52241
0.360089
-1.2837
4.71226
0.235701
0.162875
0.75545
0.410825
0.290371
0.33479
-1.25444
4.57407
0.330536
-0.0489
-0.207125
0.37965
0.34391
0.362061
-0.919545
4.41236
0.329854
-0.112375
-0.17235
0.35785
0.354122
0.487646
-0.90562
4.56535
0.235701
0.3922
0.6727
0.4094
0.291998
0.473629
-1.25444
4.57407
0.330536
-0.0489
-0.207125
0.37965
0.523185
0.097672
-1.25444
4.57407
-0
-0.2217
-0.95955
1.86265e-09
0.640147
0.097672
-0.890289
4.44852
-0
-0.5204
-0.8299
-1.86265e-09
0.640147
0.218007
-0.919545
4.41236
0.329854
-0.112375
-0.17235
0.35785
0.523427
0.219999
-0.437662
3.90997
0.329854
-0.176175
-0.09805
0.3413
0.523427
0.464009
-0.408406
3.94613
-0
-0.8493
-0.49335
0
0.640147
0.462017
-0.287195
3.65018
-0
-0.9524
-0.25275
0
0.640147
0.566143
-0.316452
3.61402
0.329854
-0.161475
-0.04055
0.31815
0.523427
0.568135
-0.90562
4.56535
-0
0.48875
0.8602
0
0.84803
0.359948
-0.90562
4.56535
0.235701
0.3922
0.6727
0.4094
0.764627
0.359948
-0.569317
4.30285
0.235701
0.54795
0.54905
0.41385
0.764627
0.214333
-0.569317
4.30285
-0
0.69625
0.70875
0
0.84803
0.214333
-0.90562
4.56535
0.235701
0.3922
0.6727
0.4094
0.291998
0.473629
-0.919545
4.41236
0.329854
-0.112375
-0.17235
0.35785
0.354122
0.487646
-0.621518
4.14457
0.332729
-0.1606
-0.142225
0.345225
0.398773
0.610013
-0.569317
4.30285
0.235701
0.54795
0.54905
0.41385
0.330595
0.608182
-0.197028
3.44768
0.232087
0.866925
0.058575
0.3341
0.557154
0.778616
-0.271515
3.27146
0.329959
-0.1256
-0.001
0.286175
0.522521
0.71219
-0.29175
2.92389
0.330275
0.210433
-0.1601
0.215333
0.52241
0.592687
-0.191564
3.02625
0.224862
0.875267
-0.1727
0.245333
0.559711
0.636443
-0.391766
4.08352
-0
0.8377
0.5344
0
0.84803
0.115421
-0.391766
4.08352
0.2357
0.667325
0.415825
0.405875
0.764627
0.115421
-0.247636
3.789
0.2357
0.786575
0.2324
0.37425
0.764627
0.00334
-0.247636
3.789
-0
0.9437
0.29315
0
0.84803
0.00334
-0.391766
4.08352
0.2357
0.667325
0.415825
0.405875
0.373728
0.685991
-0.437662
3.90997
0.329854
-0.176175
-0.09805
0.3413
0.445013
0.691035
-0.316452
3.61402
0.329854
-0.161475
-0.04055
0.31815
0.515667
0.756418
-0.247636
3.789
0.2357
0.786575
0.2324
0.37425
0.44157
0.758924
-0.262494
2.86324
-0
-0.07035
-0.2299
0
0.639279
0.574815
-0.191564
3.02625
-0
0.902567
-0.336067
0
0.639279
0.636443
-0.191564
3.02625
0.224862
0.875267
-0.1727
0.245333
0.559711
0.636443
-0.29175
2.92389
0.330275
0.210433
-0.1601
0.215333
0.52241
0.592687
-0.271515
3.27146
0.329959
-0.1256
-0.001
0.286175
0.996594
0.711253
-0.242259
3.30762
-0
-0.9905
-0.0393
0
0.879846
0.726364
-0.262494
2.86324
-0
-0.07035
-0.2299
0
0.879748
0.574815
-0.29175
2.92389
0.330275
0.210433
-0.1601
0.215333
0.996628
0.592289
-0.197028
3.44768
-0
0.99455
0.07985
0
0.639279
0.778616
-0.197028
3.44768
0.232087
0.866925
0.058575
0.3341
0.557154
0.778616
-0.191564
3.02625
0.224862
0.875267
-0.1727
0.245333
0.559711
0.636443
-0.191564
3.02625
-0
0.902567
-0.336067
0
0.639279
0.636443
-0.569317
4.30285
0.235701
0.54795
0.54905
0.41385
0.330595
0.608182
-0.621518
4.14457
0.332729
-0.1606
-0.142225
0.345225
0.398773
0.610013
-0.437662
3.90997
0.329854
-0.176175
-0.09805
0.3413
0.445013
0.691035
-0.391766
4.08352
0.2357
0.667325
0.415825
0.405875
0.373728
0.685991
-0.569317
4.30285
-0
0.69625
0.70875
0
0.84803
0.214333
-0.569317
4.30285
0.235701
0.54795
0.54905
0.41385
0.764627
0.214333
-0.391766
4.08352
0.2357
0.667325
0.415825
0.405875
0.764627
0.115421
-0.391766
4.08352
-0
0.8377
0.5344
0
0.84803
0.115421
-0.621518
4.14457
0.332729
-0.1606
-0.142225
0.345225
0.52241
0.360089
-0.592262
4.18074
-0
-0.72085
-0.6738
-3.72529e-09
0.640147
0.358097
-0.408406
3.94613
-0
-0.8493
-0.49335
0
0.640147
0.462017
-0.437662
3.90997
0.329854
-0.176175
-0.09805
0.3413
0.523427
0.464009
-0.247636
3.789
-0
0.9437
0.29315
0
0.639279
0.889565
-0.247636
3.789
0.2357
0.786575
0.2324
0.37425
0.555875
0.889565
-0.197028
3.44768
0.232087
0.866925
0.058575
0.3341
0.557154
0.778616
-0.197028
3.44768
-0
0.99455
0.07985
0
0.639279
0.778616
-0.316452
3.61402
0.329854
-0.161475
-0.04055
0.31815
0.996629
0.822154
-0.287195
3.65018
-0
-0.9524
-0.25275
0
0.879918
0.837264
-0.242259
3.30762
-0
-0.9905
-0.0393
0
0.879846
0.726364
-0.271515
3.27146
0.329959
-0.1256
-0.001
0.286175
0.996594
0.711253
-0.247636
3.789
0.2357
0.786575
0.2324
0.37425
0.555875
0.889565
-0.316452
3.61402
0.329854
-0.161475
-0.04055
0.31815
0.522559
0.824075
-0.271515
3.27146
0.329959
-0.1256
-0.001
0.286175
0.522521
0.71219
-0.197028
3.44768
0.232087
0.866925
0.058575
0.3341
0.557154
0.778616
-1.63532
4.72688
-0
-0.06745
0.9917
0
0.84803
0.564549
-1.2837
4.71226
-0
0.20185
0.9656
0
0.84803
0.48321
-1.2837
4.71226
-0.235701
0.162875
0.75545
-0.410825
0.931434
0.48321
-1.63532
4.72688
-0.235701
-0.053375
0.768525
-0.417775
0.931434
0.564549
-1.98152
4.52063
-0.329854
-0.15365
0.55005
-0.8183
0.203299
0.639066
-2.37438
4.38209
-0.329592
-0.5406
0.52625
-0.44515
0.283628
0.758924
-2.32077
4.52496
-0.235701
-0.491733
0.657133
-0.290633
0.220226
0.758795
-1.98501
4.66422
-0.235701
-0.219425
0.750825
-0.40455
0.145655
0.65812
-1.98501
4.66422
-0
-0.321467
0.9407
0
0.142855
0.881132
-1.98501
4.66422
-0.235701
-0.219425
0.750825
-0.40455
0.142855
0.96375
-2.32077
4.52496
-0.235701
-0.491733
0.657133
-0.290633
0.062364
0.96375
-2.33776
4.50824
-0
-0.63035
0.7047
0
0.055005
0.881132
-1.63532
4.72688
-0
-0.06745
0.9917
0
0.047288
0.560995
-1.63532
4.72688
-0.235701
-0.053375
0.768525
-0.417775
0.091205
0.546361
-1.98501
4.66422
-0.235701
-0.219425
0.750825
-0.40455
0.145655
0.65812
-1.98501
4.66422
-0
-0.321467
0.9407
0
0.101739
0.672753
-1.62836
4.57912
-0.329854
-0.0475667
0.0314667
-0.5379
0.149659
0.525792
-1.98152
4.52063
-0.329854
-0.15365
0.55005
-0.8183
0.203299
0.639066
-1.98501
4.66422
-0.235701
-0.219425
0.750825
-0.40455
0.145655
0.65812
-1.63532
4.72688
-0.235701
-0.053375
0.768525
-0.417775
0.091205
0.546361
-2.37438
4.38209
-0.329592
-0.5406
0.52625
-0.44515
0.00852
0.99666
-2.42649
4.38209
-0
-0.8667
0.4905
0
0.003371
0.881132
-2.33776
4.50824
-0
-0.63035
0.7047
0
0.055005
0.881132
-2.32077
4.52496
-0.235701
-0.491733
0.657133
-0.290633
0.062364
0.96375
-1.2837
4.71226
-0
0.20185
0.9656
0
0.84803
0.48321
-0.90562
4.56535
-0
0.48875
0.8602
0
0.84803
0.359948
-0.90562
4.56535
-0.235701
0.3922
0.6727
-0.4094
0.931434
0.359948
-1.2837
4.71226
-0.235701
0.162875
0.75545
-0.410825
0.931434
0.48321
-1.62836
4.57912
-0.329854
-0.0475667
0.0314667
-0.5379
0.756867
0.005332
-1.25444
4.57407
-0.330536
-0.0489
-0.207125
-0.37965
0.757108
0.097672
-1.25444
4.57407
-0
-0.2217
-0.95955
1.86265e-09
0.640147
0.097672
-1.5991
4.61528
-0
-0.0641
-0.9963
0
0.640147
0.00334
-1.63532
4.72688
-0.235701
-0.053375
0.768525
-0.417775
0.091205
0.546361
-1.2837
4.71226
-0.235701
0.162875
0.75545
-0.410825
0.058332
0.427473
-1.25444
4.57407
-0.330536
-0.0489
-0.207125
-0.37965
0.111871
0.400202
-1.62836
4.57912
-0.329854
-0.0475667
0.0314667
-0.5379
0.149659
0.525792
-0.919545
4.41236
-0.329854
-0.112375
-0.17235
-0.35785
0.756867
0.219999
-0.621518
4.14457
-0.332729
-0.1606
-0.142225
-0.345225
0.757884
0.360089
-0.592262
4.18074
-0
-0.72085
-0.6738
-3.72529e-09
0.640147
0.358097
-0.890289
4.44852
-0
-0.5204
-0.8299
-1.86265e-09
0.640147
0.218007
-1.2837
4.71226
-0.235701
0.162875
0.75545
-0.410825
0.058332
0.427473
-0.90562
4.56535
-0.235701
0.3922
0.6727
-0.4094
0.059959
0.288635
-0.919545
4.41236
-0.329854
-0.112375
-0.17235
-0.35785
0.122084
0.274618
-1.25444
4.57407
-0.330536
-0.0489
-0.207125
-0.37965
0.111871
0.400202
-1.25444
4.57407
-0.330536
-0.0489
-0.207125
-0.37965
0.757108
0.097672
-0.919545
4.41236
-0.329854
-0.112375
-0.17235
-0.35785
0.756867
0.219999
-0.890289
4.44852
-0
-0.5204
-0.8299
-1.86265e-09
0.640147
0.218007
-1.25444
4.57407
-0
-0.2217
-0.95955
1.86265e-09
0.640147
0.097672
-0.437662
3.90997
-0.329854
-0.176175
-0.09805
-0.3413
0.756867
0.464009
-0.316452
3.61402
-0.329854
-0.161475
-0.04055
-0.31815
0.756867
0.568135
-0.287195
3.65018
-0
-0.9524
-0.25275
0
0.640147
0.566143
-0.408406
3.94613
-0
-0.8493
-0.49335
0
0.640147
0.462017
-0.90562
4.56535
-0
0.48875
0.8602
0
0.84803
0.359948
-0.569317
4.30285
-0
0.69625
0.70875
0
0.84803
0.214333
-0.569317
4.30285
-0.235701
0.54795
0.54905
-0.41385
0.931434
0.214333
-0.90562
4.56535
-0.235701
0.3922
0.6727
-0.4094
0.931434
0.359948
-0.90562
4.56535
-0.235701
0.3922
0.6727
-0.4094
0.059959
0.288635
-0.569317
4.30285
-0.235701
0.54795
0.54905
-0.41385
0.098556
0.154082
-0.621518
4.14457
-0.332729
-0.1606
-0.142225
-0.345225
0.166734
0.152251
-0.919545
4.41236
-0.329854
-0.112375
-0.17235
-0.35785
0.122084
0.274618
-0.197028
3.44768
-0.232088
0.866925
0.058575
-0.3341
0.721404
0.778616
-0.191564
3.02625
-0.224862
0.875267
-0.1727
-0.245333
0.718847
0.636443
-0.29175
2.92389
-0.330275
0.210433
-0.1601
-0.215333
0.756148
0.592687
-0.271515
3.27146
-0.329959
-0.1256
-0.001
-0.286175
0.756036
0.71219
-0.391766
4.08352
-0
0.8377
0.5344
0
0.84803
0.115421
-0.247636
3.789
-0
0.9437
0.29315
0
0.84803
0.00334
-0.247636
3.789
-0.235701
0.786575
0.2324
-0.37425
0.931434
0.00334
-0.391766
4.08352
-0.235701
0.667325
0.415825
-0.405875
0.931434
0.115421
-0.391766
4.08352
-0.235701
0.667325
0.415825
-0.405875
0.141689
0.076273
-0.247636
3.789
-0.235701
0.786575
0.2324
-0.37425
0.209531
0.00334
-0.316452
3.61402
-0.329854
-0.161475
-0.04055
-0.31815
0.283628
0.005846
-0.437662
3.90997
-0.329854
-0.176175
-0.09805
-0.3413
0.212974
0.071228
-0.262494
2.86324
-0
-0.07035
-0.2299
0
0.639279
0.574815
-0.29175
2.92389
-0.330275
0.210433
-0.1601
-0.215333
0.756148
0.592687
-0.191564
3.02625
-0.224862
0.875267
-0.1727
-0.245333
0.718847
0.636443
-0.191564
3.02625
-0
0.902567
-0.336067
0
0.639279
0.636443
-0.271515
3.27146
-0.329959
-0.1256
-0.001
-0.286175
0.763079
0.711402
-0.29175
2.92389
-0.330275
0.210433
-0.1601
-0.215333
0.76289
0.592437
-0.262494
2.86324
-0
-0.07035
-0.2299
0
0.879748
0.574815
-0.242259
3.30762
-0
-0.9905
-0.0393
0
0.879846
0.726364
-0.197028
3.44768
-0
0.99455
0.07985
0
0.639279
0.778616
-0.191564
3.02625
-0
0.902567
-0.336067
0
0.639279
0.636443
-0.191564
3.02625
-0.224862
0.875267
-0.1727
-0.245333
0.718847
0.636443
-0.197028
3.44768
-0.232088
0.866925
0.058575
-0.3341
0.721404
0.778616
-0.569317
4.30285
-0.235701
0.54795
0.54905
-0.41385
0.098556
0.154082
-0.391766
4.08352
-0.235701
0.667325
0.415825
-0.405875
0.141689
0.076273
-0.437662
3.90997
-0.329854
-0.176175
-0.09805
-0.3413
0.212974
0.071228
-0.621518
4.14457
-0.332729
-0.1606
-0.142225
-0.345225
0.166734
0.152251
-0.569317
4.30285
-0
0.69625
0.70875
0
0.84803
0.214333
-0.391766
4.08352
-0
0.8377
0.5344
0
0.84803
0.115421
-0.391766
4.08352
-0.235701
0.667325
0.415825
-0.405875
0.931434
0.115421
-0.569317
4.30285
-0.235701
0.54795
0.54905
-0.41385
0.931434
0.214333
-0.621518
4.14457
-0.332729
-0.1606
-0.142225
-0.345225
0.757884
0.360089
-0.437662
3.90997
-0.329854
-0.176175
-0.09805
-0.3413
0.756867
0.464009
-0.408406
3.94613
-0
-0.8493
-0.49335
0
0.640147
0.462017
-0.592262
4.18074
-0
-0.72085
-0.6738
-3.72529e-09
0.640147
0.358097
-0.247636
3.789
-0
0.9437
0.29315
0
0.639279
0.889565
-0.197028
3.44768
-0
0.99455
0.07985
0
0.639279
0.778616
-0.197028
3.44768
-0.232088
0.866925
0.058575
-0.3341
0.721404
0.778616
-0.247636
3.789
-0.235701
0.786575
0.2324
-0.37425
0.722682
0.889565
-0.316452
3.61402
-0.329854
-0.161475
-0.04055
-0.31815
0.763188
0.822302
-0.271515
3.27146
-0.329959
-0.1256
-0.001
-0.286175
0.763079
0.711402
-0.242259
3.30762
-0
-0.9905
-0.0393
0
0.879846
0.726364
-0.287195
3.65018
-0
-0.9524
-0.25275
0
0.879918
0.837264
-0.247636
3.789
-0.235701
0.786575
0.2324
-0.37425
0.722682
0.889565
-0.197028
3.44768
-0.232088
0.866925
0.058575
-0.3341
0.721404
0.778616
-0.271515
3.27146
-0.329959
-0.1256
-0.001
-0.286175
0.756036
0.71219
-0.316452
3.61402
-0.329854
-0.161475
-0.04055
-0.31815
0.755999
0.824075
