3.92566
4.52735
-0.16921
-0.326067
0.1748
-0.480633
0.680062
0.54217
4.27096
4.58244
-0.175914
0.09595
0.554625
-0.752025
0.680062
0.903522
4.27096
4.50157
-0.203128
0.150225
0.014525
-0.919575
0.621162
0.882951
3.97502
4.46498
-0.202038
-0.263467
-0.194367
-0.6031
0.631374
0.57495
4.07268
4.35837
-0.110994
-0.232133
-0.808467
-0.236767
0.147391
0.146921
4.27096
4.36151
-0.101564
0.153475
-0.869525
-0.394475
0.202292
0.031325
4.27096
4.33984
0
0.1296
-0.96315
0.001175
0.291593
0.050776
4.09482
4.3427
-0.011518
-0.2565
-0.868667
0.0245667
0.239084
0.156683
4.09482
4.3427
-0.011518
-0.2565
-0.868667
0.0245667
0.239084
0.156683
4.27096
4.33984
0
0.1296
-0.96315
0.001175
0.291593
0.050776
4.27096
4.36151
0.101564
0.134275
-0.87445
0.389125
0.372394
0.1035
4.08931
4.36031
0.091044
-0.257733
-0.815033
0.275633
0.320194
0.210015
4.08931
4.36031
0.091044
-0.257733
-0.815033
0.275633
0.134758
0.878154
4.27096
4.36151
0.101564
0.134275
-0.87445
0.389125
0.094861
0.712197
4.27096
4.42071
0.175914
0.156825
-0.5637
0.747825
0.173041
0.698216
4.05763
4.40648
0.169211
-0.2449
-0.614367
0.521033
0.213738
0.900002
4.05763
4.40648
0.169211
-0.2449
-0.614367
0.521033
0.213738
0.900002
4.27096
4.42071
0.175914
0.156825
-0.5637
0.747825
0.173041
0.698216
4.27096
4.50157
0.203129
0.1526
-0.01785
0.918775
0.243023
0.66592
4.00827
4.46885
0.202038
-0.2603
-0.237533
0.648033
0.286055
0.922649
4.00827
4.46885
0.202038
-0.2603
-0.237533
0.648033
0.434762
0.377338
4.27096
4.50157
0.203129
0.1526
-0.01785
0.918775
0.425972
0.102646
4.27096
4.58244
0.175915
0.108625
0.536925
0.7632
0.482186
0.096116
3.95446
4.5307
0.180729
-0.309167
0.1512
0.541533
0.482676
0.428242
3.95446
4.5307
0.180729
-0.309167
0.1512
0.541533
0.482676
0.428242
4.27096
4.58244
0.175915
0.108625
0.536925
0.7632
0.482186
0.096116
4.27096
4.64164
0.101564
0.0619
0.8612
0.400525
0.565563
0.08679
3.91061
4.57546
0.110994
-0.354233
0.3699
0.290833
0.559902
0.465643
3.91061
4.57546
0.110994
-0.354233
0.3699
0.290833
0.559902
0.465643
4.27096
4.64164
0.101564
0.0619
0.8612
0.400525
0.565563
0.08679
4.27096
4.66331
0
0.04145
0.954175
0.00195
0.653763
0.077167
3.88847
4.59113
0.011519
-0.374033
0.429233
0.0256
0.645747
0.47952
3.88847
4.59113
0.011519
-0.374033
0.429233
0.0256
0.645747
0.47952
4.27096
4.66331
0
0.04145
0.954175
0.00195
0.653763
0.077167
4.27096
4.64164
-0.101564
0.05305
0.8642
-0.393
0.723153
0.069826
3.89398
4.57352
-0.091043
-0.366033
0.3739
-0.2348
0.717209
0.466155
3.89398
4.57352
-0.091043
-0.366033
0.3739
-0.2348
0.717209
0.466155
4.27096
4.64164
-0.101564
0.05305
0.8642
-0.393
0.723153
0.069826
4.27096
4.58244
-0.175914
0.09595
0.554625
-0.752025
0.75514
0.066733
3.92566
4.52735
-0.16921
-0.326067
0.1748
-0.480633
0.75514
0.429128
3.97502
4.46498
-0.202038
-0.263467
-0.194367
-0.6031
0.631374
0.57495
4.27096
4.50157
-0.203128
0.150225
0.014525
-0.919575
0.621162
0.882951
4.27096
4.42071
-0.175914
0.173075
-0.540775
-0.76075
0.545907
0.869026
4.02883
4.40313
-0.180729
-0.223233
-0.5838
-0.492267
0.566233
0.618973
4.02883
4.40313
-0.180729
-0.223233
-0.5838
-0.492267
0.566233
0.618973
4.27096
4.42071
-0.175914
0.173075
-0.540775
-0.76075
0.545907
0.869026
4.27096
4.36151
-0.101564
0.153475
-0.869525
-0.394475
0.474463
0.865479
4.07268
4.35837
-0.110994
-0.232133
-0.808467
-0.236767
0.502095
0.662442
3.97502
4.46498
-0.202038
-0.263467
-0.194367
-0.6031
0.026789
0.256194
4.02883
4.40313
-0.180729
-0.223233
-0.5838
-0.492267
0.069686
0.183344
4.07268
4.35837
-0.110994
-0.232133
-0.808467
-0.236767
0.147391
0.146921
4.09482
4.3427
-0.011518
-0.2565
-0.868667
0.0245667
0.239084
0.156683
4.08931
4.36031
0.091044
-0.257733
-0.815033
0.275633
0.320194
0.210015
4.05763
4.40648
0.169211
-0.2449
-0.614367
0.521033
0.368989
0.292628
4.00827
4.46885
0.202038
-0.2603
-0.237533
0.648033
0.372394
0.382384
3.95446
4.5307
0.180729
-0.309167
0.1512
0.541533
0.329497
0.455234
3.91061
4.57546
0.110994
-0.354233
0.3699
0.290833
0.251792
0.491658
3.88847
4.59113
0.011519
-0.374033
0.429233
0.0256
0.1601
0.481895
3.89398
4.57352
-0.091043
-0.366033
0.3739
-0.2348
0.078989
0.428563
3.92566
4.52735
-0.16921
-0.326067
0.1748
-0.480633
0.030194
0.34595
4.27096
4.42071
-0.175914
0.173075
-0.540775
-0.76075
0.545907
0.869026
4.27096
4.50157
-0.203128
0.150225
0.014525
-0.919575
0.621162
0.882951
4.31569
4.50157
-0.187545
0.545
-3.72529e-09
-0.7486
0.610299
0.930246
4.31569
4.42691
-0.162419
0.529025
-0.444625
-0.628025
0.540818
0.91739
4.31569
4.42691
-0.162419
0.529025
-0.444625
-0.628025
0.540818
0.91739
4.31569
4.50157
-0.187545
0.545
-3.72529e-09
-0.7486
0.610299
0.930246
4.34843
4.50157
-0.14497
0.7765
0
-0.5972
0.592982
0.968675
4.34843
4.44386
-0.125548
0.7592
-0.3628
-0.50745
0.539274
0.958737
4.27096
4.36151
-0.101564
0.153475
-0.869525
-0.394475
0.474463
0.865479
4.27096
4.42071
-0.175914
0.173075
-0.540775
-0.76075
0.545907
0.869026
4.31569
4.42691
-0.162419
0.529025
-0.444625
-0.628025
0.540818
0.91739
4.31569
4.37225
-0.093772
0.49985
-0.726425
-0.340725
0.474854
0.914114
4.31569
4.37225
-0.093772
0.49985
-0.726425
-0.340725
0.474854
0.914114
4.31569
4.42691
-0.162419
0.529025
-0.444625
-0.628025
0.540818
0.91739
4.34843
4.44386
-0.125548
0.7592
-0.3628
-0.50745
0.539274
0.958737
4.34843
4.40161
-0.072485
0.7267
-0.6059
-0.28215
0.488285
0.956205
4.27096
4.33984
0
0.1296
-0.96315
0.001175
0.425972
0.873259
4.27096
4.36151
-0.101564
0.153475
-0.869525
-0.394475
0.474463
0.865479
4.31569
4.37225
-0.093772
0.49985
-0.726425
-0.340725
0.474854
0.914114
4.31569
4.35224
0
0.48665
-0.81555
0
0.430084
0.921298
4.31569
4.35224
0
0.48665
-0.81555
0
0.430084
0.921298
4.31569
4.37225
-0.093772
0.49985
-0.726425
-0.340725
0.474854
0.914114
4.34843
4.40161
-0.072485
0.7267
-0.6059
-0.28215
0.488285
0.956205
4.34843
4.38615
0
0.7115
-0.6872
0
0.453678
0.961758
4.27096
4.36151
0.101564
0.134275
-0.87445
0.389125
0.094861
0.712197
4.27096
4.33984
0
0.1296
-0.96315
0.001175
0.029432
0.704115
4.31569
4.35224
0
0.48665
-0.81555
0
0.026789
0.657229
4.31569
4.37225
0.093773
0.49985
-0.726425
0.340725
0.087199
0.664691
4.31569
4.37225
0.093773
0.49985
-0.726425
0.340725
0.087199
0.664691
4.31569
4.35224
0
0.48665
-0.81555
0
0.026789
0.657229
4.34843
4.38615
0
0.7115
-0.6872
0
0.042195
0.611513
4.34843
4.40161
0.072485
0.7267
-0.6059
0.28215
0.088891
0.617281
4.27096
4.42071
0.175914
0.156825
-0.5637
0.747825
0.173041
0.698216
4.27096
4.36151
0.101564
0.134275
-0.87445
0.389125
0.094861
0.712197
4.31569
4.37225
0.093773
0.49985
-0.726425
0.340725
0.087199
0.664691
4.31569
4.42691
0.162419
0.529025
-0.444625
0.628025
0.159381
0.651783
4.31569
4.42691
0.162419
0.529025
-0.444625
0.628025
0.159381
0.651783
4.31569
4.37225
0.093773
0.49985
-0.726425
0.340725
0.087199
0.664691
4.34843
4.40161
0.072485
0.7267
-0.6059
0.28215
0.088891
0.617281
4.34843
4.44386
0.125548
0.7592
-0.3628
0.50745
0.144686
0.607303
4.27096
4.50157
0.203129
0.1526
-0.01785
0.918775
0.243023
0.66592
4.27096
4.42071
0.175914
0.156825
-0.5637
0.747825
0.173041
0.698216
4.31569
4.42691
0.162419
0.529025
-0.444625
0.628025
0.159381
0.651783
4.31569
4.50157
0.187545
0.545
-3.72529e-09
0.7486
0.223994
0.621964
4.31569
4.50157
0.187545
0.545
-3.72529e-09
0.7486
0.223994
0.621964
4.31569
4.42691
0.162419
0.529025
-0.444625
0.628025
0.159381
0.651783
4.34843
4.44386
0.125548
0.7592
-0.3628
0.50745
0.144686
0.607303
4.34843
4.50157
0.14497
0.7765
0
0.5972
0.194632
0.584253
4.27096
4.58244
0.175915
0.108625
0.536925
0.7632
0.286055
0.623961
4.27096
4.50157
0.203129
0.1526
-0.01785
0.918775
0.243023
0.66592
4.31569
4.50157
0.187545
0.545
-3.72529e-09
0.7486
0.223994
0.621964
4.31569
4.57624
0.162419
0.529025
0.444625
0.628025
0.263725
0.583224
4.31569
4.57624
0.162419
0.529025
0.444625
0.628025
0.263725
0.583224
4.31569
4.50157
0.187545
0.545
-3.72529e-09
0.7486
0.223994
0.621964
4.34843
4.50157
0.14497
0.7765
0
0.5972
0.194632
0.584253
4.34843
4.55929
0.125548
0.7592
0.3628
0.50745
0.225344
0.554308
4.27096
4.64164
0.101564
0.0619
0.8612
0.400525
0.565563
0.08679
4.27096
4.58244
0.175915
0.108625
0.536925
0.7632
0.482186
0.096116
4.31569
4.57624
0.162419
0.529025
0.444625
0.628025
0.486192
0.04882
4.31569
4.6309
0.093773
0.49985
0.726425
0.340725
0.563172
0.04021
4.31569
4.6309
0.093773
0.49985
0.726425
0.340725
0.973211
0.787152
4.31569
4.57624
0.162419
0.529025
0.444625
0.628025
0.964898
0.869111
4.34843
4.55929
0.125548
0.7592
0.3628
0.50745
0.924948
0.853485
4.34843
4.60154
0.072485
0.7267
0.6059
0.28215
0.931374
0.790132
4.27096
4.66331
0
0.04145
0.954175
0.00195
0.653763
0.077167
4.27096
4.64164
0.101564
0.0619
0.8612
0.400525
0.565563
0.08679
4.31569
4.6309
0.093773
0.49985
0.726425
0.340725
0.563172
0.04021
4.31569
4.6509
0
0.48665
0.81555
0
0.644606
0.031325
4.31569
4.6509
0
0.48665
0.81555
0
0.947253
0.694582
4.31569
4.6309
0.093773
0.49985
0.726425
0.340725
0.973211
0.787152
4.34843
4.60154
0.072485
0.7267
0.6059
0.28215
0.931374
0.790132
4.34843
4.617
0
0.7115
0.6872
0
0.911308
0.718577
4.27096
4.64164
-0.101564
0.05305
0.8642
-0.393
0.91551
0.588941
4.27096
4.66331
0
0.04145
0.954175
0.00195
0.973211
0.67383
4.31569
4.6509
0
0.48665
0.81555
0
0.947253
0.694582
4.31569
4.6309
-0.093772
0.49985
0.726425
-0.340725
0.893978
0.616206
4.31569
4.6309
-0.093772
0.49985
0.726425
-0.340725
0.893978
0.616206
4.31569
4.6509
0
0.48665
0.81555
0
0.947253
0.694582
4.34843
4.617
0
0.7115
0.6872
0
0.911308
0.718577
4.34843
4.60154
-0.072485
0.7267
0.6059
-0.28215
0.870128
0.657992
4.27096
4.58244
-0.175914
0.09595
0.554625
-0.752025
0.843685
0.54217
4.27096
4.64164
-0.101564
0.05305
0.8642
-0.393
0.91551
0.588941
4.31569
4.6309
-0.093772
0.49985
0.726425
-0.340725
0.893978
0.616206
4.31569
4.57624
-0.162419
0.529025
0.444625
-0.628025
0.827663
0.573023
4.31569
4.57624
-0.162419
0.529025
0.444625
-0.628025
0.827663
0.573023
4.31569
4.6309
-0.093772
0.49985
0.726425
-0.340725
0.893978
0.616206
4.34843
4.60154
-0.072485
0.7267
0.6059
-0.28215
0.870128
0.657992
4.34843
4.55929
-0.125548
0.7592
0.3628
-0.50745
0.818867
0.624613
4.27096
4.50157
-0.203128
0.150225
0.014525
-0.919575
0.621162
0.882951
4.27096
4.58244
-0.175914
0.09595
0.554625
-0.752025
0.680062
0.903522
4.31569
4.57624
-0.162419
0.529025
0.444625
-0.628025
0.664681
0.94924
4.31569
4.50157
-0.187545
0.545
-3.72529e-09
-0.7486
0.610299
0.930246
4.31569
4.50157
-0.187545
0.545
-3.72529e-09
-0.7486
0.766077
0.576605
4.31569
4.57624
-0.162419
0.529025
0.444625
-0.628025
0.827663
0.573023
4.34843
4.55929
-0.125548
0.7592
0.3628
-0.50745
0.818867
0.624613
4.34843
4.50157
-0.14497
0.7765
0
-0.5972
0.771261
0.627382
