-0.577739
5.32994
-0.064253
0.29575
-0.84025
-0.346325
0.896696
0.257915
-0.577739
5.34484
-0.091376
0.298375
-0.7575
-0.502875
0.882297
0.258953
-0.226312
5.34211
-0.063455
-0.181625
-0.776375
-0.55105
0.900191
0.053836
-0.231612
5.33345
-0.045378
-0.208375
-0.861525
-0.380075
0.909824
0.056323
-1.13829
5.53975
-0.301959
-0.47655
0.03185
-0.164275
0.125563
0.626978
-0.98541
5.54568
-0.330997
0.0016
0.185775
-0.95925
0.131627
0.540319
-0.98541
5.47889
-0.337399
0.0016
0
-0.9771
0.169293
0.544413
-1.13829
5.47889
-0.307792
-0.4763
0
-0.16715
0.159882
0.630709
-0.98541
5.54568
-0.330997
0.0016
0.185775
-0.95925
0.131627
0.540319
-0.781575
5.53763
-0.291598
0.37335
0.171625
-0.886275
0.146424
0.419541
-0.781575
5.47889
-0.297228
0.37305
0
-0.9029
0.179549
0.423142
-0.98541
5.47889
-0.337399
0.0016
0
-0.9771
0.169293
0.544413
-0.781575
5.53763
-0.291598
0.37335
0.171625
-0.886275
0.146424
0.419541
-0.577739
5.51034
-0.158086
0.3527
0.1638
-0.891175
0.169309
0.29246
-0.577739
5.47889
-0.1611
0.339475
-0.011475
-0.907975
0.187045
0.294388
-0.781575
5.47889
-0.297228
0.37305
0
-0.9029
0.179549
0.423142
-1.13829
5.59827
-0.284683
-0.47725
0.0628
-0.155625
0.092227
0.62248
-0.98541
5.60991
-0.312037
0.00162501
0.365375
-0.90605
0.09504
0.535383
-0.98541
5.54568
-0.330997
0.0016
0.185775
-0.95925
0.131627
0.540319
-1.13829
5.53975
-0.301959
-0.47655
0.03185
-0.164275
0.125563
0.626978
-0.98541
5.60991
-0.312037
0.00162501
0.365375
-0.90605
0.09504
0.535383
-0.781575
5.59412
-0.274924
0.374175
0.337425
-0.8368
0.114248
0.4152
-0.781575
5.53763
-0.291598
0.37335
0.171625
-0.886275
0.146424
0.419541
-0.98541
5.54568
-0.330997
0.0016
0.185775
-0.95925
0.131627
0.540319
-0.781575
5.59412
-0.274924
0.374175
0.337425
-0.8368
0.114248
0.4152
-0.577739
5.54058
-0.149158
0.36645
0.33245
-0.840125
0.152082
0.290135
-0.577739
5.51034
-0.158086
0.3527
0.1638
-0.891175
0.169309
0.29246
-0.781575
5.53763
-0.291598
0.37335
0.171625
-0.886275
0.146424
0.419541
-1.13829
5.6522
-0.25663
-0.4783
0.091925
-0.14125
0.061156
0.617389
-0.98541
5.66911
-0.281248
0.00165001
0.532575
-0.818725
0.060938
0.529795
-0.98541
5.60991
-0.312037
0.00162501
0.365375
-0.90605
0.09504
0.535383
-1.13829
5.59827
-0.284683
-0.47725
0.0628
-0.155625
0.092227
0.62248
-0.98541
5.66911
-0.281248
0.00165001
0.532575
-0.818725
0.060938
0.529795
-0.781575
5.64617
-0.247847
0.3754
0.4916
-0.75575
0.084258
0.410286
-0.781575
5.59412
-0.274924
0.374175
0.337425
-0.8368
0.114248
0.4152
-0.98541
5.60991
-0.312037
0.00162501
0.365375
-0.90605
0.09504
0.535383
-0.781575
5.64617
-0.247847
0.3754
0.4916
-0.75575
0.084258
0.410286
-0.577739
5.56845
-0.134661
0.379925
0.4881
-0.756725
0.136024
0.287504
-0.577739
5.54058
-0.149158
0.36645
0.33245
-0.840125
0.152082
0.290135
-0.781575
5.59412
-0.274924
0.374175
0.337425
-0.8368
0.114248
0.4152
-1.13829
5.69948
-0.218877
-0.479575
0.118175
-0.121325
0.033543
0.611901
-0.98541
5.72099
-0.239812
0.00165001
0.681125
-0.699625
0.030632
0.523771
-0.98541
5.66911
-0.281248
0.00165001
0.532575
-0.818725
0.060938
0.529795
-1.13829
5.6522
-0.25663
-0.4783
0.091925
-0.14125
0.061156
0.617389
-0.98541
5.72099
-0.239812
0.00165001
0.681125
-0.699625
0.030632
0.523771
-0.781575
5.6918
-0.211407
0.37685
0.628325
-0.6454
0.057606
0.404989
-0.781575
5.64617
-0.247847
0.3754
0.4916
-0.75575
0.084258
0.410286
-0.98541
5.66911
-0.281248
0.00165001
0.532575
-0.818725
0.060938
0.529795
-0.781575
5.6918
-0.211407
0.37685
0.628325
-0.6454
0.057606
0.404989
-0.577739
5.59289
-0.11515
0.392325
0.6248
-0.644025
0.121754
0.284668
-0.577739
5.56845
-0.134661
0.379925
0.4881
-0.756725
0.136024
0.287504
-0.781575
5.64617
-0.247847
0.3754
0.4916
-0.75575
0.084258
0.410286
-1.13829
5.73828
-0.172874
-0.480875
0.140375
-0.0963
0.010449
0.606225
-0.98541
5.76357
-0.189323
0.00165001
0.804825
-0.552375
0.005286
0.517542
-0.98541
5.72099
-0.239812
0.00165001
0.681125
-0.699625
0.030632
0.523771
-1.13829
5.69948
-0.218877
-0.479575
0.118175
-0.121325
0.033543
0.611901
-0.98541
5.76357
-0.189323
0.00165001
0.804825
-0.552375
0.33955
0.087166
-0.781575
5.72925
-0.167005
0.3783
0.74195
-0.509225
0.338759
0.20807
-0.781575
5.6918
-0.211407
0.37685
0.628325
-0.6454
0.315331
0.212056
-0.98541
5.72099
-0.239812
0.00165001
0.681125
-0.699625
0.312911
0.091698
-0.781575
5.72925
-0.167005
0.3783
0.74195
-0.509225
0.338759
0.20807
-0.577739
5.61294
-0.091376
0.40285
0.7372
-0.506225
0.370804
0.346632
-0.577739
5.59289
-0.11515
0.392325
0.6248
-0.644025
0.358261
0.348766
-0.781575
5.6918
-0.211407
0.37685
0.628325
-0.6454
0.315331
0.212056
-1.13829
5.7671
-0.12039
-0.481975
0.157325
-0.066925
0.388849
0.005497
-0.98541
5.79521
-0.13172
0.00165
0.898
-0.382075
0.370571
0.08499
-0.98541
5.76357
-0.189323
0.00165001
0.804825
-0.552375
0.33955
0.087166
-1.13829
5.73828
-0.172874
-0.480875
0.140375
-0.0963
0.360585
0.00748
-0.98541
5.79521
-0.13172
0.00165
0.898
-0.382075
0.370571
0.08499
-0.781575
5.75707
-0.116347
0.37955
0.8274
-0.352025
0.36604
0.206157
-0.781575
5.72925
-0.167005
0.3783
0.74195
-0.509225
0.338759
0.20807
-0.98541
5.76357
-0.189323
0.00165001
0.804825
-0.552375
0.33955
0.087166
-0.781575
5.75707
-0.116347
0.37955
0.8274
-0.352025
0.36604
0.206157
-0.577739
5.62783
-0.064253
0.410875
0.82085
-0.348575
0.385411
0.345608
-0.577739
5.61294
-0.091376
0.40285
0.7372
-0.506225
0.370804
0.346632
-0.781575
5.72925
-0.167005
0.3783
0.74195
-0.509225
0.338759
0.20807
-1.13829
5.78486
-0.063441
-0.4827
0.168
-0.034325
0.420019
0.005738
-0.98541
5.8147
-0.069217
0.00165
0.955975
-0.195325
0.404781
0.085254
-0.98541
5.79521
-0.13172
0.00165
0.898
-0.382075
0.370571
0.08499
-1.13829
5.7671
-0.12039
-0.481975
0.157325
-0.066925
0.388849
0.005497
-0.98541
5.8147
-0.069217
0.00165
0.955975
-0.195325
0.404781
0.085254
-0.781575
5.77421
-0.06138
0.3804
0.8805
-0.1799
0.396125
0.206389
-0.781575
5.75707
-0.116347
0.37955
0.8274
-0.352025
0.36604
0.206157
-0.98541
5.79521
-0.13172
0.00165
0.898
-0.382075
0.370571
0.08499
-0.781575
5.77421
-0.06138
0.3804
0.8805
-0.1799
0.396125
0.206389
-0.577739
5.63701
-0.034823
0.415875
0.8724
-0.177175
0.401519
0.345732
-0.577739
5.62783
-0.064253
0.410875
0.82085
-0.348575
0.385411
0.345608
-0.781575
5.75707
-0.116347
0.37955
0.8274
-0.352025
0.36604
0.206157
-1.13829
5.79085
-0.004216
-0.48295
0.17165
0
0.452898
0.008192
-0.98541
5.82128
-0.004216
0.00165
0.97565
0
0.440866
0.087948
-0.98541
5.8147
-0.069217
0.00165
0.955975
-0.195325
0.404781
0.085254
-1.13829
5.78486
-0.063441
-0.4827
0.168
-0.034325
0.420019
0.005738
-0.98541
5.82128
-0.004216
0.00165
0.97565
0
0.440866
0.087948
-0.781575
5.78
-0.004216
0.3807
0.8985
0
0.42786
0.208758
-0.781575
5.77421
-0.06138
0.3804
0.8805
-0.1799
0.396125
0.206389
-0.98541
5.8147
-0.069217
0.00165
0.955975
-0.195325
0.404781
0.085254
-0.781575
5.78
-0.004216
0.3807
0.8985
0
0.42786
0.208758
-0.577739
5.64011
-0.004216
0.4175
0.889675
0.001325
0.418511
0.347
-0.577739
5.63701
-0.034823
0.415875
0.8724
-0.177175
0.401519
0.345732
-0.781575
5.77421
-0.06138
0.3804
0.8805
-0.1799
0.396125
0.206389
-1.13829
5.78486
0.055008
-0.4827
0.168
0.034325
0.486221
0.012765
-0.98541
5.8147
0.060785
0.00165
0.955975
0.195325
0.477439
0.092967
-0.98541
5.82128
-0.004216
0.00165
0.97565
0
0.440866
0.087948
-1.13829
5.79085
-0.004216
-0.48295
0.17165
0
0.452898
0.008192
-0.98541
5.8147
0.060785
0.00165
0.955975
0.195325
0.477439
0.092967
-0.781575
5.77421
0.052948
0.3804
0.8805
0.179925
0.460023
0.213172
-0.781575
5.78
-0.004216
0.3807
0.8985
0
0.42786
0.208758
-0.98541
5.82128
-0.004216
0.00165
0.97565
0
0.440866
0.087948
-0.781575
5.77421
0.052948
0.3804
0.8805
0.179925
0.460023
0.213172
-0.577739
5.63701
0.02639
0.415675
0.8719
0.179875
0.435732
0.349364
-0.577739
5.64011
-0.004216
0.4175
0.889675
0.001325
0.418511
0.347
-0.781575
5.78
-0.004216
0.3807
0.8985
0
0.42786
0.208758
-1.13829
5.7671
0.111957
-0.481975
0.157325
0.066925
0.518708
0.019283
-0.98541
5.79521
0.123287
0.00165
0.898
0.382075
0.513095
0.10012
-0.98541
5.8147
0.060785
0.00165
0.955975
0.195325
0.477439
0.092967
-1.13829
5.78486
0.055008
-0.4827
0.168
0.034325
0.486221
0.012765
-0.98541
5.79521
0.123287
0.00165
0.898
0.382075
0.513095
0.10012
-0.781575
5.75707
0.107915
0.37955
0.8274
0.35205
0.49138
0.219462
-0.781575
5.77421
0.052948
0.3804
0.8805
0.179925
0.460023
0.213172
-0.98541
5.8147
0.060785
0.00165
0.955975
0.195325
0.477439
0.092967
-0.781575
5.75707
0.107915
0.37955
0.8274
0.35205
0.49138
0.219462
-0.577739
5.62783
0.055821
0.4105
0.819825
0.351275
0.45252
0.352732
-0.577739
5.63701
0.02639
0.415675
0.8719
0.179875
0.435732
0.349364
-0.781575
5.77421
0.052948
0.3804
0.8805
0.179925
0.460023
0.213172
-1.13829
5.73828
0.164441
-0.480875
0.140375
0.0963
0.54911
0.027493
-0.98541
5.76357
0.18089
0.00165001
0.804825
0.552375
0.546462
0.109131
-0.98541
5.79521
0.123287
0.00165
0.898
0.382075
0.513095
0.10012
-1.13829
5.7671
0.111957
-0.481975
0.157325
0.066925
0.518708
0.019283
-0.98541
5.76357
0.18089
0.00165001
0.804825
0.552375
0.546462
0.109131
-0.781575
5.72925
0.158573
0.3783
0.74195
0.50925
0.520725
0.227387
-0.781575
5.75707
0.107915
0.37955
0.8274
0.35205
0.49138
0.219462
-0.98541
5.79521
0.123287
0.00165
0.898
0.382075
0.513095
0.10012
-0.781575
5.72925
0.158573
0.3783
0.74195
0.50925
0.520725
0.227387
-0.577739
5.61294
0.082944
0.4023
0.735575
0.50885
0.468232
0.356975
-0.577739
5.62783
0.055821
0.4105
0.819825
0.351275
0.45252
0.352732
-0.781575
5.75707
0.107915
0.37955
0.8274
0.35205
0.49138
0.219462
-1.13829
5.69948
0.210444
-0.479575
0.118175
0.121325
0.57626
0.037081
-0.98541
5.72099
0.23138
0.00165001
0.681125
0.699625
0.57626
0.119654
-0.98541
5.76357
0.18089
0.00165001
0.804825
0.552375
0.546462
0.109131
-1.13829
5.73828
0.164441
-0.480875
0.140375
0.0963
0.54911
0.027493
-0.98541
5.72099
0.23138
0.00165001
0.681125
0.699625
0.57626
0.119654
-0.781575
5.6918
0.202975
0.37685
0.628325
0.645425
0.54693
0.236641
-0.781575
5.72925
0.158573
0.3783
0.74195
0.50925
0.520725
0.227387
-0.98541
5.76357
0.18089
0.00165001
0.804825
0.552375
0.546462
0.109131
-0.781575
5.6918
0.202975
0.37685
0.628325
0.645425
0.54693
0.236641
-0.577739
5.59289
0.106718
0.391675
0.622525
0.64645
0.482263
0.36193
-0.577739
5.61294
0.082944
0.4023
0.735575
0.50885
0.468232
0.356975
-0.781575
5.72925
0.158573
0.3783
0.74195
0.50925
0.520725
0.227387
-1.13829
5.6522
0.248198
-0.4783
0.091925
0.141225
0.821475
0.618511
-0.98541
5.66911
0.272815
0.00165001
0.532575
0.8187
0.832008
0.528818
-0.98541
5.72099
0.23138
0.00165001
0.681125
0.699625
0.859497
0.528647
-1.13829
5.69948
0.210444
-0.479575
0.118175
0.121325
0.846521
0.618356
-0.98541
5.66911
0.272815
0.00165001
0.532575
0.8187
0.832008
0.528818
-0.781575
5.64617
0.239415
0.3754
0.4916
0.75575
0.817685
0.408998
-0.781575
5.6918
0.202975
0.37685
0.628325
0.645425
0.84186
0.408848
-0.98541
5.72099
0.23138
0.00165001
0.681125
0.699625
0.859497
0.528647
-0.781575
5.64617
0.239415
0.3754
0.4916
0.75575
0.568988
0.24687
-0.577739
5.56845
0.126229
0.379275
0.485175
0.75875
0.494074
0.367406
-0.577739
5.59289
0.106718
0.391675
0.622525
0.64645
0.482263
0.36193
-0.781575
5.6918
0.202975
0.37685
0.628325
0.645425
0.54693
0.236641
-1.13829
5.59827
0.276251
-0.47725
0.0628
0.1556
0.792273
0.618634
-0.98541
5.60991
0.303605
0.00162501
0.365375
0.906025
0.799959
0.528952
-0.98541
5.66911
0.272815
0.00165001
0.532575
0.8187
0.832008
0.528818
-1.13829
5.6522
0.248198
-0.4783
0.091925
0.141225
0.821475
0.618511
-0.98541
5.60991
0.303605
0.00162501
0.365375
0.906025
0.799959
0.528952
-0.781575
5.59412
0.266492
0.374175
0.337425
0.8368
0.7895
0.409116
-0.781575
5.64617
0.239415
0.3754
0.4916
0.75575
0.817685
0.408998
-0.98541
5.66911
0.272815
0.00165001
0.532575
0.8187
0.832008
0.528818
-0.781575
5.59412
0.266492
0.374175
0.337425
0.8368
0.7895
0.409116
-0.577739
5.54058
0.140726
0.36585
0.32895
0.8416
0.754095
0.288967
-0.577739
5.56845
0.126229
0.379275
0.485175
0.75875
0.769186
0.288904
-0.781575
5.64617
0.239415
0.3754
0.4916
0.75575
0.817685
0.408998
-1.13829
5.53975
0.293527
-0.47655
0.03185
0.164275
0.760039
0.618718
-0.98541
5.54568
0.322565
0.0016
0.185775
0.95925
0.76458
0.529044
-0.98541
5.60991
0.303605
0.00162501
0.365375
0.906025
0.799959
0.528952
-1.13829
5.59827
0.276251
-0.47725
0.0628
0.1556
0.792273
0.618634
-0.98541
5.54568
0.322565
0.0016
0.185775
0.95925
0.76458
0.529044
-0.781575
5.53763
0.283166
0.37335
0.171625
0.886275
0.758387
0.409197
-0.781575
5.59412
0.266492
0.374175
0.337425
0.8368
0.7895
0.409116
-0.98541
5.60991
0.303605
0.00162501
0.365375
0.906025
0.799959
0.528952
-0.781575
5.53763
0.283166
0.37335
0.171625
0.886275
0.758387
0.409197
-0.577739
5.51034
0.149654
0.352275
0.15995
0.891925
0.737437
0.28901
-0.577739
5.54058
0.140726
0.36585
0.32895
0.8416
0.754095
0.288967
-0.781575
5.59412
0.266492
0.374175
0.337425
0.8368
0.7895
0.409116
-1.13829
5.47889
0.29936
-0.4763
0
0.16715
0.726011
0.618761
-0.98541
5.47889
0.328967
0.0016
0
0.9771
0.727233
0.529092
-0.98541
5.54568
0.322565
0.0016
0.185775
0.95925
0.76458
0.529044
-1.13829
5.53975
0.293527
-0.47655
0.03185
0.164275
0.760039
0.618718
-0.98541
5.47889
0.328967
0.0016
0
0.9771
0.727233
0.529092
-0.781575
5.47889
0.288796
0.37305
0
0.9029
0.725543
0.409239
-0.781575
5.53763
0.283166
0.37335
0.171625
0.886275
0.758387
0.409197
-0.98541
5.54568
0.322565
0.0016
0.185775
0.95925
0.76458
0.529044
-0.781575
5.47889
0.288796
0.37305
0
0.9029
0.725543
0.409239
-0.577739
5.47889
0.152668
0.3393
-0.015375
0.907925
0.719851
0.289033
-0.577739
5.51034
0.149654
0.352275
0.15995
0.891925
0.737437
0.28901
-0.781575
5.53763
0.283166
0.37335
0.171625
0.886275
0.758387
0.409197
-1.13829
5.41803
0.293527
-0.47655
-0.03185
0.164275
0.691496
0.618761
-0.98541
5.41209
0.322565
0.0016
-0.185775
0.95925
0.689352
0.529092
-0.98541
5.47889
0.328967
0.0016
0
0.9771
0.727233
0.529092
-1.13829
5.47889
0.29936
-0.4763
0
0.16715
0.726011
0.618761
-0.98541
5.41209
0.322565
0.0016
-0.185775
0.95925
0.689352
0.529092
-0.781575
5.42014
0.283166
0.37335
-0.171625
0.886275
0.692229
0.409239
-0.781575
5.47889
0.288796
0.37305
0
0.9029
0.725543
0.409239
-0.98541
5.47889
0.328967
0.0016
0
0.9771
0.727233
0.529092
-0.781575
5.42014
0.283166
0.37335
-0.171625
0.886275
0.692229
0.409239
-0.577739
5.44743
0.149654
0.327575
-0.1903
0.8891
0.702014
0.289033
-0.577739
5.47889
0.152668
0.3393
-0.015375
0.907925
0.719851
0.289033
-0.781575
5.47889
0.288796
0.37305
0
0.9029
0.725543
0.409239
-1.13829
5.3595
0.276251
-0.47725
-0.0628
0.1556
0.657821
0.618718
-0.98541
5.34786
0.303605
0.00162501
-0.365375
0.906025
0.652393
0.529044
-0.98541
5.41209
0.322565
0.0016
-0.185775
0.95925
0.689352
0.529092
-1.13829
5.41803
0.293527
-0.47655
-0.03185
0.164275
0.691496
0.618761
-0.98541
5.34786
0.303605
0.00162501
-0.365375
0.906025
0.652393
0.529044
-0.781575
5.36366
0.266492
0.374175
-0.337425
0.8368
0.659725
0.409197
-0.781575
5.42014
0.283166
0.37335
-0.171625
0.886275
0.692229
0.409239
-0.98541
5.41209
0.322565
0.0016
-0.185775
0.95925
0.689352
0.529092
-0.781575
5.36366
0.266492
0.374175
-0.337425
0.8368
0.659725
0.409197
-0.577739
5.41719
0.140726
0.31755
-0.358175
0.836325
0.684611
0.28901
-0.577739
5.44743
0.149654
0.327575
-0.1903
0.8891
0.702014
0.289033
-0.781575
5.42014
0.283166
0.37335
-0.171625
0.886275
0.692229
0.409239
-1.13829
5.30557
0.248198
-0.4783
-0.091925
0.141225
0.62628
0.618634
-0.98541
5.28866
0.272815
0.00165001
-0.532575
0.8187
0.617776
0.528952
-0.98541
5.34786
0.303605
0.00162501
-0.365375
0.906025
0.652393
0.529044
-1.13829
5.3595
0.276251
-0.47725
-0.0628
0.1556
0.657821
0.618718
-0.98541
5.28866
0.272815
0.00165001
-0.532575
0.8187
0.617776
0.528952
-0.781575
5.3116
0.239415
0.3754
-0.4916
0.75575
0.629282
0.409116
-0.781575
5.36366
0.266492
0.374175
-0.337425
0.8368
0.659725
0.409197
-0.98541
5.34786
0.303605
0.00162501
-0.365375
0.906025
0.652393
0.529044
-0.781575
5.3116
0.239415
0.3754
-0.4916
0.75575
0.629282
0.409116
-0.577739
5.38932
0.126229
0.3095
-0.51265
0.751725
0.668311
0.288967
-0.577739
5.41719
0.140726
0.31755
-0.358175
0.836325
0.684611
0.28901
-0.781575
5.36366
0.266492
0.374175
-0.337425
0.8368
0.659725
0.409197
-1.13829
5.25829
0.210444
-0.479575
-0.118175
0.12135
0.598085
0.618511
-0.98541
5.23678
0.23138
0.00165001
-0.681125
0.699625
0.586831
0.528818
-0.98541
5.28866
0.272815
0.00165001
-0.532575
0.8187
0.617776
0.528952
-1.13829
5.30557
0.248198
-0.4783
-0.091925
0.141225
0.62628
0.618634
-0.98541
5.23678
0.23138
0.00165001
-0.681125
0.699625
0.586831
0.528818
-0.781575
5.26597
0.202975
0.37685
-0.628325
0.6454
0.602068
0.408998
-0.781575
5.3116
0.239415
0.3754
-0.4916
0.75575
0.629282
0.409116
-0.98541
5.28866
0.272815
0.00165001
-0.532575
0.8187
0.617776
0.528952
-0.781575
5.26597
0.202975
0.37685
-0.628325
0.6454
0.359788
0.928337
-0.577739
5.36489
0.106718
0.303425
-0.647825
0.63855
0.451203
0.872228
-0.577739
5.38932
0.126229
0.3095
-0.51265
0.751725
0.464189
0.883664
-0.781575
5.3116
0.239415
0.3754
-0.4916
0.75575
0.384042
0.949696
-1.13829
5.2195
0.164442
-0.480875
-0.140375
0.096325
0.208076
0.688235
-0.98541
5.1942
0.180891
0.00165001
-0.804825
0.552375
0.120669
0.679036
-0.98541
5.23678
0.23138
0.00165001
-0.681125
0.699625
0.123521
0.647043
-1.13829
5.25829
0.210444
-0.479575
-0.118175
0.12135
0.210674
0.659085
-0.98541
5.1942
0.180891
0.00165001
-0.804825
0.552375
0.120669
0.679036
-0.781575
5.22852
0.158573
0.3783
-0.74195
0.509225
0.008684
0.688643
-0.781575
5.26597
0.202975
0.37685
-0.628325
0.6454
0.011192
0.660508
-0.98541
5.23678
0.23138
0.00165001
-0.681125
0.699625
0.123521
0.647043
-0.781575
5.22852
0.158573
0.3783
-0.74195
0.509225
0.339884
0.902294
-0.577739
5.34484
0.082944
0.299125
-0.7586
0.5012
0.440546
0.858285
-0.577739
5.36489
0.106718
0.303425
-0.647825
0.63855
0.451203
0.872228
-0.781575
5.26597
0.202975
0.37685
-0.628325
0.6454
0.359788
0.928337
-1.13829
5.19067
0.111957
-0.481975
-0.157325
0.066925
0.206145
0.720589
-0.98541
5.16256
0.123288
0.00165
-0.898
0.382075
0.11855
0.714545
-0.98541
5.1942
0.180891
0.00165001
-0.804825
0.552375
0.120669
0.679036
-1.13829
5.2195
0.164442
-0.480875
-0.140375
0.096325
0.208076
0.688235
-0.98541
5.16256
0.123288
0.00165
-0.898
0.382075
0.11855
0.714545
-0.781575
5.2007
0.107915
0.37955
-0.8274
0.352025
0.006821
0.719871
-0.781575
5.22852
0.158573
0.3783
-0.74195
0.509225
0.008684
0.688643
-0.98541
5.1942
0.180891
0.00165001
-0.804825
0.552375
0.120669
0.679036
-0.781575
5.2007
0.107915
0.37955
-0.8274
0.352025
0.325094
0.872569
-0.577739
5.32994
0.055821
0.29635
-0.84085
0.3449
0.432627
0.842369
-0.577739
5.34484
0.082944
0.299125
-0.7586
0.5012
0.440546
0.858285
-0.781575
5.22852
0.158573
0.3783
-0.74195
0.509225
0.339884
0.902294
-1.13829
5.17291
0.055009
-0.4827
-0.168
0.034325
0.204956
0.754904
-0.98541
5.14307
0.060785
0.00165
-0.955975
0.195325
0.117245
0.752206
-0.98541
5.16256
0.123288
0.00165
-0.898
0.382075
0.11855
0.714545
-1.13829
5.19067
0.111957
-0.481975
-0.157325
0.066925
0.206145
0.720589
-0.98541
5.14307
0.060785
0.00165
-0.955975
0.195325
0.117245
0.752206
-0.781575
5.18356
0.052948
0.3804
-0.8805
0.1799
0.005673
0.752992
-0.781575
5.2007
0.107915
0.37955
-0.8274
0.352025
0.006821
0.719871
-0.98541
5.16256
0.123288
0.00165
-0.898
0.382075
0.11855
0.714545
-0.781575
5.18356
0.052948
0.3804
-0.8805
0.1799
0.315986
0.840304
-0.577739
5.32076
0.026391
0.294775
-0.89145
0.175525
0.427751
0.825094
-0.577739
5.32994
0.055821
0.29635
-0.84085
0.3449
0.432627
0.842369
-0.781575
5.2007
0.107915
0.37955
-0.8274
0.352025
0.325094
0.872569
-1.13829
5.16692
-0.004216
-0.48295
-0.17165
0
0.204555
0.78986
-0.98541
5.1365
-0.004216
0.00165
-0.97565
0
0.116804
0.790572
-0.98541
5.14307
0.060785
0.00165
-0.955975
0.195325
0.117245
0.752206
-1.13829
5.17291
0.055009
-0.4827
-0.168
0.034325
0.204956
0.754904
-0.98541
5.1365
-0.004216
0.00165
-0.97565
0
0.116804
0.790572
-0.781575
5.17777
-0.004216
0.3807
-0.8985
0
0.005286
0.786732
-0.781575
5.18356
0.052948
0.3804
-0.8805
0.1799
0.005673
0.752992
-0.98541
5.14307
0.060785
0.00165
-0.955975
0.195325
0.117245
0.752206
-0.781575
5.17777
-0.004216
0.3807
-0.8985
0
0.312911
0.806739
-0.577739
5.31767
-0.004216
0.29415
-0.90845
-0.000575
0.426104
0.807123
-0.577739
5.32076
0.026391
0.294775
-0.89145
0.175525
0.427751
0.825094
-0.781575
5.18356
0.052948
0.3804
-0.8805
0.1799
0.315986
0.840304
-1.13829
5.17291
-0.063441
-0.4827
-0.168
-0.034325
0.204956
0.824115
-0.98541
5.14307
-0.069217
0.00165
-0.955975
-0.195325
0.117245
0.828167
-0.98541
5.1365
-0.004216
0.00165
-0.97565
0
0.116804
0.790572
-1.13829
5.16692
-0.004216
-0.48295
-0.17165
0
0.204555
0.78986
-0.98541
5.14307
-0.069217
0.00165
-0.955975
-0.195325
0.117245
0.828167
-0.781575
5.18356
-0.06138
0.3804
-0.8805
-0.1799
0.005673
0.819794
-0.781575
5.17777
-0.004216
0.3807
-0.8985
0
0.005286
0.786732
-0.98541
5.1365
-0.004216
0.00165
-0.97565
0
0.116804
0.790572
-0.781575
5.18356
-0.06138
0.3804
-0.8805
-0.1799
0.315986
0.773163
-0.577739
5.32076
-0.034823
0.294425
-0.8912
-0.17675
0.427751
0.789146
-0.577739
5.31767
-0.004216
0.29415
-0.90845
-0.000575
0.426104
0.807123
-0.781575
5.17777
-0.004216
0.3807
-0.8985
0
0.312911
0.806739
-1.13829
5.19067
-0.120389
-0.481975
-0.157325
-0.066925
0.206145
0.856352
-0.98541
5.16256
-0.131719
0.00165
-0.898
-0.382075
0.11855
0.863548
-0.98541
5.14307
-0.069217
0.00165
-0.955975
-0.195325
0.117245
0.828167
-1.13829
5.17291
-0.063441
-0.4827
-0.168
-0.034325
0.204956
0.824115
-0.98541
5.16256
-0.131719
0.00165
-0.898
-0.382075
0.11855
0.863548
-0.781575
5.2007
-0.116347
0.37955
-0.8274
-0.352025
0.006821
0.85091
-0.781575
5.18356
-0.06138
0.3804
-0.8805
-0.1799
0.005673
0.819794
-0.98541
5.14307
-0.069217
0.00165
-0.955975
-0.195325
0.117245
0.828167
-0.781575
5.2007
-0.116347
0.37955
-0.8274
-0.352025
0.325094
0.740868
-0.577739
5.32994
-0.064253
0.29575
-0.84025
-0.346325
0.432627
0.771854
-0.577739
5.32076
-0.034823
0.294425
-0.8912
-0.17675
0.427751
0.789146
-0.781575
5.18356
-0.06138
0.3804
-0.8805
-0.1799
0.315986
0.773163
-1.13829
5.2195
-0.172874
-0.480875
-0.140375
-0.096325
0.208076
0.885332
-0.98541
5.1942
-0.189322
0.00165001
-0.804825
-0.552375
0.120669
0.895355
-0.98541
5.16256
-0.131719
0.00165
-0.898
-0.382075
0.11855
0.863548
-1.13829
5.19067
-0.120389
-0.481975
-0.157325
-0.066925
0.206145
0.856352
-0.98541
5.1942
-0.189322
0.00165001
-0.804825
-0.552375
0.120669
0.895355
-0.781575
5.22852
-0.167005
0.3783
-0.74195
-0.509225
0.008684
0.878881
-0.781575
5.2007
-0.116347
0.37955
-0.8274
-0.352025
0.006821
0.85091
-0.98541
5.16256
-0.131719
0.00165
-0.898
-0.382075
0.11855
0.863548
-0.781575
5.22852
-0.167005
0.3783
-0.74195
-0.509225
0.339884
0.711093
-0.577739
5.34484
-0.091376
0.298375
-0.7575
-0.502875
0.440546
0.755912
-0.577739
5.32994
-0.064253
0.29575
-0.84025
-0.346325
0.432627
0.771854
-0.781575
5.2007
-0.116347
0.37955
-0.8274
-0.352025
0.325094
0.740868
-1.13829
5.25829
-0.218876
-0.479575
-0.118175
-0.12135
0.210674
0.909942
-0.98541
5.23678
-0.239812
0.00165001
-0.681125
-0.699625
0.123521
0.922365
-0.98541
5.1942
-0.189322
0.00165001
-0.804825
-0.552375
0.120669
0.895355
-1.13829
5.2195
-0.172874
-0.480875
-0.140375
-0.096325
0.208076
0.885332
-0.98541
5.23678
-0.239812
0.00165001
-0.681125
-0.699625
0.123521
0.922365
-0.781575
5.26597
-0.211407
0.37685
-0.628325
-0.6454
0.011192
0.902635
-0.781575
5.22852
-0.167005
0.3783
-0.74195
-0.509225
0.008684
0.878881
-0.98541
5.1942
-0.189322
0.00165001
-0.804825
-0.552375
0.120669
0.895355
-0.781575
5.26597
-0.211407
0.37685
-0.628325
-0.6454
0.359788
0.684984
-0.577739
5.36489
-0.11515
0.30265
-0.646075
-0.640375
0.451203
0.741932
-0.577739
5.34484
-0.091376
0.298375
-0.7575
-0.502875
0.440546
0.755912
-0.781575
5.22852
-0.167005
0.3783
-0.74195
-0.509225
0.339884
0.711093
-1.13829
5.30557
-0.25663
-0.4783
-0.091925
-0.141225
0.255665
0.636048
-0.98541
5.28866
-0.281247
0.00165001
-0.532575
-0.8187
0.274417
0.550274
-0.98541
5.23678
-0.239812
0.00165001
-0.681125
-0.699625
0.302339
0.549835
-1.13829
5.25829
-0.218876
-0.479575
-0.118175
-0.12135
0.281106
0.635649
-0.98541
5.28866
-0.281247
0.00165001
-0.532575
-0.8187
0.274417
0.550274
-0.781575
5.3116
-0.247847
0.3754
-0.4916
-0.75575
0.271999
0.428296
-0.781575
5.26597
-0.211407
0.37685
-0.628325
-0.6454
0.296555
0.42791
-0.98541
5.23678
-0.239812
0.00165001
-0.681125
-0.699625
0.302339
0.549835
-0.781575
5.3116
-0.247847
0.3754
-0.4916
-0.75575
0.384042
0.663543
-0.577739
5.38932
-0.13466
0.308875
-0.510175
-0.753475
0.464189
0.730453
-0.577739
5.36489
-0.11515
0.30265
-0.646075
-0.640375
0.451203
0.741932
-0.781575
5.26597
-0.211407
0.37685
-0.628325
-0.6454
0.359788
0.684984
-1.13829
5.3595
-0.284683
-0.47725
-0.0628
-0.1556
0.226208
0.635333
-0.98541
5.34786
-0.312037
0.00162501
-0.365375
-0.906025
0.242087
0.549489
-0.98541
5.28866
-0.281247
0.00165001
-0.532575
-0.8187
0.274417
0.550274
-1.13829
5.30557
-0.25663
-0.4783
-0.091925
-0.141225
0.255665
0.636048
-0.98541
5.34786
-0.312037
0.00162501
-0.365375
-0.906025
0.242087
0.549489
-0.781575
5.36366
-0.274924
0.374175
-0.337425
-0.8368
0.243567
0.427605
-0.781575
5.3116
-0.247847
0.3754
-0.4916
-0.75575
0.271999
0.428296
-0.98541
5.28866
-0.281247
0.00165001
-0.532575
-0.8187
0.274417
0.550274
-0.781575
5.36366
-0.274924
0.374175
-0.337425
-0.8368
0.243567
0.427605
-0.577739
5.41719
-0.149158
0.317175
-0.355025
-0.83775
0.221321
0.296777
-0.577739
5.38932
-0.13466
0.308875
-0.510175
-0.753475
0.236544
0.297147
-0.781575
5.3116
-0.247847
0.3754
-0.4916
-0.75575
0.271999
0.428296
-1.13829
5.41802
-0.301958
-0.47655
-0.03185
-0.164275
0.193866
0.63353
-0.98541
5.41209
-0.330997
0.0016
-0.185775
-0.95925
0.206591
0.54751
-0.98541
5.34786
-0.312037
0.00162501
-0.365375
-0.906025
0.242087
0.549489
-1.13829
5.3595
-0.284683
-0.47725
-0.0628
-0.1556
0.226208
0.635333
-0.98541
5.41209
-0.330997
0.0016
-0.185775
-0.95925
0.206591
0.54751
-0.781575
5.42014
-0.291598
0.37335
-0.171625
-0.886275
0.21235
0.425865
-0.781575
5.36366
-0.274924
0.374175
-0.337425
-0.8368
0.243567
0.427605
-0.98541
5.34786
-0.312037
0.00162501
-0.365375
-0.906025
0.242087
0.549489
-0.781575
5.42014
-0.291598
0.37335
-0.171625
-0.886275
0.21235
0.425865
-0.577739
5.44743
-0.158086
0.327475
-0.18665
-0.889925
0.204607
0.295846
-0.577739
5.41719
-0.149158
0.317175
-0.355025
-0.83775
0.221321
0.296777
-0.781575
5.36366
-0.274924
0.374175
-0.337425
-0.8368
0.243567
0.427605
-1.13829
5.47889
-0.307792
-0.4763
0
-0.16715
0.159882
0.630709
-0.98541
5.47889
-0.337399
0.0016
0
-0.9771
0.169293
0.544413
-0.98541
5.41209
-0.330997
0.0016
-0.185775
-0.95925
0.206591
0.54751
-1.13829
5.41802
-0.301958
-0.47655
-0.03185
-0.164275
0.193866
0.63353
-0.98541
5.47889
-0.337399
0.0016
0
-0.9771
0.169293
0.544413
-0.781575
5.47889
-0.297228
0.37305
0
-0.9029
0.179549
0.423142
-0.781575
5.42014
-0.291598
0.37335
-0.171625
-0.886275
0.21235
0.425865
-0.98541
5.41209
-0.330997
0.0016
-0.185775
-0.95925
0.206591
0.54751
-0.781575
5.47889
-0.297228
0.37305
0
-0.9029
0.179549
0.423142
-0.577739
5.47889
-0.1611
0.339475
-0.011475
-0.907975
0.187045
0.294388
-0.577739
5.44743
-0.158086
0.327475
-0.18665
-0.889925
0.204607
0.295846
-0.781575
5.42014
-0.291598
0.37335
-0.171625
-0.886275
0.21235
0.425865
-1.13829
5.25829
-0.218876
-0.479575
-0.118175
-0.12135
0.624925
0.695199
-1.13829
5.2195
-0.172874
-0.480875
-0.140375
-0.096325
0.648692
0.669941
-1.12128
5.23675
-0.161658
-0.7691
0.52435
0.3599
0.655926
0.679397
-1.12128
5.27296
-0.204601
-0.76745
0.445
0.45715
0.633739
0.702975
-0.577739
5.44743
0.149654
0.327575
-0.1903
0.8891
0.702014
0.289033
-0.577739
5.41719
0.140726
0.31755
-0.358175
0.836325
0.684611
0.28901
-0.203781
5.3834
0.092499
-0.0577
-0.3652
0.912775
0.663543
0.069233
-0.193587
5.40084
0.098671
-0.002
-0.193325
0.970375
0.673624
0.063263
-0.577739
5.64011
-0.004216
0.4175
0.889675
0.001325
0.418511
0.347
-0.577739
5.63701
0.02639
0.415675
0.8719
0.179875
0.435732
0.349364
-0.128108
5.51059
0.017287
0.39515
0.88075
0.197275
0.403265
0.621565
-0.126786
5.51244
-0.003199
0.40385
0.897825
0.002625
0.391652
0.620757
-0.577739
5.41719
-0.149158
0.317175
-0.355025
-0.83775
0.221321
0.296777
-0.577739
5.44743
-0.158086
0.327475
-0.18665
-0.889925
0.204607
0.295846
-0.190875
5.4015
-0.1075
0.007475
-0.1911
-0.9719
0.250585
0.070155
-0.201227
5.38402
-0.10171
-0.04945
-0.3633
-0.915475
0.25965
0.076644
-0.577739
5.34484
0.082944
0.299125
-0.7586
0.5012
0.98023
0.258953
-0.577739
5.32994
0.055821
0.29635
-0.84085
0.3449
0.964154
0.257915
-0.23267
5.33319
0.035066
-0.210925
-0.861525
0.376275
0.954996
0.056922
-0.227849
5.34174
0.053331
-0.1855
-0.776625
0.5471
0.965771
0.054706
-0.577739
5.59289
0.106718
0.391675
0.622525
0.64645
0.78213
0.288823
-0.577739
5.56845
0.126229
0.379275
0.485175
0.75875
0.769186
0.288904
-0.152274
5.47078
0.083741
0.2388
0.494
0.829025
0.712382
0.038922
-0.143803
5.48493
0.070824
0.2921
0.632425
0.7065
0.719811
0.033895
-0.577739
5.56845
-0.134661
0.379925
0.4881
-0.756725
0.136024
0.287504
-0.577739
5.59289
-0.11515
0.392325
0.6248
-0.644025
0.121754
0.284668
-0.141848
5.48541
-0.077817
0.301825
0.63205
-0.70165
0.205393
0.034909
-0.149975
5.47134
-0.091042
0.249575
0.4944
-0.824975
0.213212
0.041407
-0.577739
5.32076
-0.034823
0.294425
-0.8912
-0.17675
0.912714
0.257276
-0.577739
5.32994
-0.064253
0.29575
-0.84025
-0.346325
0.896696
0.257915
-0.231612
5.33345
-0.045378
-0.208375
-0.861525
-0.380075
0.909824
0.056323
-0.234987
5.32809
-0.025719
-0.225
-0.91395
-0.1946
0.920544
0.057918
-0.577739
5.47889
0.152668
0.3393
-0.015375
0.907925
0.719851
0.289033
-0.577739
5.44743
0.149654
0.327575
-0.1903
0.8891
0.702014
0.289033
-0.193587
5.40084
0.098671
-0.002
-0.193325
0.970375
0.673624
0.063263
-0.18293
5.419
0.100889
0.05755
-0.01465
0.991075
0.68394
0.057007
-0.577739
5.63701
-0.034823
0.415875
0.8724
-0.177175
0.401519
0.345732
-0.577739
5.64011
-0.004216
0.4175
0.889675
0.001325
0.418511
0.347
-0.126786
5.51244
-0.003199
0.40385
0.897825
0.002625
0.391652
0.620757
-0.127569
5.51072
-0.023723
0.3981
0.88015
-0.191975
0.380301
0.619409
-0.577739
5.38932
-0.13466
0.308875
-0.510175
-0.753475
0.236544
0.297147
-0.577739
5.41719
-0.149158
0.317175
-0.355025
-0.83775
0.221321
0.296777
-0.201227
5.38402
-0.10171
-0.04945
-0.3633
-0.915475
0.25965
0.076644
-0.210822
5.36789
-0.092173
-0.10095
-0.522275
-0.824
0.267888
0.08233
-0.577739
5.36489
0.106718
0.303425
-0.647825
0.63855
0.994714
0.260349
-0.577739
5.34484
0.082944
0.299125
-0.7586
0.5012
0.98023
0.258953
-0.227849
5.34174
0.053331
-0.1855
-0.776625
0.5471
0.965771
0.054706
-0.221248
5.35326
0.069385
-0.150775
-0.66255
0.69705
0.975482
0.051659
-0.577739
5.61294
0.082944
0.4023
0.735575
0.50885
0.468232
0.356975
-0.577739
5.59289
0.106718
0.391675
0.622525
0.64645
0.482263
0.36193
-0.143803
5.48493
0.070824
0.2921
0.632425
0.7065
0.435257
0.620536
-0.136783
5.49656
0.055023
0.337525
0.745675
0.5563
0.425494
0.621451
-0.577739
5.54058
-0.149158
0.36645
0.33245
-0.840125
0.152082
0.290135
-0.577739
5.56845
-0.134661
0.379925
0.4881
-0.756725
0.136024
0.287504
-0.149975
5.47134
-0.091042
0.249575
0.4944
-0.824975
0.213212
0.041407
-0.159314
5.45528
-0.100931
0.191475
0.337075
-0.91635
0.221988
0.048456
-0.577739
5.31767
-0.004216
0.29415
-0.90845
-0.000575
0.929735
0.25706
-0.577739
5.32076
-0.034823
0.294425
-0.8912
-0.17675
0.912714
0.257276
-0.234987
5.32809
-0.025719
-0.225
-0.91395
-0.1946
0.920544
0.057918
-0.236309
5.32623
-0.005233
-0.231
-0.9316
-0.0018
0.93194
0.058559
-0.577739
5.51034
0.149654
0.352275
0.15995
0.891925
0.737437
0.28901
-0.577739
5.47889
0.152668
0.3393
-0.015375
0.907925
0.719851
0.289033
-0.18293
5.419
0.100889
0.05755
-0.01465
0.991075
0.68394
0.057007
-0.17222
5.43717
0.099068
0.119
0.164025
0.9739
0.694095
0.050704
-0.577739
5.62783
-0.064253
0.410875
0.82085
-0.348575
0.385411
0.345608
-0.577739
5.63701
-0.034823
0.415875
0.8724
-0.177175
0.401519
0.345732
-0.127569
5.51072
-0.023723
0.3981
0.88015
-0.191975
0.380301
0.619409
-0.130426
5.50548
-0.043498
0.37825
0.8285
-0.37895
0.369647
0.61757
-0.577739
5.36489
-0.11515
0.30265
-0.646075
-0.640375
0.249692
0.296941
-0.577739
5.38932
-0.13466
0.308875
-0.510175
-0.753475
0.236544
0.297147
-0.210822
5.36789
-0.092173
-0.10095
-0.522275
-0.824
0.267888
0.08233
-0.219293
5.35374
-0.079256
-0.145475
-0.6618
-0.70095
0.274982
0.086993
-0.577739
5.38932
0.126229
0.3095
-0.51265
0.751725
0.668311
0.288967
-0.577739
5.36489
0.106718
0.303425
-0.647825
0.63855
0.653741
0.288904
-0.221248
5.35326
0.069385
-0.150775
-0.66255
0.69705
0.645613
0.079416
-0.213121
5.36733
0.08261
-0.107775
-0.52365
0.8205
0.654085
0.074688
-0.577739
5.62783
0.055821
0.4105
0.819825
0.351275
0.45252
0.352732
-0.577739
5.61294
0.082944
0.4023
0.735575
0.50885
0.468232
0.356975
-0.136783
5.49656
0.055023
0.337525
0.745675
0.5563
0.425494
0.621451
-0.131484
5.50523
0.036946
0.372575
0.82945
0.3843
0.414692
0.621799
-0.577739
5.51034
-0.158086
0.3527
0.1638
-0.891175
0.169309
0.29246
-0.577739
5.54058
-0.149158
0.36645
0.33245
-0.840125
0.152082
0.290135
-0.159314
5.45528
-0.100931
0.191475
0.337075
-0.91635
0.221988
0.048456
-0.169509
5.43783
-0.107103
0.130125
0.165975
-0.9724
0.231385
0.055785
-0.577739
5.32076
0.026391
0.294775
-0.89145
0.175525
0.947104
0.257276
-0.577739
5.31767
-0.004216
0.29415
-0.90845
-0.000575
0.929735
0.25706
-0.236309
5.32623
-0.005233
-0.231
-0.9316
-0.0018
0.93194
0.058559
-0.235527
5.32796
0.015291
-0.22625
-0.913875
0.19095
0.943573
0.058223
-0.577739
5.54058
0.140726
0.36585
0.32895
0.8416
0.754095
0.288967
-0.577739
5.51034
0.149654
0.352275
0.15995
0.891925
0.737437
0.28901
-0.17222
5.43717
0.099068
0.119
0.164025
0.9739
0.694095
0.050704
-0.161869
5.45466
0.093278
0.180225
0.3358
0.91925
0.703699
0.044597
-0.577739
5.61294
-0.091376
0.40285
0.7372
-0.506225
0.370804
0.346632
-0.577739
5.62783
-0.064253
0.410875
0.82085
-0.348575
0.385411
0.345608
-0.130426
5.50548
-0.043498
0.37825
0.8285
-0.37895
0.369647
0.61757
-0.135247
5.49693
-0.061763
0.345525
0.7448
-0.55105
0.360099
0.615312
-0.577739
5.34484
-0.091376
0.298375
-0.7575
-0.502875
0.882297
0.258953
-0.577739
5.36489
-0.11515
0.30265
-0.646075
-0.640375
0.870069
0.260349
-0.219293
5.35374
-0.079256
-0.145475
-0.6618
-0.70095
0.892016
0.050552
-0.226312
5.34211
-0.063455
-0.181625
-0.776375
-0.55105
0.900191
0.053836
-0.577739
5.41719
0.140726
0.31755
-0.358175
0.836325
0.684611
0.28901
-0.577739
5.38932
0.126229
0.3095
-0.51265
0.751725
0.668311
0.288967
-0.213121
5.36733
0.08261
-0.107775
-0.52365
0.8205
0.654085
0.074688
-0.203781
5.3834
0.092499
-0.0577
-0.3652
0.912775
0.663543
0.069233
-0.577739
5.63701
0.02639
0.415675
0.8719
0.179875
0.435732
0.349364
-0.577739
5.62783
0.055821
0.4105
0.819825
0.351275
0.45252
0.352732
-0.131484
5.50523
0.036946
0.372575
0.82945
0.3843
0.414692
0.621799
-0.128108
5.51059
0.017287
0.39515
0.88075
0.197275
0.403265
0.621565
-0.577739
5.44743
-0.158086
0.327475
-0.18665
-0.889925
0.204607
0.295846
-0.577739
5.47889
-0.1611
0.339475
-0.011475
-0.907975
0.187045
0.294388
-0.180165
5.41967
-0.109321
0.068025
-0.012375
-0.991125
0.241041
0.063112
-0.190875
5.4015
-0.1075
0.007475
-0.1911
-0.9719
0.250585
0.070155
-0.577739
5.47889
-0.1611
0.339475
-0.011475
-0.907975
0.187045
0.294388
-0.577739
5.51034
-0.158086
0.3527
0.1638
-0.891175
0.169309
0.29246
-0.169509
5.43783
-0.107103
0.130125
0.165975
-0.9724
0.231385
0.055785
-0.180165
5.41967
-0.109321
0.068025
-0.012375
-0.991125
0.241041
0.063112
-0.577739
5.32994
0.055821
0.29635
-0.84085
0.3449
0.964154
0.257915
-0.577739
5.32076
0.026391
0.294775
-0.89145
0.175525
0.947104
0.257276
-0.235527
5.32796
0.015291
-0.22625
-0.913875
0.19095
0.943573
0.058223
-0.23267
5.33319
0.035066
-0.210925
-0.861525
0.376275
0.954996
0.056922
-0.577739
5.56845
0.126229
0.379275
0.485175
0.75875
0.769186
0.288904
-0.577739
5.54058
0.140726
0.36585
0.32895
0.8416
0.754095
0.288967
-0.161869
5.45466
0.093278
0.180225
0.3358
0.91925
0.703699
0.044597
-0.152274
5.47078
0.083741
0.2388
0.494
0.829025
0.712382
0.038922
-0.577739
5.59289
-0.11515
0.392325
0.6248
-0.644025
0.358261
0.348766
-0.577739
5.61294
-0.091376
0.40285
0.7372
-0.506225
0.370804
0.346632
-0.135247
5.49693
-0.061763
0.345525
0.7448
-0.55105
0.360099
0.615312
-0.141848
5.48541
-0.077817
0.301825
0.63205
-0.70165
0.352025
0.612722
-0.201227
5.38402
-0.10171
-0.04945
-0.3633
-0.915475
0.25965
0.076644
-0.190875
5.4015
-0.1075
0.007475
-0.1911
-0.9719
0.250585
0.070155
-0.129286
5.36404
-0.106557
0.256433
-0.223433
-0.6532
0.275024
0.036402
-0.13609
5.34498
-0.100502
0.195
-0.3299
-0.617033
0.285167
0.0409
-1.13829
5.53975
-0.301959
-0.47655
0.03185
-0.164275
0.593389
0.86439
-1.13829
5.47889
-0.307792
-0.4763
0
-0.16715
0.586831
0.829138
-1.12128
5.47889
-0.287603
-0.7633
0
0.6431
0.598179
0.828007
-1.12128
5.5357
-0.282158
-0.7636
-0.12215
0.631
0.6043
0.860915
-1.13829
5.59827
0.276251
-0.47725
0.0628
0.1556
0.921539
0.866206
-1.13829
5.6522
0.248198
-0.4783
0.091925
0.141225
0.908677
0.899308
-1.12128
5.64068
0.231412
-0.76585
-0.3489
-0.5365
0.898621
0.89351
-1.12128
5.59033
0.2576
-0.7645
-0.2399
-0.5951
0.910628
0.86261
-1.13829
5.2195
-0.172874
-0.480875
-0.140375
-0.096325
0.648692
0.669941
-1.13829
5.19067
-0.120389
-0.481975
-0.157325
-0.066925
0.676639
0.650147
-1.12128
5.20983
-0.112664
-0.7705
0.58365
0.24835
0.682014
0.660919
-1.12128
5.23675
-0.161658
-0.7691
0.52435
0.3599
0.655926
0.679397
-1.13829
5.6522
0.248198
-0.4783
0.091925
0.141225
0.908677
0.899308
-1.13829
5.69948
0.210444
-0.479575
0.118175
0.121325
0.890003
0.92906
-1.12128
5.68481
0.196169
-0.76745
-0.445
-0.4572
0.881189
0.921283
-1.12128
5.64068
0.231412
-0.76585
-0.3489
-0.5365
0.898621
0.89351
-1.13829
5.19067
-0.120389
-0.481975
-0.157325
-0.066925
0.676639
0.650147
-1.13829
5.17291
-0.063441
-0.4827
-0.168
-0.034325
0.707692
0.636579
-1.12128
5.19326
-0.059502
-0.7714
0.6203
0.12675
0.711002
0.648253
-1.12128
5.20983
-0.112664
-0.7705
0.58365
0.24835
0.682014
0.660919
-1.13829
5.69948
0.210444
-0.479575
0.118175
0.121325
0.890003
0.92906
-1.13829
5.73828
0.164441
-0.480875
0.140375
0.0963
0.866236
0.954317
-1.12128
5.72103
0.153226
-0.7691
-0.52435
-0.35995
0.859002
0.944862
-1.12128
5.68481
0.196169
-0.76745
-0.445
-0.4572
0.881189
0.921283
-1.13829
5.17291
-0.063441
-0.4827
-0.168
-0.034325
0.707692
0.636579
-1.13829
5.16692
-0.004216
-0.48295
-0.17165
0
0.740658
0.629756
-1.12128
5.18767
-0.004216
-0.7717
0.6327
0
0.741776
0.641884
-1.12128
5.19326
-0.059502
-0.7714
0.6203
0.12675
0.711002
0.648253
-1.13829
5.73828
0.164441
-0.480875
0.140375
0.0963
0.866236
0.954317
-1.13829
5.7671
0.111957
-0.481975
0.157325
0.066925
0.838289
0.974111
-1.12128
5.74794
0.104232
-0.7705
-0.58365
-0.24835
0.832914
0.963339
-1.12128
5.72103
0.153226
-0.7691
-0.52435
-0.35995
0.859002
0.944862
-1.13829
5.16692
-0.004216
-0.48295
-0.17165
0
0.740658
0.629756
-1.13829
5.17291
0.055009
-0.4827
-0.168
0.034325
0.77427
0.629942
-1.12128
5.19326
0.05107
-0.7714
0.6203
-0.12675
0.773152
0.642058
-1.12128
5.18767
-0.004216
-0.7717
0.6327
0
0.741776
0.641884
-1.13829
5.7671
0.111957
-0.481975
0.157325
0.066925
0.838289
0.974111
-1.13829
5.78486
0.055008
-0.4827
0.168
0.034325
0.807236
0.98768
-1.12128
5.76451
0.05107
-0.7714
-0.6203
-0.12675
0.803926
0.976006
-1.12128
5.74794
0.104232
-0.7705
-0.58365
-0.24835
0.832914
0.963339
-1.13829
5.17291
0.055009
-0.4827
-0.168
0.034325
0.77427
0.629942
-1.13829
5.19067
0.111957
-0.481975
-0.157325
0.066925
0.807236
0.637129
-1.12128
5.20983
0.104232
-0.7705
0.58365
-0.24835
0.803926
0.648767
-1.12128
5.19326
0.05107
-0.7714
0.6203
-0.12675
0.773152
0.642058
-1.13829
5.78486
0.055008
-0.4827
0.168
0.034325
0.807236
0.98768
-1.13829
5.79085
-0.004216
-0.48295
0.17165
0
0.77427
0.994503
-1.12128
5.7701
-0.004216
-0.7717
-0.6327
0
0.773152
0.982374
-1.12128
5.76451
0.05107
-0.7714
-0.6203
-0.12675
0.803926
0.976006
-1.13829
5.19067
0.111957
-0.481975
-0.157325
0.066925
0.807236
0.637129
-1.13829
5.2195
0.164442
-0.480875
-0.140375
0.096325
0.838289
0.651042
-1.12128
5.23675
0.153226
-0.7691
0.52435
-0.3599
0.832914
0.661754
-1.12128
5.20983
0.104232
-0.7705
0.58365
-0.24835
0.803926
0.648767
-1.13829
5.79085
-0.004216
-0.48295
0.17165
0
0.77427
0.994503
-1.13829
5.78486
-0.063441
-0.4827
0.168
-0.034325
0.740658
0.994317
-1.12128
5.76451
-0.059502
-0.7714
-0.6203
0.12675
0.741776
0.982201
-1.12128
5.7701
-0.004216
-0.7717
-0.6327
0
0.773152
0.982374
-1.13829
5.2195
0.164442
-0.480875
-0.140375
0.096325
0.838289
0.651042
-1.13829
5.25829
0.210444
-0.479575
-0.118175
0.12135
0.866236
0.671145
-1.12128
5.27296
0.196169
-0.76745
0.445
-0.45715
0.859003
0.68052
-1.12128
5.23675
0.153226
-0.7691
0.52435
-0.3599
0.832914
0.661754
-1.13829
5.78486
-0.063441
-0.4827
0.168
-0.034325
0.740658
0.994317
-1.13829
5.7671
-0.12039
-0.481975
0.157325
-0.066925
0.707692
0.987129
-1.12128
5.74794
-0.112664
-0.7705
-0.58365
0.24835
0.711002
0.975492
-1.12128
5.76451
-0.059502
-0.7714
-0.6203
0.12675
0.741776
0.982201
-1.13829
5.25829
0.210444
-0.479575
-0.118175
0.12135
0.866236
0.671145
-1.13829
5.30557
0.248198
-0.4783
-0.091925
0.141225
0.890003
0.696665
-1.12128
5.31709
0.231412
-0.76585
0.3489
-0.5365
0.881189
0.704344
-1.12128
5.27296
0.196169
-0.76745
0.445
-0.45715
0.859003
0.68052
-1.13829
5.7671
-0.12039
-0.481975
0.157325
-0.066925
0.707692
0.987129
-1.13829
5.73828
-0.172874
-0.480875
0.140375
-0.0963
0.676639
0.973217
-1.12128
5.72102
-0.161658
-0.7691
-0.52435
0.35995
0.682014
0.962504
-1.12128
5.74794
-0.112664
-0.7705
-0.58365
0.24835
0.711002
0.975492
-1.13829
5.30557
0.248198
-0.4783
-0.091925
0.141225
0.890003
0.696665
-1.13829
5.3595
0.276251
-0.47725
-0.0628
0.1556
0.908677
0.726624
-1.12128
5.36744
0.2576
-0.7645
0.2399
-0.5951
0.898621
0.73231
-1.12128
5.31709
0.231412
-0.76585
0.3489
-0.5365
0.881189
0.704344
-1.13829
5.47889
-0.307792
-0.4763
0
-0.16715
0.586831
0.829138
-1.13829
5.41802
-0.301958
-0.47655
-0.03185
-0.164275
0.586831
0.793232
-1.12128
5.42207
-0.282158
-0.7636
0.12215
0.631
0.598179
0.794489
-1.12128
5.47889
-0.287603
-0.7633
0
0.6431
0.598179
0.828007
-1.13829
5.73828
-0.172874
-0.480875
0.140375
-0.0963
0.676639
0.973217
-1.13829
5.69948
-0.218877
-0.479575
0.118175
-0.121325
0.648692
0.953114
-1.12128
5.68481
-0.204601
-0.76745
-0.445
0.4572
0.655925
0.943738
-1.12128
5.72102
-0.161658
-0.7691
-0.52435
0.35995
0.682014
0.962504
-1.13829
5.3595
0.276251
-0.47725
-0.0628
0.1556
0.908677
0.726624
-1.13829
5.41803
0.293527
-0.47655
-0.03185
0.164275
0.921539
0.759868
-1.12128
5.42207
0.273726
-0.7636
0.12215
-0.631
0.910628
0.763343
-1.12128
5.36744
0.2576
-0.7645
0.2399
-0.5951
0.898621
0.73231
-1.13829
5.41802
-0.301958
-0.47655
-0.03185
-0.164275
0.586831
0.793232
-1.13829
5.3595
-0.284683
-0.47725
-0.0628
-0.1556
0.593389
0.758052
-1.12128
5.36744
-0.266032
-0.7645
0.2399
0.5951
0.6043
0.761649
-1.12128
5.42207
-0.282158
-0.7636
0.12215
0.631
0.598179
0.794489
-1.13829
5.69948
-0.218877
-0.479575
0.118175
-0.121325
0.648692
0.953114
-1.13829
5.6522
-0.25663
-0.4783
0.091925
-0.14125
0.624925
0.927593
-1.12128
5.64068
-0.239844
-0.76585
-0.3489
0.5365
0.633739
0.919914
-1.12128
5.68481
-0.204601
-0.76745
-0.445
0.4572
0.655925
0.943738
-1.13829
5.41803
0.293527
-0.47655
-0.03185
0.164275
0.921539
0.759868
-1.13829
5.47889
0.29936
-0.4763
0
0.16715
0.928097
0.79512
-1.12128
5.47889
0.279172
-0.7633
0
-0.6431
0.916749
0.796251
-1.12128
5.42207
0.273726
-0.7636
0.12215
-0.631
0.910628
0.763343
-1.13829
5.3595
-0.284683
-0.47725
-0.0628
-0.1556
0.593389
0.758052
-1.13829
5.30557
-0.25663
-0.4783
-0.091925
-0.141225
0.606251
0.724951
-1.12128
5.31709
-0.239844
-0.76585
0.3489
0.5365
0.616307
0.730748
-1.12128
5.36744
-0.266032
-0.7645
0.2399
0.5951
0.6043
0.761649
-1.13829
5.6522
-0.25663
-0.4783
0.091925
-0.14125
0.624925
0.927593
-1.13829
5.59827
-0.284683
-0.47725
0.0628
-0.155625
0.606251
0.897635
-1.12128
5.59033
-0.266032
-0.7645
-0.2399
0.5951
0.616307
0.891948
-1.12128
5.64068
-0.239844
-0.76585
-0.3489
0.5365
0.633739
0.919914
-1.13829
5.47889
0.29936
-0.4763
0
0.16715
0.928097
0.79512
-1.13829
5.53975
0.293527
-0.47655
0.03185
0.164275
0.928097
0.831026
-1.12128
5.5357
0.273726
-0.7636
-0.12215
-0.631
0.916749
0.82977
-1.12128
5.47889
0.279172
-0.7633
0
-0.6431
0.916749
0.796251
-1.13829
5.30557
-0.25663
-0.4783
-0.091925
-0.141225
0.606251
0.724951
-1.13829
5.25829
-0.218876
-0.479575
-0.118175
-0.12135
0.624925
0.695199
-1.12128
5.27296
-0.204601
-0.76745
0.445
0.45715
0.633739
0.702975
-1.12128
5.31709
-0.239844
-0.76585
0.3489
0.5365
0.616307
0.730748
-1.13829
5.59827
-0.284683
-0.47725
0.0628
-0.155625
0.606251
0.897635
-1.13829
5.53975
-0.301959
-0.47655
0.03185
-0.164275
0.593389
0.86439
-1.12128
5.5357
-0.282158
-0.7636
-0.12215
0.631
0.6043
0.860915
-1.12128
5.59033
-0.266032
-0.7645
-0.2399
0.5951
0.616307
0.891948
-1.13829
5.53975
0.293527
-0.47655
0.03185
0.164275
0.928097
0.831026
-1.13829
5.59827
0.276251
-0.47725
0.0628
0.1556
0.921539
0.866206
-1.12128
5.59033
0.2576
-0.7645
-0.2399
-0.5951
0.910628
0.86261
-1.12128
5.5357
0.273726
-0.7636
-0.12215
-0.631
0.916749
0.82977
-0.129286
5.36404
-0.106557
0.256433
-0.223433
-0.6532
0.985963
0.316396
-0.122186
5.38388
-0.108653
0.3209
-0.113667
-0.665033
0.988233
0.328602
-0.115065
5.40372
-0.106709
0.386333
-0.00453333
-0.6522
0.988233
0.341035
-0.108195
5.4228
-0.100801
0.450533
0.1001
-0.615033
0.985963
0.353216
-0.10184
5.4404
-0.091156
0.511133
0.196467
-0.554533
0.981509
0.364678
-0.096246
5.45584
-0.078143
0.565567
0.281033
-0.4726
0.975043
0.374979
-0.091626
5.46851
-0.062263
0.6111
0.350567
-0.3721
0.966814
0.383725
-0.088158
5.47794
-0.044126
0.645167
0.402467
-0.256733
0.957137
0.390579
-0.085976
5.48377
-0.02443
0.665733
0.434767
-0.130933
0.946385
0.395277
-0.085164
5.48576
-0.003931
0.6715
0.4462
0.000233332
0.93497
0.397639
-0.085752
5.48384
0.016583
0.662067
0.436233
0.131433
0.923332
0.397575
-0.087718
5.4781
0.036323
0.6381
0.4051
0.2573
0.911917
0.395086
-0.090987
5.46873
0.054532
0.601167
0.3539
0.372633
0.901165
0.390269
-0.095432
5.45612
0.070509
0.553467
0.284567
0.472867
0.891488
0.383308
-0.100884
5.44073
0.083641
0.497633
0.199833
0.554233
0.883259
0.374471
-0.107132
5.42317
0.093422
0.436333
0.103067
0.613933
0.876793
0.364098
-0.113937
5.40411
0.099477
0.372067
-0.002
0.6502
0.872339
0.352587
-0.121036
5.38427
0.101573
0.307167
-0.1115
0.662033
0.870069
0.340381
-0.128157
5.36443
0.099629
0.243667
-0.221533
0.649267
0.870069
0.327948
-0.135028
5.34535
0.093721
0.1835
-0.328233
0.612333
0.872339
0.315767
-0.141382
5.32775
0.084075
0.128567
-0.427667
0.552233
0.876793
0.304305
-0.146977
5.31231
0.071062
0.0806333
-0.515933
0.470767
0.883259
0.294004
-0.151596
5.29964
0.055183
0.0413667
-0.5894
0.370533
0.891488
0.285258
-0.155064
5.29021
0.037046
0.0123
-0.644767
0.255067
0.901165
0.278405
-0.157246
5.28438
0.01735
-0.00526667
-0.679267
0.128767
0.911917
0.273706
-0.158058
5.28239
-0.003149
-0.0105
-0.691133
-0.00313333
0.923332
0.271344
-0.15747
5.28431
-0.023663
-0.00313334
-0.6797
-0.135
0.93497
0.271408
-0.155504
5.29006
-0.043404
0.0165
-0.645567
-0.261233
0.946385
0.273897
-0.152235
5.29942
-0.061612
0.0475333
-0.590533
-0.376567
0.957137
0.278714
-0.14779
5.31203
-0.07759
0.0887333
-0.517267
-0.476533
0.966814
0.285675
-0.142338
5.32742
-0.090721
0.1385
-0.429133
-0.557567
0.975043
0.294512
-0.13609
5.34498
-0.100502
0.195
-0.3299
-0.617033
0.981509
0.304885
-0.143803
5.48493
0.070824
0.2921
0.632425
0.7065
0.719811
0.033895
-0.152274
5.47078
0.083741
0.2388
0.494
0.829025
0.712382
0.038922
-0.100884
5.44073
0.083641
0.497633
0.199833
0.554233
0.695452
0.008753
-0.095432
5.45612
0.070509
0.553467
0.284567
0.472867
0.703567
0.005497
-0.161869
5.45466
0.093278
0.180225
0.3358
0.91925
0.703699
0.044597
-0.17222
5.43717
0.099068
0.119
0.164025
0.9739
0.694095
0.050704
-0.113937
5.40411
0.099477
0.372067
-0.002
0.6502
0.675489
0.016489
-0.107132
5.42317
0.093422
0.436333
0.103067
0.613933
0.685971
0.012464
-0.210822
5.36789
-0.092173
-0.10095
-0.522275
-0.824
0.267888
0.08233
-0.201227
5.38402
-0.10171
-0.04945
-0.3633
-0.915475
0.25965
0.076644
-0.13609
5.34498
-0.100502
0.195
-0.3299
-0.617033
0.285167
0.0409
-0.142338
5.32742
-0.090721
0.1385
-0.429133
-0.557567
0.29439
0.044703
-0.180165
5.41967
-0.109321
0.068025
-0.012375
-0.991125
0.241041
0.063112
-0.169509
5.43783
-0.107103
0.130125
0.165975
-0.9724
0.231385
0.055785
-0.115065
5.40372
-0.106709
0.386333
-0.00453333
-0.6522
0.253562
0.026036
-0.122186
5.38388
-0.108653
0.3209
-0.113667
-0.665033
0.264353
0.031383
-0.136783
5.49656
0.055023
0.337525
0.745675
0.5563
0.425494
0.621451
-0.143803
5.48493
0.070824
0.2921
0.632425
0.7065
0.435257
0.620536
-0.095432
5.45612
0.070509
0.553467
0.284567
0.472867
0.432701
0.652548
-0.090987
5.46873
0.054532
0.601167
0.3539
0.372633
0.422986
0.651846
-0.219293
5.35374
-0.079256
-0.145475
-0.6618
-0.70095
0.274982
0.086993
-0.210822
5.36789
-0.092173
-0.10095
-0.522275
-0.824
0.267888
0.08233
-0.142338
5.32742
-0.090721
0.1385
-0.429133
-0.557567
0.29439
0.044703
-0.14779
5.31203
-0.07759
0.0887333
-0.517267
-0.476533
0.302339
0.047667
-0.131484
5.50523
0.036946
0.372575
0.82945
0.3843
0.414692
0.621799
-0.136783
5.49656
0.055023
0.337525
0.745675
0.5563
0.425494
0.621451
-0.090987
5.46873
0.054532
0.601167
0.3539
0.372633
0.422986
0.651846
-0.087718
5.4781
0.036323
0.6381
0.4051
0.2573
0.412229
0.65093
-0.226312
5.34211
-0.063455
-0.181625
-0.776375
-0.55105
0.900191
0.053836
-0.219293
5.35374
-0.079256
-0.145475
-0.6618
-0.70095
0.892016
0.050552
-0.14779
5.31203
-0.07759
0.0887333
-0.517267
-0.476533
0.891086
0.005952
-0.152235
5.29942
-0.061612
0.0475333
-0.590533
-0.376567
0.899322
0.007666
-0.128108
5.51059
0.017287
0.39515
0.88075
0.197275
0.403265
0.621565
-0.131484
5.50523
0.036946
0.372575
0.82945
0.3843
0.414692
0.621799
-0.087718
5.4781
0.036323
0.6381
0.4051
0.2573
0.412229
0.65093
-0.085752
5.48384
0.016583
0.662067
0.436233
0.131433
0.400842
0.649838
-0.236309
5.32623
-0.005233
-0.231
-0.9316
-0.0018
0.93194
0.058559
-0.234987
5.32809
-0.025719
-0.225
-0.91395
-0.1946
0.920544
0.057918
-0.15747
5.28431
-0.023663
-0.00313334
-0.6797
-0.135
0.919757
0.009666
-0.158058
5.28239
-0.003149
-0.0105
-0.691133
-0.00313333
0.93117
0.009875
-0.126786
5.51244
-0.003199
0.40385
0.897825
0.002625
0.391652
0.620757
-0.128108
5.51059
0.017287
0.39515
0.88075
0.197275
0.403265
0.621565
-0.085752
5.48384
0.016583
0.662067
0.436233
0.131433
0.400842
0.649838
-0.085164
5.48576
-0.003931
0.6715
0.4462
0.000233332
0.389264
0.64861
-0.235527
5.32796
0.015291
-0.22625
-0.913875
0.19095
0.943573
0.058223
-0.236309
5.32623
-0.005233
-0.231
-0.9316
-0.0018
0.93194
0.058559
-0.158058
5.28239
-0.003149
-0.0105
-0.691133
-0.00313333
0.93117
0.009875
-0.157246
5.28438
0.01735
-0.00526667
-0.679267
0.128767
0.942804
0.00954
-0.127569
5.51072
-0.023723
0.3981
0.88015
-0.191975
0.380301
0.619409
-0.126786
5.51244
-0.003199
0.40385
0.897825
0.002625
0.391652
0.620757
-0.085164
5.48576
-0.003931
0.6715
0.4462
0.000233332
0.389264
0.64861
-0.085976
5.48377
-0.02443
0.665733
0.434767
-0.130933
0.377939
0.647293
-0.23267
5.33319
0.035066
-0.210925
-0.861525
0.376275
0.954996
0.056922
-0.235527
5.32796
0.015291
-0.22625
-0.913875
0.19095
0.943573
0.058223
-0.157246
5.28438
0.01735
-0.00526667
-0.679267
0.128767
0.942804
0.00954
-0.155064
5.29021
0.037046
0.0123
-0.644767
0.255067
0.954212
0.008673
-0.130426
5.50548
-0.043498
0.37825
0.8285
-0.37895
0.369647
0.61757
-0.127569
5.51072
-0.023723
0.3981
0.88015
-0.191975
0.380301
0.619409
-0.085976
5.48377
-0.02443
0.665733
0.434767
-0.130933
0.377939
0.647293
-0.088158
5.47794
-0.044126
0.645167
0.402467
-0.256733
0.367302
0.645939
-0.227849
5.34174
0.053331
-0.1855
-0.776625
0.5471
0.965771
0.054706
-0.23267
5.33319
0.035066
-0.210925
-0.861525
0.376275
0.954996
0.056922
-0.155064
5.29021
0.037046
0.0123
-0.644767
0.255067
0.954212
0.008673
-0.151596
5.29964
0.055183
0.0413667
-0.5894
0.370533
0.964955
0.007308
-0.135247
5.49693
-0.061763
0.345525
0.7448
-0.55105
0.360099
0.615312
-0.130426
5.50548
-0.043498
0.37825
0.8285
-0.37895
0.369647
0.61757
-0.088158
5.47794
-0.044126
0.645167
0.402467
-0.256733
0.367302
0.645939
-0.091626
5.46851
-0.062263
0.6111
0.350567
-0.3721
0.357763
0.644599
-0.221248
5.35326
0.069385
-0.150775
-0.66255
0.69705
0.975482
0.051659
-0.227849
5.34174
0.053331
-0.1855
-0.776625
0.5471
0.965771
0.054706
-0.151596
5.29964
0.055183
0.0413667
-0.5894
0.370533
0.964955
0.007308
-0.146977
5.31231
0.071062
0.0806333
-0.515933
0.470767
0.97462
0.005497
-0.141848
5.48541
-0.077817
0.301825
0.63205
-0.70165
0.205393
0.034909
-0.135247
5.49693
-0.061763
0.345525
0.7448
-0.55105
0.198832
0.02921
-0.091626
5.46851
-0.062263
0.6111
0.350567
-0.3721
0.217238
0.005497
-0.096246
5.45584
-0.078143
0.565567
0.281033
-0.4726
0.224549
0.010096
-0.213121
5.36733
0.08261
-0.107775
-0.52365
0.8205
0.654085
0.074688
-0.221248
5.35326
0.069385
-0.150775
-0.66255
0.69705
0.645613
0.079416
-0.146977
5.31231
0.071062
0.0806333
-0.515933
0.470767
0.622617
0.03582
-0.141382
5.32775
0.084075
0.128567
-0.427667
0.552233
0.63185
0.032577
-0.149975
5.47134
-0.091042
0.249575
0.4944
-0.824975
0.213212
0.041407
-0.141848
5.48541
-0.077817
0.301825
0.63205
-0.70165
0.205393
0.034909
-0.096246
5.45584
-0.078143
0.565567
0.281033
-0.4726
0.224549
0.010096
-0.10184
5.4404
-0.091156
0.511133
0.196467
-0.554533
0.23327
0.015184
-0.190875
5.4015
-0.1075
0.007475
-0.1911
-0.9719
0.250585
0.070155
-0.180165
5.41967
-0.109321
0.068025
-0.012375
-0.991125
0.241041
0.063112
-0.122186
5.38388
-0.108653
0.3209
-0.113667
-0.665033
0.264353
0.031383
-0.129286
5.36404
-0.106557
0.256433
-0.223433
-0.6532
0.275024
0.036402
-0.203781
5.3834
0.092499
-0.0577
-0.3652
0.912775
0.663543
0.069233
-0.213121
5.36733
0.08261
-0.107775
-0.52365
0.8205
0.654085
0.074688
-0.141382
5.32775
0.084075
0.128567
-0.427667
0.552233
0.63185
0.032577
-0.135028
5.34535
0.093721
0.1835
-0.328233
0.612333
0.642161
0.028875
-0.159314
5.45528
-0.100931
0.191475
0.337075
-0.91635
0.221988
0.048456
-0.149975
5.47134
-0.091042
0.249575
0.4944
-0.824975
0.213212
0.041407
-0.10184
5.4404
-0.091156
0.511133
0.196467
-0.554533
0.23327
0.015184
-0.108195
5.4228
-0.100801
0.450533
0.1001
-0.615033
0.243067
0.020566
-0.231612
5.33345
-0.045378
-0.208375
-0.861525
-0.380075
0.909824
0.056323
-0.226312
5.34211
-0.063455
-0.181625
-0.776375
-0.55105
0.900191
0.053836
-0.152235
5.29942
-0.061612
0.0475333
-0.590533
-0.376567
0.899322
0.007666
-0.155504
5.29006
-0.043404
0.0165
-0.645567
-0.261233
0.909003
0.00892
-0.193587
5.40084
0.098671
-0.002
-0.193325
0.970375
0.673624
0.063263
-0.203781
5.3834
0.092499
-0.0577
-0.3652
0.912775
0.663543
0.069233
-0.135028
5.34535
0.093721
0.1835
-0.328233
0.612333
0.642161
0.028875
-0.128157
5.36443
0.099629
0.243667
-0.221533
0.649267
0.653155
0.024855
-0.169509
5.43783
-0.107103
0.130125
0.165975
-0.9724
0.231385
0.055785
-0.159314
5.45528
-0.100931
0.191475
0.337075
-0.91635
0.221988
0.048456
-0.108195
5.4228
-0.100801
0.450533
0.1001
-0.615033
0.243067
0.020566
-0.115065
5.40372
-0.106709
0.386333
-0.00453333
-0.6522
0.253562
0.026036
-0.234987
5.32809
-0.025719
-0.225
-0.91395
-0.1946
0.920544
0.057918
-0.231612
5.33345
-0.045378
-0.208375
-0.861525
-0.380075
0.909824
0.056323
-0.155504
5.29006
-0.043404
0.0165
-0.645567
-0.261233
0.909003
0.00892
-0.15747
5.28431
-0.023663
-0.00313334
-0.6797
-0.135
0.919757
0.009666
-0.18293
5.419
0.100889
0.05755
-0.01465
0.991075
0.68394
0.057007
-0.193587
5.40084
0.098671
-0.002
-0.193325
0.970375
0.673624
0.063263
-0.128157
5.36443
0.099629
0.243667
-0.221533
0.649267
0.653155
0.024855
-0.121036
5.38427
0.101573
0.307167
-0.1115
0.662033
0.664408
0.020673
-0.152274
5.47078
0.083741
0.2388
0.494
0.829025
0.712382
0.038922
-0.161869
5.45466
0.093278
0.180225
0.3358
0.91925
0.703699
0.044597
-0.107132
5.42317
0.093422
0.436333
0.103067
0.613933
0.685971
0.012464
-0.100884
5.44073
0.083641
0.497633
0.199833
0.554233
0.695452
0.008753
-0.17222
5.43717
0.099068
0.119
0.164025
0.9739
0.694095
0.050704
-0.18293
5.419
0.100889
0.05755
-0.01465
0.991075
0.68394
0.057007
-0.121036
5.38427
0.101573
0.307167
-0.1115
0.662033
0.664408
0.020673
-0.113937
5.40411
0.099477
0.372067
-0.002
0.6502
0.675489
0.016489
