2.89516
3.08153
0.228561
-0.113
-0.0755
0.9907
0.603149
0.825746
2.94954
3.00015
0.228561
-0.09425
-0.09425
0.9907
0.584889
0.833273
3.15091
3.20152
0.266863
-0.09425
-0.09425
0.9907
0.57367
0.777141
3.1274
3.2367
0.266863
-0.113
-0.0755
0.9907
0.581564
0.773887
3.49627
2.8914
0.228561
0.051
-0.1231
0.9907
0.480887
0.790402
3.57765
2.94577
0.228561
0.0755
-0.113
0.9907
0.473324
0.77223
3.42247
3.17801
0.266863
0.0755
-0.113
0.9907
0.525435
0.75075
3.38729
3.1545
0.266863
0.051
-0.1231
0.9907
0.528705
0.758606
3.1123
3.81839
0.228561
-0.051
0.1231
0.9907
0.649362
0.678376
3.03092
3.76401
0.228561
-0.0755
0.113
0.9907
0.656925
0.696548
3.18609
3.53177
0.266863
-0.0755
0.113
0.9907
0.604814
0.718029
3.22128
3.55528
0.266863
-0.051
0.1231
0.9907
0.601544
0.710172
2.82169
3.2589
0.228561
-0.1332
-0.0265
0.9907
0.635386
0.804311
2.84079
3.16291
0.228561
-0.1231
-0.051
0.9907
0.62141
0.818219
3.10389
3.27189
0.266863
-0.1231
-0.051
0.9907
0.589459
0.770633
3.09564
3.31339
0.266863
-0.1332
-0.0265
0.9907
0.595502
0.76462
3.80596
3.35489
0.228561
0.1332
0
0.9907
0.480887
0.678376
3.78687
3.45089
0.228561
0.1332
0.0265
0.9907
0.494863
0.664468
3.51293
3.39639
0.266863
0.1332
0.0265
0.9907
0.534747
0.704159
3.52118
3.35489
0.266863
0.1332
0
0.9907
0.528705
0.710172
2.94954
3.70964
0.228561
-0.09425
0.09425
0.9907
0.664489
0.71472
2.89516
3.62826
0.228561
-0.113
0.0755
0.9907
0.664489
0.734389
3.1274
3.47308
0.266863
-0.113
0.0755
0.9907
0.608084
0.734389
3.15091
3.50826
0.266863
-0.09425
0.09425
0.9907
0.608084
0.725885
2.82169
3.45089
0.228561
-0.1332
0.0265
0.9907
0.656925
0.77223
2.8026
3.35489
0.228561
-0.1332
0
0.9907
0.649361
0.790402
3.08738
3.35489
0.266863
-0.1332
0
0.9907
0.601544
0.758606
3.09564
3.39639
0.266863
-0.1332
0.0265
0.9907
0.604814
0.75075
3.49627
3.81839
0.228561
0.051
0.1231
0.9907
0.584889
0.635505
3.40027
3.83748
0.228561
0.0265
0.1332
0.9907
0.60315
0.643033
3.34578
3.56354
0.266863
0.0265
0.1332
0.9907
0.581564
0.694891
3.38729
3.55528
0.266863
0.051
0.1231
0.9907
0.57367
0.691637
2.8026
3.35489
0.228561
-0.1332
0
0.9907
0.649361
0.790402
2.82169
3.2589
0.228561
-0.1332
-0.0265
0.9907
0.635386
0.804311
3.09564
3.31339
0.266863
-0.1332
-0.0265
0.9907
0.595502
0.76462
3.08738
3.35489
0.266863
-0.1332
0
0.9907
0.601544
0.758606
2.89516
3.62826
0.228561
-0.113
0.0755
0.9907
0.664489
0.734389
2.84079
3.54688
0.228561
-0.1231
0.051
0.9907
0.664489
0.754059
3.10389
3.4379
0.266863
-0.1231
0.051
0.9907
0.608084
0.742893
3.1274
3.47308
0.266863
-0.113
0.0755
0.9907
0.608084
0.734389
3.40027
3.83748
0.228561
0.0265
0.1332
0.9907
0.60315
0.643033
3.30428
3.85657
0.228561
0
0.1332
0.9907
0.62141
0.65056
3.30428
3.57179
0.266863
0
0.1332
0.9907
0.589459
0.698146
3.34578
3.56354
0.266863
0.0265
0.1332
0.9907
0.581564
0.694891
2.84079
3.16291
0.228561
-0.1231
-0.051
0.9907
0.62141
0.818219
2.89516
3.08153
0.228561
-0.113
-0.0755
0.9907
0.603149
0.825746
3.1274
3.2367
0.266863
-0.113
-0.0755
0.9907
0.581564
0.773887
3.10389
3.27189
0.266863
-0.1231
-0.051
0.9907
0.589459
0.770633
3.03092
3.76401
0.228561
-0.0755
0.113
0.9907
0.656925
0.696548
2.94954
3.70964
0.228561
-0.09425
0.09425
0.9907
0.664489
0.71472
3.15091
3.50826
0.266863
-0.09425
0.09425
0.9907
0.608084
0.725885
3.18609
3.53177
0.266863
-0.0755
0.113
0.9907
0.604814
0.718029
3.57765
3.76401
0.228561
0.0755
0.113
0.9907
0.565124
0.635505
3.49627
3.81839
0.228561
0.051
0.1231
0.9907
0.584889
0.635505
3.38729
3.55528
0.266863
0.051
0.1231
0.9907
0.57367
0.691637
3.42247
3.53177
0.266863
0.0755
0.113
0.9907
0.565124
0.691637
3.1123
2.8914
0.228561
-0.051
-0.1231
0.9907
0.54536
0.833273
3.20829
2.8723
0.228561
-0.0265
-0.1332
0.9907
0.527099
0.825746
3.26278
3.14625
0.266863
-0.0265
-0.1332
0.9907
0.548684
0.773887
3.22128
3.1545
0.266863
-0.051
-0.1231
0.9907
0.556579
0.777141
3.20829
3.83748
0.228561
-0.0265
0.1332
0.9907
0.635386
0.664468
3.1123
3.81839
0.228561
-0.051
0.1231
0.9907
0.649362
0.678376
3.22128
3.55528
0.266863
-0.051
0.1231
0.9907
0.601544
0.710172
3.26278
3.56354
0.266863
-0.0265
0.1332
0.9907
0.595502
0.704159
3.7134
3.62826
0.228561
0.113
0.0755
0.9907
0.527099
0.643033
3.65902
3.70964
0.228561
0.09425
0.09425
0.9907
0.54536
0.635505
3.45765
3.50826
0.266863
0.09425
0.09425
0.9907
0.556579
0.691637
3.48116
3.47308
0.266863
0.113
0.0755
0.9907
0.548684
0.694891
3.30428
2.85321
0.228561
0
-0.1332
0.9907
0.508839
0.818219
3.40027
2.8723
0.228561
0.0265
-0.1332
0.9907
0.494863
0.804311
3.34578
3.14625
0.266863
0.0265
-0.1332
0.9907
0.534747
0.76462
3.30428
3.13799
0.266863
0
-0.1332
0.9907
0.54079
0.770633
3.78687
3.45089
0.228561
0.1332
0.0265
0.9907
0.494863
0.664468
3.76778
3.54688
0.228561
0.1231
0.051
0.9907
0.508839
0.65056
3.50467
3.4379
0.266863
0.1231
0.051
0.9907
0.54079
0.698146
3.51293
3.39639
0.266863
0.1332
0.0265
0.9907
0.534747
0.704159
3.65902
3.00015
0.228561
0.09425
-0.09425
0.9907
0.46576
0.754058
3.7134
3.08153
0.228561
0.113
-0.0755
0.9907
0.46576
0.734389
3.48116
3.2367
0.266863
0.113
-0.0755
0.9907
0.522165
0.734389
3.45765
3.20152
0.266863
0.09425
-0.09425
0.9907
0.522165
0.742893
3.78687
3.2589
0.228561
0.1332
-0.0265
0.9907
0.473324
0.696548
3.80596
3.35489
0.228561
0.1332
0
0.9907
0.480887
0.678376
3.52118
3.35489
0.266863
0.1332
0
0.9907
0.528705
0.710172
3.51293
3.31339
0.266863
0.1332
-0.0265
0.9907
0.525435
0.718029
3.76778
3.16291
0.228561
0.1231
-0.051
0.9907
0.46576
0.71472
3.78687
3.2589
0.228561
0.1332
-0.0265
0.9907
0.473324
0.696548
3.51293
3.31339
0.266863
0.1332
-0.0265
0.9907
0.525435
0.718029
3.50467
3.27189
0.266863
0.1231
-0.051
0.9907
0.522165
0.725885
3.7134
3.08153
0.228561
0.113
-0.0755
0.9907
0.46576
0.734389
3.76778
3.16291
0.228561
0.1231
-0.051
0.9907
0.46576
0.71472
3.50467
3.27189
0.266863
0.1231
-0.051
0.9907
0.522165
0.725885
3.48116
3.2367
0.266863
0.113
-0.0755
0.9907
0.522165
0.734389
3.76778
3.54688
0.228561
0.1231
0.051
0.9907
0.508839
0.65056
3.7134
3.62826
0.228561
0.113
0.0755
0.9907
0.527099
0.643033
3.48116
3.47308
0.266863
0.113
0.0755
0.9907
0.548684
0.694891
3.50467
3.4379
0.266863
0.1231
0.051
0.9907
0.54079
0.698146
3.57765
2.94577
0.228561
0.0755
-0.113
0.9907
0.473324
0.77223
3.65902
3.00015
0.228561
0.09425
-0.09425
0.9907
0.46576
0.754058
3.45765
3.20152
0.266863
0.09425
-0.09425
0.9907
0.522165
0.742893
3.42247
3.17801
0.266863
0.0755
-0.113
0.9907
0.525435
0.75075
3.65902
3.70964
0.228561
0.09425
0.09425
0.9907
0.54536
0.635505
3.57765
3.76401
0.228561
0.0755
0.113
0.9907
0.565124
0.635505
3.42247
3.53177
0.266863
0.0755
0.113
0.9907
0.565124
0.691637
3.45765
3.50826
0.266863
0.09425
0.09425
0.9907
0.556579
0.691637
3.40027
2.8723
0.228561
0.0265
-0.1332
0.9907
0.494863
0.804311
3.49627
2.8914
0.228561
0.051
-0.1231
0.9907
0.480887
0.790402
3.38729
3.1545
0.266863
0.051
-0.1231
0.9907
0.528705
0.758606
3.34578
3.14625
0.266863
0.0265
-0.1332
0.9907
0.534747
0.76462
3.30428
3.85657
0.228561
0
0.1332
0.9907
0.62141
0.65056
3.20829
3.83748
0.228561
-0.0265
0.1332
0.9907
0.635386
0.664468
3.26278
3.56354
0.266863
-0.0265
0.1332
0.9907
0.595502
0.704159
3.30428
3.57179
0.266863
0
0.1332
0.9907
0.589459
0.698146
3.20829
2.8723
0.228561
-0.0265
-0.1332
0.9907
0.527099
0.825746
3.30428
2.85321
0.228561
0
-0.1332
0.9907
0.508839
0.818219
3.30428
3.13799
0.266863
0
-0.1332
0.9907
0.54079
0.770633
3.26278
3.14625
0.266863
-0.0265
-0.1332
0.9907
0.548684
0.773887
2.84079
3.54688
0.228561
-0.1231
0.051
0.9907
0.664489
0.754059
2.82169
3.45089
0.228561
-0.1332
0.0265
0.9907
0.656925
0.77223
3.09564
3.39639
0.266863
-0.1332
0.0265
0.9907
0.604814
0.75075
3.10389
3.4379
0.266863
-0.1231
0.051
0.9907
0.608084
0.742893
3.03092
2.94577
0.228561
-0.0755
-0.113
0.9907
0.565124
0.833273
3.1123
2.8914
0.228561
-0.051
-0.1231
0.9907
0.54536
0.833273
3.22128
3.1545
0.266863
-0.051
-0.1231
0.9907
0.556579
0.777141
3.18609
3.17801
0.266863
-0.0755
-0.113
0.9907
0.565124
0.777141
2.94954
3.00015
0.228561
-0.09425
-0.09425
0.9907
0.584889
0.833273
3.03092
2.94577
0.228561
-0.0755
-0.113
0.9907
0.565124
0.833273
3.18609
3.17801
0.266863
-0.0755
-0.113
0.9907
0.565124
0.777141
3.15091
3.20152
0.266863
-0.09425
-0.09425
0.9907
0.57367
0.777141
2.89516
3.08153
-0.228561
-0.113
-0.0755
-0.9907
0.473324
0.067072
3.1274
3.2367
-0.266863
-0.113
-0.0755
-0.9907
0.525435
0.088552
3.15091
3.20152
-0.266863
-0.09425
-0.09425
-0.9907
0.522165
0.096409
2.94954
3.00015
-0.228561
-0.09425
-0.09425
-0.9907
0.46576
0.085244
3.49627
2.8914
-0.228561
0.051
-0.1231
-0.9907
0.508839
0.188742
3.38729
3.1545
-0.266863
0.051
-0.1231
-0.9907
0.54079
0.141156
3.42247
3.17801
-0.266863
0.0755
-0.113
-0.9907
0.548684
0.144411
3.57765
2.94577
-0.228561
0.0755
-0.113
-0.9907
0.527099
0.196269
3.1123
3.81839
-0.228561
-0.051
0.1231
-0.9907
0.62141
0.021083
3.22128
3.55528
-0.266863
-0.051
0.1231
-0.9907
0.589459
0.068669
3.18609
3.53177
-0.266863
-0.0755
0.113
-0.9907
0.581565
0.065415
3.03092
3.76401
-0.228561
-0.0755
0.113
-0.9907
0.60315
0.013556
2.82169
3.2589
-0.228561
-0.1332
-0.0265
-0.9907
0.494863
0.034991
3.09564
3.31339
-0.266863
-0.1332
-0.0265
-0.9907
0.534747
0.074682
3.10389
3.27189
-0.266863
-0.1231
-0.051
-0.9907
0.528705
0.080696
2.84079
3.16291
-0.228561
-0.1231
-0.051
-0.9907
0.480887
0.0489
3.80596
3.35489
-0.228561
0.1332
0
-0.9907
0.62141
0.188742
3.52118
3.35489
-0.266863
0.1332
0
-0.9907
0.589459
0.141156
3.51293
3.39639
-0.266863
0.1332
0.0265
-0.9907
0.595502
0.135143
3.78687
3.45089
-0.228561
0.1332
0.0265
-0.9907
0.635386
0.174834
2.94954
3.70964
-0.228561
-0.09425
0.09425
-0.9907
0.584889
0.006029
3.15091
3.50826
-0.266863
-0.09425
0.09425
-0.9907
0.57367
0.062161
3.1274
3.47308
-0.266863
-0.113
0.0755
-0.9907
0.565125
0.062161
2.89516
3.62826
-0.228561
-0.113
0.0755
-0.9907
0.565125
0.006029
2.82169
3.45089
-0.228561
-0.1332
0.0265
-0.9907
0.527099
0.013556
3.09564
3.39639
-0.266863
-0.1332
0.0265
-0.9907
0.548684
0.065415
3.08738
3.35489
-0.266863
-0.1332
0
-0.9907
0.54079
0.068669
2.8026
3.35489
-0.228561
-0.1332
0
-0.9907
0.508839
0.021083
3.49627
3.81839
-0.228561
0.051
0.1231
-0.9907
0.664489
0.085244
3.38729
3.55528
-0.266863
0.051
0.1231
-0.9907
0.608084
0.096409
3.34578
3.56354
-0.266863
0.0265
0.1332
-0.9907
0.604814
0.088552
3.40027
3.83748
-0.228561
0.0265
0.1332
-0.9907
0.656925
0.067072
2.8026
3.35489
-0.228561
-0.1332
0
-0.9907
0.508839
0.021083
3.08738
3.35489
-0.266863
-0.1332
0
-0.9907
0.54079
0.068669
3.09564
3.31339
-0.266863
-0.1332
-0.0265
-0.9907
0.534747
0.074682
2.82169
3.2589
-0.228561
-0.1332
-0.0265
-0.9907
0.494863
0.034991
2.89516
3.62826
-0.228561
-0.113
0.0755
-0.9907
0.565125
0.006029
3.1274
3.47308
-0.266863
-0.113
0.0755
-0.9907
0.565125
0.062161
3.10389
3.4379
-0.266863
-0.1231
0.051
-0.9907
0.556579
0.062161
2.84079
3.54688
-0.228561
-0.1231
0.051
-0.9907
0.54536
0.006029
3.40027
3.83748
-0.228561
0.0265
0.1332
-0.9907
0.656925
0.067072
3.34578
3.56354
-0.266863
0.0265
0.1332
-0.9907
0.604814
0.088552
3.30428
3.57179
-0.266863
0
0.1332
-0.9907
0.601544
0.080696
3.30428
3.85657
-0.228561
0
0.1332
-0.9907
0.649361
0.0489
2.84079
3.16291
-0.228561
-0.1231
-0.051
-0.9907
0.480887
0.0489
3.10389
3.27189
-0.266863
-0.1231
-0.051
-0.9907
0.528705
0.080696
3.1274
3.2367
-0.266863
-0.113
-0.0755
-0.9907
0.525435
0.088552
2.89516
3.08153
-0.228561
-0.113
-0.0755
-0.9907
0.473324
0.067072
3.03092
3.76401
-0.228561
-0.0755
0.113
-0.9907
0.60315
0.013556
3.18609
3.53177
-0.266863
-0.0755
0.113
-0.9907
0.581565
0.065415
3.15091
3.50826
-0.266863
-0.09425
0.09425
-0.9907
0.57367
0.062161
2.94954
3.70964
-0.228561
-0.09425
0.09425
-0.9907
0.584889
0.006029
3.57765
3.76401
-0.228561
0.0755
0.113
-0.9907
0.664489
0.104913
3.42247
3.53177
-0.266863
0.0755
0.113
-0.9907
0.608084
0.104913
3.38729
3.55528
-0.266863
0.051
0.1231
-0.9907
0.608084
0.096409
3.49627
3.81839
-0.228561
0.051
0.1231
-0.9907
0.664489
0.085244
3.1123
2.8914
-0.228561
-0.051
-0.1231
-0.9907
0.46576
0.124582
3.22128
3.1545
-0.266863
-0.051
-0.1231
-0.9907
0.522165
0.113417
3.26278
3.14625
-0.266863
-0.0265
-0.1332
-0.9907
0.525435
0.121273
3.20829
2.8723
-0.228561
-0.0265
-0.1332
-0.9907
0.473324
0.142754
3.20829
3.83748
-0.228561
-0.0265
0.1332
-0.9907
0.635386
0.034991
3.26278
3.56354
-0.266863
-0.0265
0.1332
-0.9907
0.595502
0.074682
3.22128
3.55528
-0.266863
-0.051
0.1231
-0.9907
0.589459
0.068669
3.1123
3.81839
-0.228561
-0.051
0.1231
-0.9907
0.62141
0.021083
3.7134
3.62826
-0.228561
0.113
0.0755
-0.9907
0.656925
0.142754
3.48116
3.47308
-0.266863
0.113
0.0755
-0.9907
0.604814
0.121273
3.45765
3.50826
-0.266863
0.09425
0.09425
-0.9907
0.608084
0.113417
3.65902
3.70964
-0.228561
0.09425
0.09425
-0.9907
0.664489
0.124582
3.30428
2.85321
-0.228561
0
-0.1332
-0.9907
0.480887
0.160926
3.30428
3.13799
-0.266863
0
-0.1332
-0.9907
0.528705
0.12913
3.34578
3.14625
-0.266863
0.0265
-0.1332
-0.9907
0.534747
0.135143
3.40027
2.8723
-0.228561
0.0265
-0.1332
-0.9907
0.494863
0.174834
3.78687
3.45089
-0.228561
0.1332
0.0265
-0.9907
0.635386
0.174834
3.51293
3.39639
-0.266863
0.1332
0.0265
-0.9907
0.595502
0.135143
3.50467
3.4379
-0.266863
0.1231
0.051
-0.9907
0.601544
0.12913
3.76778
3.54688
-0.228561
0.1231
0.051
-0.9907
0.649361
0.160926
3.65902
3.00015
-0.228561
0.09425
-0.09425
-0.9907
0.54536
0.203797
3.45765
3.20152
-0.266863
0.09425
-0.09425
-0.9907
0.556579
0.147665
3.48116
3.2367
-0.266863
0.113
-0.0755
-0.9907
0.565124
0.147665
3.7134
3.08153
-0.228561
0.113
-0.0755
-0.9907
0.565124
0.203797
3.78687
3.2589
-0.228561
0.1332
-0.0265
-0.9907
0.60315
0.196269
3.51293
3.31339
-0.266863
0.1332
-0.0265
-0.9907
0.581564
0.144411
3.52118
3.35489
-0.266863
0.1332
0
-0.9907
0.589459
0.141156
3.80596
3.35489
-0.228561
0.1332
0
-0.9907
0.62141
0.188742
3.76778
3.16291
-0.228561
0.1231
-0.051
-0.9907
0.584889
0.203797
3.50467
3.27189
-0.266863
0.1231
-0.051
-0.9907
0.57367
0.147665
3.51293
3.31339
-0.266863
0.1332
-0.0265
-0.9907
0.581564
0.144411
3.78687
3.2589
-0.228561
0.1332
-0.0265
-0.9907
0.60315
0.196269
3.7134
3.08153
-0.228561
0.113
-0.0755
-0.9907
0.565124
0.203797
3.48116
3.2367
-0.266863
0.113
-0.0755
-0.9907
0.565124
0.147665
3.50467
3.27189
-0.266863
0.1231
-0.051
-0.9907
0.57367
0.147665
3.76778
3.16291
-0.228561
0.1231
-0.051
-0.9907
0.584889
0.203797
3.76778
3.54688
-0.228561
0.1231
0.051
-0.9907
0.649361
0.160926
3.50467
3.4379
-0.266863
0.1231
0.051
-0.9907
0.601544
0.12913
3.48116
3.47308
-0.266863
0.113
0.0755
-0.9907
0.604814
0.121273
3.7134
3.62826
-0.228561
0.113
0.0755
-0.9907
0.656925
0.142754
3.57765
2.94577
-0.228561
0.0755
-0.113
-0.9907
0.527099
0.196269
3.42247
3.17801
-0.266863
0.0755
-0.113
-0.9907
0.548684
0.144411
3.45765
3.20152
-0.266863
0.09425
-0.09425
-0.9907
0.556579
0.147665
3.65902
3.00015
-0.228561
0.09425
-0.09425
-0.9907
0.54536
0.203797
3.65902
3.70964
-0.228561
0.09425
0.09425
-0.9907
0.664489
0.124582
3.45765
3.50826
-0.266863
0.09425
0.09425
-0.9907
0.608084
0.113417
3.42247
3.53177
-0.266863
0.0755
0.113
-0.9907
0.608084
0.104913
3.57765
3.76401
-0.228561
0.0755
0.113
-0.9907
0.664489
0.104913
3.40027
2.8723
-0.228561
0.0265
-0.1332
-0.9907
0.494863
0.174834
3.34578
3.14625
-0.266863
0.0265
-0.1332
-0.9907
0.534747
0.135143
3.38729
3.1545
-0.266863
0.051
-0.1231
-0.9907
0.54079
0.141156
3.49627
2.8914
-0.228561
0.051
-0.1231
-0.9907
0.508839
0.188742
3.30428
3.85657
-0.228561
0
0.1332
-0.9907
0.649361
0.0489
3.30428
3.57179
-0.266863
0
0.1332
-0.9907
0.601544
0.080696
3.26278
3.56354
-0.266863
-0.0265
0.1332
-0.9907
0.595502
0.074682
3.20829
3.83748
-0.228561
-0.0265
0.1332
-0.9907
0.635386
0.034991
3.20829
2.8723
-0.228561
-0.0265
-0.1332
-0.9907
0.473324
0.142754
3.26278
3.14625
-0.266863
-0.0265
-0.1332
-0.9907
0.525435
0.121273
3.30428
3.13799
-0.266863
0
-0.1332
-0.9907
0.528705
0.12913
3.30428
2.85321
-0.228561
0
-0.1332
-0.9907
0.480887
0.160926
2.84079
3.54688
-0.228561
-0.1231
0.051
-0.9907
0.54536
0.006029
3.10389
3.4379
-0.266863
-0.1231
0.051
-0.9907
0.556579
0.062161
3.09564
3.39639
-0.266863
-0.1332
0.0265
-0.9907
0.548684
0.065415
2.82169
3.45089
-0.228561
-0.1332
0.0265
-0.9907
0.527099
0.013556
3.03092
2.94577
-0.228561
-0.0755
-0.113
-0.9907
0.46576
0.104913
3.18609
3.17801
-0.266863
-0.0755
-0.113
-0.9907
0.522165
0.104913
3.22128
3.1545
-0.266863
-0.051
-0.1231
-0.9907
0.522165
0.113417
3.1123
2.8914
-0.228561
-0.051
-0.1231
-0.9907
0.46576
0.124582
2.94954
3.00015
-0.228561
-0.09425
-0.09425
-0.9907
0.46576
0.085244
3.15091
3.20152
-0.266863
-0.09425
-0.09425
-0.9907
0.522165
0.096409
3.18609
3.17801
-0.266863
-0.0755
-0.113
-0.9907
0.522165
0.104913
3.03092
2.94577
-0.228561
-0.0755
-0.113
-0.9907
0.46576
0.104913
