1.53508
3.82374
-0.106144
-0.105367
-0.316233
-0.643933
0.588496
0.608581
1.60219
4.02514
-0.106144
0.00575
0.008325
-0.962225
0.573954
0.278088
1.65254
4.00836
-0.091923
0.5009
-0.08045
-0.805225
0.650794
0.274775
1.58543
3.80696
-0.091923
0.200067
-0.418
-0.557667
0.665335
0.605268
1.58543
3.80696
-0.091923
0.200067
-0.418
-0.557667
0.665335
0.605268
1.65254
4.00836
-0.091923
0.5009
-0.08045
-0.805225
0.650794
0.274775
1.6894
3.99608
-0.053072
0.817425
-0.00254999
-0.417075
0.710918
0.274528
1.62229
3.79468
-0.053072
0.4237
-0.492533
-0.321967
0.72546
0.605021
1.62229
3.79468
-0.053072
0.4237
-0.492533
-0.321967
0.789652
0.341086
1.6894
3.99608
-0.053072
0.817425
-0.00254999
-0.417075
0.789652
0.106787
1.70289
3.99158
0
0.897
0.0804
0
0.86499
0.122483
1.63578
3.79018
0
0.505567
-0.519833
0
0.86499
0.356782
1.63578
3.79018
0
0.505567
-0.519833
0
0.86499
0.356782
1.70289
3.99158
0
0.897
0.0804
0
0.86499
0.122483
1.6894
3.99608
0.053072
0.817425
-0.00254999
0.417075
0.940328
0.106787
1.62229
3.79468
0.053072
0.4237
-0.492533
0.321967
0.940328
0.341086
1.62229
3.79468
0.053072
0.4237
-0.492533
0.321967
0.940328
0.341086
1.6894
3.99608
0.053072
0.817425
-0.00254999
0.417075
0.940328
0.106787
1.65254
4.00836
0.091923
0.5009
-0.08045
0.805225
0.99548
0.063904
1.58543
3.80696
0.091923
0.200067
-0.418
0.557667
0.99548
0.298203
1.58543
3.80696
0.091923
0.200067
-0.418
0.557667
0.007512
0.634974
1.65254
4.00836
0.091923
0.5009
-0.08045
0.805225
0.044873
0.307023
1.60219
4.02514
0.106144
0.00575
0.008325
0.962225
0.109211
0.319272
1.53508
3.82374
0.106144
-0.105367
-0.316233
0.643933
0.071851
0.647223
1.53508
3.82374
0.106144
-0.105367
-0.316233
0.643933
0.071851
0.647223
1.60219
4.02514
0.106144
0.00575
0.008325
0.962225
0.109211
0.319272
1.55184
4.04191
0.091923
-0.459475
0.178875
0.829125
0.186438
0.330259
1.48473
3.84051
0.091923
-0.4108
-0.214467
0.557667
0.149078
0.65821
1.48473
3.84051
0.091923
-0.4108
-0.214467
0.557667
0.149078
0.65821
1.55184
4.04191
0.091923
-0.459475
0.178875
0.829125
0.186438
0.330259
1.51498
4.0542
0.053072
-0.77975
0.3165
0.4733
0.255861
0.337042
1.44787
3.8528
0.053072
-0.634433
-0.139933
0.321967
0.2185
0.664993
1.44787
3.8528
0.053072
-0.634433
-0.139933
0.321967
0.279074
0.632795
1.51498
4.0542
0.053072
-0.77975
0.3165
0.4733
0.266166
0.340128
1.50149
4.05869
0
-0.893
0.3673
0
0.333119
0.357848
1.43438
3.85729
0
-0.7163
-0.112633
0
0.346027
0.650514
1.43438
3.85729
0
-0.7163
-0.112633
0
0.346027
0.650514
1.50149
4.05869
0
-0.893
0.3673
0
0.333119
0.357848
1.51498
4.0542
-0.053072
-0.77975
0.3165
-0.4733
0.411036
0.355141
1.44787
3.8528
-0.053072
-0.634433
-0.139933
-0.321967
0.423944
0.647807
1.65254
4.00836
0.091923
0.5009
-0.08045
0.805225
0.99548
0.063904
1.6894
3.99608
0.053072
0.817425
-0.00254999
0.417075
0.940328
0.106787
1.68021
4.02161
0.053072
0.6823
-0.19875
0.4146
0.940328
0.064726
1.65716
4.05289
0.091923
0.421
-0.1968
0.803625
0.99548
0.00497
1.44787
3.8528
-0.053072
-0.634433
-0.139933
-0.321967
0.423944
0.647807
1.51498
4.0542
-0.053072
-0.77975
0.3165
-0.4733
0.411036
0.355141
1.55184
4.04191
-0.091923
-0.459475
0.178875
-0.829125
0.47904
0.332733
1.48473
3.84051
-0.091923
-0.4108
-0.214467
-0.557667
0.491948
0.6254
1.48473
3.84051
-0.091923
-0.4108
-0.214467
-0.557667
0.51553
0.614073
1.55184
4.04191
-0.091923
-0.459475
0.178875
-0.829125
0.500989
0.28358
1.60219
4.02514
-0.106144
0.00575
0.008325
-0.962225
0.573954
0.278088
1.53508
3.82374
-0.106144
-0.105367
-0.316233
-0.643933
0.588496
0.608581
1.53508
3.82374
-0.106144
-0.105367
-0.316233
-0.643933
0.685529
0.624014
1.58543
3.80696
-0.091923
0.200067
-0.418
-0.557667
0.753076
0.666895
1.62229
3.79468
-0.053072
0.4237
-0.492533
-0.321967
0.792074
0.741168
1.63578
3.79018
0
0.505567
-0.519833
0
0.792074
0.82693
1.62229
3.79468
0.053072
0.4237
-0.492533
0.321967
0.753076
0.901203
1.58543
3.80696
0.091923
0.200067
-0.418
0.557667
0.685529
0.944084
1.53508
3.82374
0.106144
-0.105367
-0.316233
0.643933
0.607533
0.944084
1.48473
3.84051
0.091923
-0.4108
-0.214467
0.557667
0.539987
0.901203
1.44787
3.8528
0.053072
-0.634433
-0.139933
0.321967
0.500989
0.82693
1.43438
3.85729
0
-0.7163
-0.112633
0
0.500989
0.741168
1.44787
3.8528
-0.053072
-0.634433
-0.139933
-0.321967
0.539987
0.666895
1.48473
3.84051
-0.091923
-0.4108
-0.214467
-0.557667
0.607533
0.624014
1.62567
4.09561
0.106144
0.006725
0.0089
0.96185
0.122284
0.204521
1.65716
4.05289
0.091923
0.421
-0.1968
0.803625
0.065493
0.241632
1.70825
4.09213
0.091923
0.503933
-0.122467
0.555533
0.026792
0.151275
1.68684
4.14069
0.106144
0.306333
0.1352
0.643433
0.074822
0.098984
1.6894
3.99608
0.053072
0.817425
-0.00254999
0.417075
0.940328
0.106787
1.70289
3.99158
0
0.897
0.0804
0
0.86499
0.122483
1.68865
4.01016
-0
0.7425
-0.14315
0
0.86499
0.086597
1.68021
4.02161
0.053072
0.6823
-0.19875
0.4146
0.940328
0.064726
1.60219
4.02514
-0.106144
0.00575
0.008325
-0.962225
0.573954
0.278088
1.55184
4.04191
-0.091923
-0.459475
0.178875
-0.829125
0.500989
0.28358
1.59418
4.13833
-0.091923
-0.37145
0.3005
-0.82805
0.507487
0.119533
1.62567
4.09561
-0.106144
0.006725
0.0089
-0.96185
0.568866
0.162448
1.65254
4.00836
-0.091923
0.5009
-0.08045
-0.805225
0.650794
0.274775
1.60219
4.02514
-0.106144
0.00575
0.008325
-0.962225
0.573954
0.278088
1.62567
4.09561
-0.106144
0.006725
0.0089
-0.96185
0.568866
0.162448
1.65716
4.05289
-0.091923
0.421
-0.1968
-0.803625
0.634119
0.207542
1.70289
3.99158
0
0.897
0.0804
0
0.86499
0.122483
1.6894
3.99608
-0.053072
0.817425
-0.00254999
-0.417075
0.789652
0.106787
1.68021
4.02161
-0.053072
0.6823
-0.19875
-0.4146
0.789652
0.064726
1.68865
4.01016
-0
0.7425
-0.14315
0
0.86499
0.086597
1.55184
4.04191
-0.091923
-0.459475
0.178875
-0.829125
0.47904
0.332733
1.51498
4.0542
-0.053072
-0.77975
0.3165
-0.4733
0.411036
0.355141
1.57113
4.1696
-0.053072
-0.624175
0.52725
-0.471825
0.409772
0.167664
1.59418
4.13833
-0.091923
-0.37145
0.3005
-0.82805
0.476401
0.181212
1.6894
3.99608
-0.053072
0.817425
-0.00254999
-0.417075
0.789652
0.106787
1.65254
4.00836
-0.091923
0.5009
-0.08045
-0.805225
0.7345
0.063904
1.65716
4.05289
-0.091923
0.421
-0.1968
-0.803625
0.7345
0.00497
1.68021
4.02161
-0.053072
0.6823
-0.19875
-0.4146
0.789652
0.064726
1.51498
4.0542
-0.053072
-0.77975
0.3165
-0.4733
0.411036
0.355141
1.50149
4.05869
0
-0.893
0.3673
0
0.333119
0.357848
1.5627
4.18105
0
-0.7119
0.61055
0
0.332358
0.15721
1.57113
4.1696
-0.053072
-0.624175
0.52725
-0.471825
0.409772
0.167664
1.50149
4.05869
0
-0.893
0.3673
0
0.333119
0.357848
1.51498
4.0542
0.053072
-0.77975
0.3165
0.4733
0.266166
0.340128
1.57113
4.1696
0.053072
-0.624175
0.52725
0.471825
0.264902
0.152651
1.5627
4.18105
0
-0.7119
0.61055
0
0.332358
0.15721
1.51498
4.0542
0.053072
-0.77975
0.3165
0.4733
0.255861
0.337042
1.55184
4.04191
0.091923
-0.459475
0.178875
0.829125
0.186438
0.330259
1.59418
4.13833
0.091923
-0.37145
0.3005
0.82805
0.191963
0.16615
1.57113
4.1696
0.053072
-0.624175
0.52725
0.471825
0.255861
0.136799
1.55184
4.04191
0.091923
-0.459475
0.178875
0.829125
0.186438
0.330259
1.60219
4.02514
0.106144
0.00575
0.008325
0.962225
0.109211
0.319272
1.62567
4.09561
0.106144
0.006725
0.0089
0.96185
0.122284
0.204521
1.59418
4.13833
0.091923
-0.37145
0.3005
0.82805
0.191963
0.16615
1.60219
4.02514
0.106144
0.00575
0.008325
0.962225
0.109211
0.319272
1.65254
4.00836
0.091923
0.5009
-0.08045
0.805225
0.044873
0.307023
1.65716
4.05289
0.091923
0.421
-0.1968
0.803625
0.065493
0.241632
1.62567
4.09561
0.106144
0.006725
0.0089
0.96185
0.122284
0.204521
1.70825
4.09213
-0.091923
0.503933
-0.122467
-0.555533
0.043475
0.717768
1.68684
4.14069
-0.106144
0.306333
0.1352
-0.643433
0.110947
0.674934
1.66544
4.18926
-0.091923
0.116967
0.398367
-0.556233
0.188857
0.674985
1.64978
4.22481
-0.053072
-0.0166
0.591733
-0.32
0.256328
0.717907
1.64404
4.23782
0
-0.0644333
0.662367
0
0.295283
0.792199
1.64978
4.22481
0.053072
-0.0166
0.591733
0.32
0.295283
0.877955
1.66544
4.18926
0.091923
0.116967
0.398367
0.556233
0.256328
0.952196
1.68684
4.14069
0.106144
0.306333
0.1352
0.643433
0.188856
0.99503
1.70825
4.09213
0.091923
0.503933
-0.122467
0.555533
0.110947
0.994979
1.72391
4.05657
0.053072
0.653933
-0.303467
0.318667
0.043475
0.952057
1.72965
4.04356
-0
0.709967
-0.367233
0
0.00452
0.877765
1.72391
4.05657
-0.053072
0.653933
-0.303467
-0.318667
0.00452
0.792009
1.68865
4.01016
-0
0.7425
-0.14315
0
0.451718
0.743295
1.68021
4.02161
-0.053072
0.6823
-0.19875
-0.4146
0.435219
0.660455
1.72391
4.05657
-0.053072
0.653933
-0.303467
-0.318667
0.478385
0.660455
1.72965
4.04356
-0
0.709967
-0.367233
0
0.491948
0.743295
1.57113
4.1696
-0.053072
-0.624175
0.52725
-0.471825
0.409772
0.167664
1.5627
4.18105
0
-0.7119
0.61055
0
0.332358
0.15721
1.64404
4.23782
0
-0.0644333
0.662367
0
0.35035
0.00497
1.64978
4.22481
-0.053072
-0.0166
0.591733
-0.32
0.427109
0.020136
1.59418
4.13833
0.091923
-0.37145
0.3005
0.82805
0.191963
0.16615
1.62567
4.09561
0.106144
0.006725
0.0089
0.96185
0.122284
0.204521
1.68684
4.14069
0.106144
0.306333
0.1352
0.643433
0.074822
0.098984
1.66544
4.18926
0.091923
0.116967
0.398367
0.556233
0.13574
0.045433
1.68021
4.02161
0.053072
0.6823
-0.19875
0.4146
0.435219
0.826135
1.68865
4.01016
-0
0.7425
-0.14315
0
0.451718
0.743295
1.72965
4.04356
-0
0.709967
-0.367233
0
0.491948
0.743295
1.72391
4.05657
0.053072
0.653933
-0.303467
0.318667
0.478385
0.826135
1.59418
4.13833
-0.091923
-0.37145
0.3005
-0.82805
0.476401
0.181212
1.57113
4.1696
-0.053072
-0.624175
0.52725
-0.471825
0.409772
0.167664
1.64978
4.22481
-0.053072
-0.0166
0.591733
-0.32
0.427109
0.020136
1.66544
4.18926
-0.091923
0.116967
0.398367
-0.556233
0.491948
0.046556
1.65716
4.05289
-0.091923
0.421
-0.1968
-0.803625
0.634119
0.207542
1.62567
4.09561
-0.106144
0.006725
0.0089
-0.96185
0.568866
0.162448
1.68684
4.14069
-0.106144
0.306333
0.1352
-0.643433
0.626403
0.06212
1.70825
4.09213
-0.091923
0.503933
-0.122467
-0.555533
0.681357
0.121449
1.57113
4.1696
0.053072
-0.624175
0.52725
0.471825
0.255861
0.136799
1.59418
4.13833
0.091923
-0.37145
0.3005
0.82805
0.191963
0.16615
1.66544
4.18926
0.091923
0.116967
0.398367
0.556233
0.13574
0.045433
1.64978
4.22481
0.053072
-0.0166
0.591733
0.32
0.193224
0.00497
1.65716
4.05289
0.091923
0.421
-0.1968
0.803625
0.065493
0.241632
1.68021
4.02161
0.053072
0.6823
-0.19875
0.4146
0.036807
0.267538
1.72391
4.05657
0.053072
0.653933
-0.303467
0.318667
0.00452
0.188293
1.70825
4.09213
0.091923
0.503933
-0.122467
0.555533
0.026792
0.151275
1.62567
4.09561
-0.106144
0.006725
0.0089
-0.96185
0.568866
0.162448
1.59418
4.13833
-0.091923
-0.37145
0.3005
-0.82805
0.507487
0.119533
1.66544
4.18926
-0.091923
0.116967
0.398367
-0.556233
0.575323
0.00497
1.68684
4.14069
-0.106144
0.306333
0.1352
-0.643433
0.626403
0.06212
1.68021
4.02161
-0.053072
0.6823
-0.19875
-0.4146
0.685761
0.242732
1.65716
4.05289
-0.091923
0.421
-0.1968
-0.803625
0.634119
0.207542
1.70825
4.09213
-0.091923
0.503933
-0.122467
-0.555533
0.681357
0.121449
1.72391
4.05657
-0.053072
0.653933
-0.303467
-0.318667
0.72546
0.167059
1.5627
4.18105
0
-0.7119
0.61055
0
0.332358
0.15721
1.57113
4.1696
0.053072
-0.624175
0.52725
0.471825
0.264902
0.152651
1.64978
4.22481
0.053072
-0.0166
0.591733
0.32
0.282239
0.005123
1.64404
4.23782
0
-0.0644333
0.662367
0
0.35035
0.00497
