4.55606
3.8884
-0
0.9579
0.0508
-3.49246e-10
0.676859
0.510287
4.4622
4.15771
-0
0.846
0.4951
0
0.676859
0.426364
4.4622
4.13328
0.218463
0.672
0.433233
0.333733
0.744723
0.43211
4.55606
3.86397
0.278666
0.59255
0.1293
0.479125
0.763424
0.516034
2.75302
4.62549
0.273522
-0.112275
0.377975
0.88675
0.406631
0.099941
2.75302
4.69731
0.215937
-0.208775
0.7704
0.449325
0.380109
0.09407
2.55463
4.62146
0.217381
-0.4697
0.6903
0.3068
0.415884
0.038031
2.4513
4.48402
0.28047
-0.521975
0.3966
0.450575
0.468918
0.016759
4.30474
4.07262
-0
-0.82565
-0.52535
0
0.685962
0.701828
4.489
3.57605
-0
0.02495
-0.30715
1.16415e-10
0.686105
0.535325
4.489
3.6108
0.306051
0.0601
-0.1694
0.322233
0.781168
0.544837
4.30474
4.00133
0.297118
-0.31855
-0.175975
0.43585
0.778275
0.682575
2.75302
4.72174
-0
-0.2567
0.95505
-1.86265e-09
0.895244
0.629822
2.55463
4.64589
-0
-0.5873
0.7505
0
0.895244
0.679937
2.55463
4.62146
0.217381
-0.4697
0.6903
0.3068
0.827716
0.686979
2.75302
4.69731
0.215937
-0.208775
0.7704
0.449325
0.828165
0.636865
3.75901
4.74891
-0
0.3605
0.9187
0
0.676859
0.13317
3.50299
4.81402
-0
0.1002
0.97785
1.86265e-09
0.676859
0.061738
3.50299
4.7896
0.217967
0.086775
0.726
0.491175
0.744569
0.067485
3.75901
4.72447
0.211695
0.274175
0.6514
0.503625
0.74262
0.138917
3.21724
4.64853
-0
0.05315
-0.9643
0
0.8775
0.066457
3.50302
4.62613
-0
-0.19745
-0.9471
3.72529e-09
0.8775
0.009646
3.50302
4.55484
0.307226
-0.07045
-0.347225
0.372125
0.972937
0.026534
3.21724
4.57724
0.305918
0.015975
-0.353725
0.370425
0.97253
0.083345
2.63597
4.41522
0.305421
0.22845
-0.31925
0.4172
0.477782
0.079842
2.75302
4.62549
0.273522
-0.112275
0.377975
0.88675
0.406631
0.099941
2.4513
4.48402
0.28047
-0.521975
0.3966
0.450575
0.468918
0.016759
2.34692
4.15648
0.307226
-0.1075
-0.0846333
0.3018
0.571656
0.009646
3.78421
4.45776
0.305557
-0.1423
-0.29375
0.372925
0.383415
0.434863
3.77441
4.58125
0.269732
0.174275
0.32885
0.924375
0.345402
0.422063
3.50943
4.68626
0.276094
0.06495
0.3634
0.918125
0.335508
0.331299
3.50302
4.55484
0.307226
-0.07045
-0.347225
0.372125
0.376408
0.339624
3.77441
4.58125
0.269732
0.174275
0.32885
0.924375
0.345402
0.422063
3.75901
4.72447
0.211695
0.274175
0.6514
0.503625
0.299807
0.405866
3.50299
4.7896
0.217967
0.086775
0.726
0.491175
0.300504
0.320978
3.50943
4.68626
0.276094
0.06495
0.3634
0.918125
0.335508
0.331299
4.489
3.57605
-0
0.02495
-0.30715
1.16415e-10
0.009319
0.838397
4.55606
3.8884
-0
0.9579
0.0508
-3.49246e-10
0.094717
0.844107
4.55606
3.86397
0.278666
0.59255
0.1293
0.479125
0.083557
0.933144
4.489
3.6108
0.306051
0.0601
-0.1694
0.322233
0.011127
0.937124
2.34692
4.15648
0.307226
-0.1075
-0.0846333
0.3018
0.799807
0.850592
2.4513
4.48402
0.28047
-0.521975
0.3966
0.450575
0.808118
0.741311
2.4513
4.48402
-0
-0.864133
0.482533
0
0.895244
0.741311
2.34692
4.15648
-0
0.156467
-0.3644
0
0.895244
0.850592
2.4513
4.48402
0.28047
-0.521975
0.3966
0.450575
0.808118
0.741311
2.55463
4.62146
0.217381
-0.4697
0.6903
0.3068
0.827716
0.686979
2.55463
4.64589
-0
-0.5873
0.7505
0
0.895244
0.679937
2.4513
4.48402
-0
-0.864133
0.482533
0
0.895244
0.741311
3.50302
4.55484
0.307226
-0.07045
-0.347225
0.372125
0.376408
0.339624
3.50943
4.68626
0.276094
0.06495
0.3634
0.918125
0.335508
0.331299
3.25302
4.6896
0.273522
-0.03495
0.3979
0.90285
0.352683
0.251012
3.21724
4.57724
0.305918
0.015975
-0.353725
0.370425
0.390456
0.24871
3.21724
4.57724
0.305918
0.015975
-0.353725
0.370425
0.390456
0.24871
3.25302
4.6896
0.273522
-0.03495
0.3979
0.90285
0.352683
0.251012
3.00302
4.65755
0.273522
-0.06565
0.406325
0.88995
0.379657
0.175476
2.94116
4.52513
0.30294
0.1045
-0.35365
0.37575
0.42463
0.166571
2.94116
4.52513
0.30294
0.1045
-0.35365
0.37575
0.42463
0.166571
3.00302
4.65755
0.273522
-0.06565
0.406325
0.88995
0.379657
0.175476
2.75302
4.62549
0.273522
-0.112275
0.377975
0.88675
0.406631
0.099941
2.63597
4.41522
0.305421
0.22845
-0.31925
0.4172
0.477782
0.079842
2.34692
4.15648
-0
0.156467
-0.3644
0
0.8775
0.372203
2.63597
4.48651
-0
0.5206
-0.8087
-3.72529e-09
0.8775
0.231187
2.63597
4.41522
0.305421
0.22845
-0.31925
0.4172
0.972376
0.248076
2.34692
4.15648
0.307226
-0.1075
-0.0846333
0.3018
0.972937
0.372203
2.63597
4.48651
-0
0.5206
-0.8087
-3.72529e-09
0.8775
0.231187
2.94116
4.59642
-0
0.256
-0.9382
0
0.8775
0.138811
2.94116
4.52513
0.30294
0.1045
-0.35365
0.37575
0.971605
0.1557
2.63597
4.41522
0.305421
0.22845
-0.31925
0.4172
0.972376
0.248076
2.94116
4.59642
-0
0.256
-0.9382
0
0.8775
0.138811
3.21724
4.64853
-0
0.05315
-0.9643
0
0.8775
0.066457
3.21724
4.57724
0.305918
0.015975
-0.353725
0.370425
0.97253
0.083345
2.94116
4.52513
0.30294
0.1045
-0.35365
0.37575
0.971605
0.1557
3.50299
4.81402
-0
0.1002
0.97785
1.86265e-09
0.676859
0.061738
3.25302
4.80257
-0
-0.10225
0.9869
-1.86265e-09
0.676859
0.009646
3.25302
4.77814
0.215937
-0.075475
0.762925
0.475625
0.743938
0.015392
3.50299
4.7896
0.217967
0.086775
0.726
0.491175
0.744569
0.067485
3.25302
4.80257
-0
-0.10225
0.9869
-1.86265e-09
0.895244
0.535325
3.00302
4.76216
-0
-0.1586
0.9811
0
0.895244
0.582574
3.00302
4.73773
0.215937
-0.109067
0.714867
0.576067
0.828165
0.589616
3.25302
4.77814
0.215937
-0.075475
0.762925
0.475625
0.828165
0.542367
3.00302
4.76216
-0
-0.1586
0.9811
0
0.895244
0.582574
2.75302
4.72174
-0
-0.2567
0.95505
-1.86265e-09
0.895244
0.629822
2.75302
4.69731
0.215937
-0.208775
0.7704
0.449325
0.828165
0.636865
3.00302
4.73773
0.215937
-0.109067
0.714867
0.576067
0.828165
0.589616
3.50943
4.68626
0.276094
0.06495
0.3634
0.918125
0.335508
0.331299
3.50299
4.7896
0.217967
0.086775
0.726
0.491175
0.300504
0.320978
3.25302
4.77814
0.215937
-0.075475
0.762925
0.475625
0.321447
0.243849
3.25302
4.6896
0.273522
-0.03495
0.3979
0.90285
0.352683
0.251012
3.25302
4.6896
0.273522
-0.03495
0.3979
0.90285
0.352683
0.251012
3.25302
4.77814
0.215937
-0.075475
0.762925
0.475625
0.321447
0.243849
3.00302
4.73773
0.215937
-0.109067
0.714867
0.576067
0.350778
0.168959
3.00302
4.65755
0.273522
-0.06565
0.406325
0.88995
0.379657
0.175476
3.00302
4.65755
0.273522
-0.06565
0.406325
0.88995
0.379657
0.175476
3.00302
4.73773
0.215937
-0.109067
0.714867
0.576067
0.350778
0.168959
2.75302
4.69731
0.215937
-0.208775
0.7704
0.449325
0.380109
0.09407
2.75302
4.62549
0.273522
-0.112275
0.377975
0.88675
0.406631
0.099941
4.55606
3.86397
0.278666
0.59255
0.1293
0.479125
0.492492
0.72144
4.4622
4.13328
0.218463
0.672
0.433233
0.333733
0.416746
0.671008
4.23862
4.38827
0.212191
0.49485
0.50535
0.493725
0.360223
0.581503
4.30737
4.13632
0.273522
0.239975
0.238225
0.93445
0.433001
0.622767
4.30737
4.13632
0.273522
0.239975
0.238225
0.93445
0.433001
0.622767
4.23862
4.38827
0.212191
0.49485
0.50535
0.493725
0.360223
0.581503
3.99556
4.59598
0.213004
0.39845
0.56605
0.5061
0.319199
0.489616
4.02319
4.40223
0.268333
0.23295
0.291625
0.92685
0.377865
0.513517
4.02319
4.40223
0.268333
0.23295
0.291625
0.92685
0.377865
0.513517
3.99556
4.59598
0.213004
0.39845
0.56605
0.5061
0.319199
0.489616
3.75901
4.72447
0.211695
0.274175
0.6514
0.503625
0.299807
0.405866
3.77441
4.58125
0.269732
0.174275
0.32885
0.924375
0.345402
0.422063
4.489
3.6108
0.306051
0.0601
-0.1694
0.322233
0.571656
0.720229
4.55606
3.86397
0.278666
0.59255
0.1293
0.479125
0.492492
0.72144
4.30737
4.13632
0.273522
0.239975
0.238225
0.93445
0.433001
0.622767
4.30474
4.00133
0.297118
-0.31855
-0.175975
0.43585
0.473812
0.632509
4.30474
4.00133
0.297118
-0.31855
-0.175975
0.43585
0.473812
0.632509
4.30737
4.13632
0.273522
0.239975
0.238225
0.93445
0.433001
0.622767
4.02319
4.40223
0.268333
0.23295
0.291625
0.92685
0.377865
0.513517
4.0783
4.24757
0.305196
-0.20985
-0.23305
0.381525
0.421527
0.542869
4.0783
4.24757
0.305196
-0.20985
-0.23305
0.381525
0.421527
0.542869
4.02319
4.40223
0.268333
0.23295
0.291625
0.92685
0.377865
0.513517
3.77441
4.58125
0.269732
0.174275
0.32885
0.924375
0.345402
0.422063
3.78421
4.45776
0.305557
-0.1423
-0.29375
0.372925
0.383415
0.434863
4.4622
4.15771
-0
0.846
0.4951
0
0.676859
0.426364
4.23862
4.4127
-0
0.6983
0.70765
0
0.676859
0.317375
4.23862
4.38827
0.212191
0.49485
0.50535
0.493725
0.742775
0.323122
4.4622
4.13328
0.218463
0.672
0.433233
0.333733
0.744723
0.43211
4.23862
4.4127
-0
0.6983
0.70765
0
0.676859
0.317375
3.99556
4.62041
-0
0.561
0.81585
-1.86265e-09
0.676859
0.215243
3.99556
4.59598
0.213004
0.39845
0.56605
0.5061
0.743027
0.22099
4.23862
4.38827
0.212191
0.49485
0.50535
0.493725
0.742775
0.323122
3.99556
4.62041
-0
0.561
0.81585
-1.86265e-09
0.676859
0.215243
3.75901
4.74891
-0
0.3605
0.9187
0
0.676859
0.13317
3.75901
4.72447
0.211695
0.274175
0.6514
0.503625
0.74262
0.138917
3.99556
4.59598
0.213004
0.39845
0.56605
0.5061
0.743027
0.22099
3.50302
4.62613
-0
-0.19745
-0.9471
3.72529e-09
0.685715
0.990354
3.78421
4.52905
-0
-0.4453
-0.8611
0
0.685779
0.915484
3.78421
4.45776
0.305557
-0.1423
-0.29375
0.372925
0.780714
0.896234
3.50302
4.55484
0.307226
-0.07045
-0.347225
0.372125
0.781168
0.971105
3.78421
4.52905
-0
-0.4453
-0.8611
0
0.685779
0.915484
4.0783
4.31886
-0
-0.6497
-0.7331
-3.72529e-09
0.685871
0.807707
4.0783
4.24757
0.305196
-0.20985
-0.23305
0.381525
0.780694
0.788457
3.78421
4.45776
0.305557
-0.1423
-0.29375
0.372925
0.780714
0.896234
4.0783
4.31886
-0
-0.6497
-0.7331
-3.72529e-09
0.685871
0.807707
4.30474
4.07262
-0
-0.82565
-0.52535
0
0.685962
0.701828
4.30474
4.00133
0.297118
-0.31855
-0.175975
0.43585
0.778275
0.682575
4.0783
4.24757
0.305196
-0.20985
-0.23305
0.381525
0.780694
0.788457
4.55606
3.8884
-0
0.9579
0.0508
-3.49246e-10
0.676859
0.510287
4.55606
3.86397
-0.278666
0.59255
0.1293
-0.479125
0.590294
0.516034
4.4622
4.13328
-0.218464
0.672
0.433233
-0.333733
0.608996
0.432111
4.4622
4.15771
-0
0.846
0.4951
0
0.676859
0.426364
2.75302
4.62549
-0.273523
-0.112275
0.377975
-0.88675
0.116144
0.631145
2.4513
4.48402
-0.280471
-0.521975
0.3966
-0.450575
0.178431
0.714327
2.55463
4.62146
-0.217382
-0.4697
0.6903
-0.3068
0.125397
0.693055
2.75302
4.69731
-0.215937
-0.208775
0.7704
-0.449325
0.089622
0.637016
4.30474
4.07262
-0
-0.82565
-0.52535
0
0.685962
0.701828
4.30474
4.00133
-0.297118
-0.31855
-0.175975
-0.43585
0.593682
0.682406
4.489
3.6108
-0.306051
0.0601
-0.1694
-0.322233
0.591025
0.544663
4.489
3.57605
-0
0.02495
-0.30715
1.16415e-10
0.686105
0.535325
2.75302
4.72174
-0
-0.2567
0.95505
-1.86265e-09
0.895244
0.629822
2.75302
4.69731
-0.215937
-0.208775
0.7704
-0.449325
0.962323
0.636865
2.55463
4.62146
-0.217382
-0.4697
0.6903
-0.3068
0.962771
0.686979
2.55463
4.64589
-0
-0.5873
0.7505
0
0.895244
0.679937
3.75901
4.74891
-0
0.3605
0.9187
0
0.676859
0.13317
3.75901
4.72447
-0.211696
0.274175
0.6514
-0.503625
0.611098
0.138917
3.50299
4.7896
-0.217968
0.086775
0.726
-0.491175
0.60915
0.067485
3.50299
4.81402
-0
0.1002
0.97785
1.86265e-09
0.676859
0.061738
3.21724
4.64853
-0
0.05315
-0.9643
0
0.8775
0.066457
3.21724
4.57724
-0.305918
0.015975
-0.353725
-0.370425
0.782469
0.083345
3.50302
4.55484
-0.307227
-0.07045
-0.347225
-0.372125
0.782063
0.026534
3.50302
4.62613
-0
-0.19745
-0.9471
3.72529e-09
0.8775
0.009646
2.63597
4.41522
-0.305422
0.22845
-0.31925
-0.4172
0.187294
0.651243
2.34692
4.15648
-0.307227
-0.1075
-0.0846333
-0.3018
0.281168
0.72144
2.4513
4.48402
-0.280471
-0.521975
0.3966
-0.450575
0.178431
0.714327
2.75302
4.62549
-0.273523
-0.112275
0.377975
-0.88675
0.116144
0.631145
3.78421
4.45776
-0.305557
-0.1423
-0.29375
-0.372925
0.092928
0.296223
3.50302
4.55484
-0.307227
-0.07045
-0.347225
-0.372125
0.08592
0.391461
3.50943
4.68626
-0.276095
0.06495
0.3634
-0.918125
0.04502
0.399787
3.77441
4.58125
-0.269732
0.174275
0.32885
-0.924375
0.054914
0.309023
3.77441
4.58125
-0.269732
0.174275
0.32885
-0.924375
0.054914
0.309023
3.50943
4.68626
-0.276095
0.06495
0.3634
-0.918125
0.04502
0.399787
3.50299
4.7896
-0.217968
0.086775
0.726
-0.491175
0.010016
0.410107
3.75901
4.72447
-0.211696
0.274175
0.6514
-0.503625
0.009319
0.32522
4.489
3.57605
-0
0.02495
-0.30715
1.16415e-10
0.009319
0.838397
4.489
3.6108
-0.306051
0.0601
-0.1694
-0.322233
0.023384
0.740731
4.55606
3.86397
-0.278666
0.59255
0.1293
-0.479125
0.094717
0.754324
4.55606
3.8884
-0
0.9579
0.0508
-3.49246e-10
0.094717
0.844107
2.34692
4.15648
-0.307227
-0.1075
-0.0846333
-0.3018
0.990681
0.850592
2.34692
4.15648
-0
0.156467
-0.3644
0
0.895244
0.850592
2.4513
4.48402
-0
-0.864133
0.482533
0
0.895244
0.741311
2.4513
4.48402
-0.280471
-0.521975
0.3966
-0.450575
0.982369
0.741311
2.4513
4.48402
-0.280471
-0.521975
0.3966
-0.450575
0.982369
0.741311
2.4513
4.48402
-0
-0.864133
0.482533
0
0.895244
0.741311
2.55463
4.64589
-0
-0.5873
0.7505
0
0.895244
0.679937
2.55463
4.62146
-0.217382
-0.4697
0.6903
-0.3068
0.962771
0.686979
3.50302
4.55484
-0.307227
-0.07045
-0.347225
-0.372125
0.08592
0.391461
3.21724
4.57724
-0.305918
0.015975
-0.353725
-0.370425
0.099969
0.482376
3.25302
4.6896
-0.273523
-0.03495
0.3979
-0.90285
0.062195
0.480074
3.50943
4.68626
-0.276095
0.06495
0.3634
-0.918125
0.04502
0.399787
3.21724
4.57724
-0.305918
0.015975
-0.353725
-0.370425
0.099969
0.482376
2.94116
4.52513
-0.30294
0.1045
-0.35365
-0.37575
0.134142
0.564515
3.00302
4.65755
-0.273523
-0.06565
0.406325
-0.88995
0.08917
0.555609
3.25302
4.6896
-0.273523
-0.03495
0.3979
-0.90285
0.062195
0.480074
2.94116
4.52513
-0.30294
0.1045
-0.35365
-0.37575
0.134142
0.564515
2.63597
4.41522
-0.305422
0.22845
-0.31925
-0.4172
0.187294
0.651243
2.75302
4.62549
-0.273523
-0.112275
0.377975
-0.88675
0.116144
0.631145
3.00302
4.65755
-0.273523
-0.06565
0.406325
-0.88995
0.08917
0.555609
2.34692
4.15648
-0
0.156467
-0.3644
0
0.8775
0.372203
2.34692
4.15648
-0.307227
-0.1075
-0.0846333
-0.3018
0.782063
0.372203
2.63597
4.41522
-0.305422
0.22845
-0.31925
-0.4172
0.782623
0.248076
2.63597
4.48651
-0
0.5206
-0.8087
-3.72529e-09
0.8775
0.231187
2.63597
4.48651
-0
0.5206
-0.8087
-3.72529e-09
0.8775
0.231187
2.63597
4.41522
-0.305422
0.22845
-0.31925
-0.4172
0.782623
0.248076
2.94116
4.52513
-0.30294
0.1045
-0.35365
-0.37575
0.783394
0.1557
2.94116
4.59642
-0
0.256
-0.9382
0
0.8775
0.138811
2.94116
4.59642
-0
0.256
-0.9382
0
0.8775
0.138811
2.94116
4.52513
-0.30294
0.1045
-0.35365
-0.37575
0.783394
0.1557
3.21724
4.57724
-0.305918
0.015975
-0.353725
-0.370425
0.782469
0.083345
3.21724
4.64853
-0
0.05315
-0.9643
0
0.8775
0.066457
3.50299
4.81402
-0
0.1002
0.97785
1.86265e-09
0.676859
0.061738
3.50299
4.7896
-0.217968
0.086775
0.726
-0.491175
0.60915
0.067485
3.25302
4.77814
-0.215937
-0.075475
0.762925
-0.475625
0.60978
0.015392
3.25302
4.80257
-0
-0.10225
0.9869
-1.86265e-09
0.676859
0.009646
3.25302
4.80257
-0
-0.10225
0.9869
-1.86265e-09
0.895244
0.535325
3.25302
4.77814
-0.215937
-0.075475
0.762925
-0.475625
0.962323
0.542367
3.00302
4.73773
-0.215937
-0.109067
0.714867
-0.576067
0.962323
0.589616
3.00302
4.76216
-0
-0.1586
0.9811
0
0.895244
0.582574
3.00302
4.76216
-0
-0.1586
0.9811
0
0.895244
0.582574
3.00302
4.73773
-0.215937
-0.109067
0.714867
-0.576067
0.962323
0.589616
2.75302
4.69731
-0.215937
-0.208775
0.7704
-0.449325
0.962323
0.636865
2.75302
4.72174
-0
-0.2567
0.95505
-1.86265e-09
0.895244
0.629822
3.50943
4.68626
-0.276095
0.06495
0.3634
-0.918125
0.04502
0.399787
3.25302
4.6896
-0.273523
-0.03495
0.3979
-0.90285
0.062195
0.480074
3.25302
4.77814
-0.215937
-0.075475
0.762925
-0.475625
0.030959
0.487237
3.50299
4.7896
-0.217968
0.086775
0.726
-0.491175
0.010016
0.410107
3.25302
4.6896
-0.273523
-0.03495
0.3979
-0.90285
0.062195
0.480074
3.00302
4.65755
-0.273523
-0.06565
0.406325
-0.88995
0.08917
0.555609
3.00302
4.73773
-0.215937
-0.109067
0.714867
-0.576067
0.06029
0.562126
3.25302
4.77814
-0.215937
-0.075475
0.762925
-0.475625
0.030959
0.487237
3.00302
4.65755
-0.273523
-0.06565
0.406325
-0.88995
0.08917
0.555609
2.75302
4.62549
-0.273523
-0.112275
0.377975
-0.88675
0.116144
0.631145
2.75302
4.69731
-0.215937
-0.208775
0.7704
-0.449325
0.089622
0.637016
3.00302
4.73773
-0.215937
-0.109067
0.714867
-0.576067
0.06029
0.562126
4.55606
3.86397
-0.278666
0.59255
0.1293
-0.479125
0.202005
0.009646
4.30737
4.13632
-0.273522
0.239975
0.238225
-0.93445
0.142513
0.108318
4.23862
4.38827
-0.212192
0.49485
0.50535
-0.493725
0.069735
0.149582
4.4622
4.13328
-0.218464
0.672
0.433233
-0.333733
0.126258
0.060077
4.30737
4.13632
-0.273522
0.239975
0.238225
-0.93445
0.142513
0.108318
4.02319
4.40223
-0.268333
0.23295
0.291625
-0.92685
0.087377
0.217569
3.99556
4.59598
-0.213004
0.39845
0.56605
-0.5061
0.028711
0.24147
4.23862
4.38827
-0.212192
0.49485
0.50535
-0.493725
0.069735
0.149582
4.02319
4.40223
-0.268333
0.23295
0.291625
-0.92685
0.087377
0.217569
3.77441
4.58125
-0.269732
0.174275
0.32885
-0.924375
0.054914
0.309023
3.75901
4.72447
-0.211696
0.274175
0.6514
-0.503625
0.009319
0.32522
3.99556
4.59598
-0.213004
0.39845
0.56605
-0.5061
0.028711
0.24147
4.489
3.6108
-0.306051
0.0601
-0.1694
-0.322233
0.281168
0.010857
4.30474
4.00133
-0.297118
-0.31855
-0.175975
-0.43585
0.183325
0.098577
4.30737
4.13632
-0.273522
0.239975
0.238225
-0.93445
0.142513
0.108318
4.55606
3.86397
-0.278666
0.59255
0.1293
-0.479125
0.202005
0.009646
4.30474
4.00133
-0.297118
-0.31855
-0.175975
-0.43585
0.183325
0.098577
4.0783
4.24757
-0.305196
-0.20985
-0.23305
-0.381525
0.131039
0.188216
4.02319
4.40223
-0.268333
0.23295
0.291625
-0.92685
0.087377
0.217569
4.30737
4.13632
-0.273522
0.239975
0.238225
-0.93445
0.142513
0.108318
4.0783
4.24757
-0.305196
-0.20985
-0.23305
-0.381525
0.131039
0.188216
3.78421
4.45776
-0.305557
-0.1423
-0.29375
-0.372925
0.092928
0.296223
3.77441
4.58125
-0.269732
0.174275
0.32885
-0.924375
0.054914
0.309023
4.02319
4.40223
-0.268333
0.23295
0.291625
-0.92685
0.087377
0.217569
4.4622
4.15771
-0
0.846
0.4951
0
0.676859
0.426364
4.4622
4.13328
-0.218464
0.672
0.433233
-0.333733
0.608996
0.432111
4.23862
4.38827
-0.212192
0.49485
0.50535
-0.493725
0.610944
0.323122
4.23862
4.4127
-0
0.6983
0.70765
0
0.676859
0.317375
4.23862
4.4127
-0
0.6983
0.70765
0
0.676859
0.317375
4.23862
4.38827
-0.212192
0.49485
0.50535
-0.493725
0.610944
0.323122
3.99556
4.59598
-0.213004
0.39845
0.56605
-0.5061
0.610691
0.22099
3.99556
4.62041
-0
0.561
0.81585
-1.86265e-09
0.676859
0.215243
3.99556
4.62041
-0
0.561
0.81585
-1.86265e-09
0.676859
0.215243
3.99556
4.59598
-0.213004
0.39845
0.56605
-0.5061
0.610691
0.22099
3.75901
4.72447
-0.211696
0.274175
0.6514
-0.503625
0.611098
0.138917
3.75901
4.74891
-0
0.3605
0.9187
0
0.676859
0.13317
3.50302
4.62613
-0
-0.19745
-0.9471
3.72529e-09
0.685715
0.990354
3.50302
4.55484
-0.307227
-0.07045
-0.347225
-0.372125
0.590294
0.97093
3.78421
4.45776
-0.305557
-0.1423
-0.29375
-0.372925
0.590877
0.89606
3.78421
4.52905
-0
-0.4453
-0.8611
0
0.685779
0.915484
3.78421
4.52905
-0
-0.4453
-0.8611
0
0.685779
0.915484
3.78421
4.45776
-0.305557
-0.1423
-0.29375
-0.372925
0.590877
0.89606
4.0783
4.24757
-0.305196
-0.20985
-0.23305
-0.381525
0.591082
0.788283
4.0783
4.31886
-0
-0.6497
-0.7331
-3.72529e-09
0.685871
0.807707
4.0783
4.31886
-0
-0.6497
-0.7331
-3.72529e-09
0.685871
0.807707
4.0783
4.24757
-0.305196
-0.20985
-0.23305
-0.381525
0.591082
0.788283
4.30474
4.00133
-0.297118
-0.31855
-0.175975
-0.43585
0.593682
0.682406
4.30474
4.07262
-0
-0.82565
-0.52535
0
0.685962
0.701828
