-1.12128
5.47889
-0.287603
-1
0
0
0.598179
0.828007
-1.12128
5.42207
-0.282158
-1
0
0
0.598179
0.794489
-1.12128
5.36744
-0.266032
-1
0
0
0.6043
0.761649
-1.12128
5.31709
-0.239844
-1
0
0
0.616307
0.730748
-1.12128
5.27296
-0.204601
-1
0
0
0.633739
0.702975
-1.12128
5.23675
-0.161658
-1
0
0
0.655926
0.679397
-1.12128
5.20983
-0.112664
-1
0
0
0.682014
0.660919
-1.12128
5.19326
-0.059502
-1
0
0
0.711002
0.648253
-1.12128
5.18767
-0.004216
-1
0
0
0.741776
0.641884
-1.12128
5.19326
0.05107
-1
0
0
0.773152
0.642058
-1.12128
5.20983
0.104232
-1
0
0
0.803926
0.648767
-1.12128
5.23675
0.153226
-1
0
0
0.832914
0.661754
-1.12128
5.27296
0.196169
-1
0
0
0.859003
0.68052
-1.12128
5.31709
0.231412
-1
0
0
0.881189
0.704344
-1.12128
5.36744
0.2576
-1
0
0
0.898621
0.73231
-1.12128
5.42207
0.273726
-1
0
0
0.910628
0.763343
-1.12128
5.47889
0.279172
-1
0
0
0.916749
0.796251
-1.12128
5.5357
0.273726
-1
0
0
0.916749
0.82977
-1.12128
5.59033
0.2576
-1
0
0
0.910628
0.86261
-1.12128
5.64068
0.231412
-1
0
0
0.898621
0.89351
-1.12128
5.68481
0.196169
-1
0
0
0.881189
0.921283
-1.12128
5.72103
0.153226
-1
0
0
0.859002
0.944862
-1.12128
5.74794
0.104232
-1
0
0
0.832914
0.963339
-1.12128
5.76451
0.05107
-1
0
0
0.803926
0.976006
-1.12128
5.7701
-0.004216
-1
0
0
0.773152
0.982374
-1.12128
5.76451
-0.059502
-1
0
0
0.741776
0.982201
-1.12128
5.74794
-0.112664
-1
0
0
0.711002
0.975492
-1.12128
5.72102
-0.161658
-1
0
0
0.682014
0.962504
-1.12128
5.68481
-0.204601
-1
0
0
0.655925
0.943738
-1.12128
5.64068
-0.239844
-1
0
0
0.633739
0.919914
-1.12128
5.59033
-0.266032
-1
0
0
0.616307
0.891948
-1.12128
5.5357
-0.282158
-1
0
0
0.6043
0.860915
