3.23387
2.33811
-0.037314
0
0.333333
0.577333
0.84375
0.417108
3.26619
2.33811
-0.018657
0
0
0
0.859088
0.417108
3.26619
4.28121
-0.018657
-0.5
-0.333333
0.288667
0.859088
0.455852
3.23387
4.28121
-0.037314
0
0
0
0.84375
0.455852
3.26619
2.33811
-0.018657
0
0
0
0.84375
0.416383
3.26619
2.33811
0.018657
0
0
0
0.813075
0.416383
3.26619
4.28121
0.018657
-0.5
-0.333333
-0.288667
0.813075
0.377639
3.26619
4.28121
-0.018657
-0.5
-0.333333
0.288667
0.84375
0.377639
3.26619
2.33811
0.018657
0
0
0
0.750575
0.417108
3.23387
2.33811
0.037314
0
0.333333
-0.577333
0.765913
0.417108
3.23387
4.28121
0.037314
0
0
0
0.765913
0.455852
3.26619
4.28121
0.018657
-0.5
-0.333333
-0.288667
0.750575
0.455852
3.23387
2.33811
0.037314
0
0.333333
-0.577333
0.765913
0.417108
3.20156
2.33811
0.018657
0
0
0
0.796588
0.417108
3.20156
4.28121
0.018657
0
0
0
0.796588
0.455852
3.23387
4.28121
0.037314
0
0
0
0.765913
0.455852
3.26619
4.28121
-0.018657
-0.5
-0.333333
0.288667
0.750575
0.485635
3.26619
4.28121
0.018657
-0.5
-0.333333
-0.288667
0.750575
0.466263
3.23387
4.28121
0.037314
0
0
0
0.777141
0.456577
3.20156
4.28121
0.018657
0
0
0
0.803706
0.466263
3.20156
4.28121
-0.018657
0
0
0
0.803706
0.485635
3.23387
4.28121
-0.037314
0
0
0
0.777141
0.495321
3.20156
2.33811
0.018657
0
0
0
0.796588
0.417108
3.20156
2.33811
-0.018657
0
0
0
0.811926
0.417108
3.20156
4.28121
-0.018657
0
0
0
0.811926
0.455852
3.20156
4.28121
0.018657
0
0
0
0.796588
0.455852
3.20156
2.33811
-0.018657
0
0
0
0.813075
0.417108
3.23387
2.33811
-0.037314
0
0.333333
0.577333
0.84375
0.417108
3.23387
4.28121
-0.037314
0
0
0
0.84375
0.455852
3.20156
4.28121
-0.018657
0
0
0
0.813075
0.455852
3.23387
2.33811
-0.037314
0
0.333333
0.577333
0.777141
0.496046
3.20156
2.33811
-0.018657
0
0
0
0.803706
0.505732
3.20156
2.33811
0.018657
0
0
0
0.803706
0.525104
3.23387
2.33811
0.037314
0
0.333333
-0.577333
0.777141
0.53479
3.26619
2.33811
0.018657
0
0
0
0.750575
0.525104
3.26619
2.33811
-0.018657
0
0
0
0.750575
0.505732
2.60938
2.56541
-0.037314
0.214267
0.255333
0.577333
0.686926
0.661642
2.63413
2.54464
-0.018657
-0.168733
0.576733
0.288667
0.671588
0.64879
3.88313
4.03314
-0.018657
-0.597267
0.0660333
0.288667
0.671588
0.000363
3.85837
4.05391
-0.037314
-0.214267
-0.255367
0.577333
0.686926
0.013214
2.63413
2.54464
-0.018657
-0.168733
0.576733
0.288667
0.671588
0.64879
2.63413
2.54464
0.018657
-0.168733
0.576733
-0.288667
0.640913
0.64879
3.88313
4.03314
0.018657
-0.597267
0.0660333
-0.288667
0.640913
0.000363
3.88313
4.03314
-0.018657
-0.597267
0.0660333
0.288667
0.671588
0.000363
2.63413
2.54464
0.018657
-0.168733
0.576733
-0.288667
0.640913
0.64879
2.60938
2.56541
0.037314
0.214267
0.255333
-0.577333
0.625575
0.661642
3.85837
4.05391
0.037314
-0.214267
-0.255367
-0.577333
0.625575
0.013214
3.88313
4.03314
0.018657
-0.597267
0.0660333
-0.288667
0.640913
0.000363
2.60938
2.56541
0.037314
0.214267
0.255333
-0.577333
0.624426
0.661642
2.58462
2.58618
0.018657
0.597267
-0.0660667
-0.288667
0.609088
0.674493
3.83362
4.07468
0.018657
0.168733
-0.576767
-0.288667
0.609088
0.026066
3.85837
4.05391
0.037314
-0.214267
-0.255367
-0.577333
0.624426
0.013214
3.88313
4.03314
-0.018657
-0.597267
0.0660333
0.288667
0.578413
0.000363
3.88313
4.03314
0.018657
-0.597267
0.0660333
-0.288667
0.609088
0.000363
3.85837
4.05391
0.037314
-0.214267
-0.255367
-0.577333
0.624426
0.013214
3.83362
4.07468
0.018657
0.168733
-0.576767
-0.288667
0.609088
0.026066
3.83362
4.07468
-0.018657
0.168733
-0.576767
0.288667
0.578413
0.026066
3.85837
4.05391
-0.037314
-0.214267
-0.255367
0.577333
0.563075
0.013214
2.58462
2.58618
0.018657
0.597267
-0.0660667
-0.288667
0.609088
0.674493
2.58462
2.58618
-0.018657
0.597267
-0.0660667
0.288667
0.578413
0.674493
3.83362
4.07468
-0.018657
0.168733
-0.576767
0.288667
0.578413
0.026066
3.83362
4.07468
0.018657
0.168733
-0.576767
-0.288667
0.609088
0.026066
2.58462
2.58618
-0.018657
0.597267
-0.0660667
0.288667
0.578413
0.674493
2.60938
2.56541
-0.037314
0.214267
0.255333
0.577333
0.563075
0.661642
3.85837
4.05391
-0.037314
-0.214267
-0.255367
0.577333
0.563075
0.013214
3.83362
4.07468
-0.018657
0.168733
-0.576767
0.288667
0.578413
0.026066
2.60938
2.56541
-0.037314
0.214267
0.255333
0.577333
0.686926
0.661642
2.58462
2.58618
-0.018657
0.597267
-0.0660667
0.288667
0.671588
0.674493
2.58462
2.58618
0.018657
0.597267
-0.0660667
-0.288667
0.640913
0.674493
2.60938
2.56541
0.037314
0.214267
0.255333
-0.577333
0.625575
0.661642
2.63413
2.54464
0.018657
-0.168733
0.576733
-0.288667
0.640913
0.64879
2.63413
2.54464
-0.018657
-0.168733
0.576733
0.288667
0.671588
0.64879
2.27709
3.14095
-0.037314
0.328267
0.0578667
0.577333
0.186926
0.996724
2.2827
3.10913
-0.018657
0.241467
0.550267
0.288667
0.171588
0.993811
4.19627
3.44655
-0.018657
-0.415067
0.434533
0.288667
0.171588
0.000363
4.19066
3.47837
-0.037314
-0.328267
-0.0578667
0.577333
0.186926
0.003276
2.2827
3.10913
-0.018657
0.241467
0.550267
0.288667
0.171588
0.993811
2.2827
3.10913
0.018657
0.241467
0.550267
-0.288667
0.140913
0.993811
4.19627
3.44655
0.018657
-0.415067
0.434533
-0.288667
0.140913
0.000363
4.19627
3.44655
-0.018657
-0.415067
0.434533
0.288667
0.171588
0.000363
2.2827
3.10913
0.018657
0.241467
0.550267
-0.288667
0.140913
0.993811
2.27709
3.14095
0.037314
0.328267
0.0578667
-0.577333
0.125575
0.996724
4.19066
3.47837
0.037314
-0.328267
-0.0578667
-0.577333
0.125575
0.003276
4.19627
3.44655
0.018657
-0.415067
0.434533
-0.288667
0.140913
0.000363
2.27709
3.14095
0.037314
0.328267
0.0578667
-0.577333
0.124426
0.996724
2.27147
3.17278
0.018657
0.415067
-0.434533
-0.288667
0.109088
0.999637
4.18505
3.51019
0.018657
-0.241467
-0.550267
-0.288667
0.109088
0.006189
4.19066
3.47837
0.037314
-0.328267
-0.0578667
-0.577333
0.124426
0.003276
4.19627
3.44655
-0.018657
-0.415067
0.434533
0.288667
0.078413
0.000363
4.19627
3.44655
0.018657
-0.415067
0.434533
-0.288667
0.109088
0.000363
4.19066
3.47837
0.037314
-0.328267
-0.0578667
-0.577333
0.124426
0.003276
4.18505
3.51019
0.018657
-0.241467
-0.550267
-0.288667
0.109088
0.006189
4.18505
3.51019
-0.018657
-0.241467
-0.550267
0.288667
0.078413
0.006189
4.19066
3.47837
-0.037314
-0.328267
-0.0578667
0.577333
0.063075
0.003276
2.27147
3.17278
0.018657
0.415067
-0.434533
-0.288667
0.109088
0.999637
2.27147
3.17278
-0.018657
0.415067
-0.434533
0.288667
0.078413
0.999637
4.18505
3.51019
-0.018657
-0.241467
-0.550267
0.288667
0.078413
0.006189
4.18505
3.51019
0.018657
-0.241467
-0.550267
-0.288667
0.109088
0.006189
2.27147
3.17278
-0.018657
0.415067
-0.434533
0.288667
0.078413
0.999637
2.27709
3.14095
-0.037314
0.328267
0.0578667
0.577333
0.063075
0.996724
4.19066
3.47837
-0.037314
-0.328267
-0.0578667
0.577333
0.063075
0.003276
4.18505
3.51019
-0.018657
-0.241467
-0.550267
0.288667
0.078413
0.006189
2.27709
3.14095
-0.037314
0.328267
0.0578667
0.577333
0.186926
0.996724
2.27147
3.17278
-0.018657
0.415067
-0.434533
0.288667
0.171588
0.999637
2.27147
3.17278
0.018657
0.415067
-0.434533
-0.288667
0.140913
0.999637
2.27709
3.14095
0.037314
0.328267
0.0578667
-0.577333
0.125575
0.996724
2.2827
3.10913
0.018657
0.241467
0.550267
-0.288667
0.140913
0.993811
2.2827
3.10913
-0.018657
0.241467
0.550267
0.288667
0.171588
0.993811
2.39249
3.79543
-0.037314
0.288667
-0.166667
0.577333
0.499426
0.882375
2.37633
3.76745
-0.018657
0.538667
0.266333
0.288667
0.484088
0.890763
4.0591
2.7959
-0.018657
-0.0386667
0.599667
0.288667
0.484088
0.017139
4.07526
2.82389
-0.037314
-0.288667
0.166667
0.577333
0.499426
0.008751
2.37633
3.76745
-0.018657
0.538667
0.266333
0.288667
0.484088
0.890763
2.37633
3.76745
0.018657
0.538667
0.266333
-0.288667
0.453413
0.890763
4.0591
2.7959
0.018657
-0.0386667
0.599667
-0.288667
0.453413
0.017139
4.0591
2.7959
-0.018657
-0.0386667
0.599667
0.288667
0.484088
0.017139
2.37633
3.76745
0.018657
0.538667
0.266333
-0.288667
0.453413
0.890763
2.39249
3.79543
0.037314
0.288667
-0.166667
-0.577333
0.438075
0.882375
4.07526
2.82389
0.037314
-0.288667
0.166667
-0.577333
0.438075
0.008751
4.0591
2.7959
0.018657
-0.0386667
0.599667
-0.288667
0.453413
0.017139
2.39249
3.79543
0.037314
0.288667
-0.166667
-0.577333
0.311926
0.882375
2.40865
3.82342
0.018657
0.0386667
-0.599667
-0.288667
0.296588
0.873986
4.09142
2.85187
0.018657
-0.538667
-0.266333
-0.288667
0.296588
0.000363
4.07526
2.82389
0.037314
-0.288667
0.166667
-0.577333
0.311926
0.008751
4.0591
2.7959
-0.018657
-0.0386667
0.599667
0.288667
0.484088
0.017139
4.0591
2.7959
0.018657
-0.0386667
0.599667
-0.288667
0.453413
0.017139
4.07526
2.82389
0.037314
-0.288667
0.166667
-0.577333
0.438075
0.008751
4.09142
2.85187
0.018657
-0.538667
-0.266333
-0.288667
0.453413
0.000363
4.09142
2.85187
-0.018657
-0.538667
-0.266333
0.288667
0.484088
0.000363
4.07526
2.82389
-0.037314
-0.288667
0.166667
0.577333
0.499426
0.008751
2.40865
3.82342
0.018657
0.0386667
-0.599667
-0.288667
0.296588
0.873986
2.40865
3.82342
-0.018657
0.0386667
-0.599667
0.288667
0.265913
0.873986
4.09142
2.85187
-0.018657
-0.538667
-0.266333
0.288667
0.265913
0.000363
4.09142
2.85187
0.018657
-0.538667
-0.266333
-0.288667
0.296588
0.000363
2.40865
3.82342
-0.018657
0.0386667
-0.599667
0.288667
0.265913
0.873986
2.39249
3.79543
-0.037314
0.288667
-0.166667
0.577333
0.250575
0.882375
4.07526
2.82389
-0.037314
-0.288667
0.166667
0.577333
0.250575
0.008751
4.09142
2.85187
-0.018657
-0.538667
-0.266333
0.288667
0.265913
0.000363
2.39249
3.79543
-0.037314
0.288667
-0.166667
0.577333
0.250575
0.882375
2.40865
3.82342
-0.018657
0.0386667
-0.599667
0.288667
0.265913
0.873986
2.40865
3.82342
0.018657
0.0386667
-0.599667
-0.288667
0.296588
0.873986
2.39249
3.79543
0.037314
0.288667
-0.166667
-0.577333
0.311926
0.882375
2.37633
3.76745
0.018657
0.538667
0.266333
-0.288667
0.296588
0.890763
2.37633
3.76745
-0.018657
0.538667
0.266333
0.288667
0.265913
0.890763
2.90159
4.22262
-0.037313
0.114
-0.313233
0.577333
0.936926
0.361148
2.87122
4.21157
-0.018657
0.583833
-0.142233
0.288667
0.921588
0.376913
3.5358
2.38565
-0.018657
0.355833
0.484233
0.288667
0.921588
0.031892
3.56616
2.3967
-0.037314
-0.114
0.313233
0.577333
0.936926
0.016127
2.87122
4.21157
-0.018657
0.583833
-0.142233
0.288667
0.921588
0.376913
2.87122
4.21157
0.018657
0.583833
-0.142233
-0.288667
0.890912
0.376913
3.5358
2.38565
0.018657
0.355833
0.484233
-0.288667
0.890912
0.031892
3.5358
2.38565
-0.018657
0.355833
0.484233
0.288667
0.921588
0.031892
2.87122
4.21157
0.018657
0.583833
-0.142233
-0.288667
0.890912
0.376913
2.90159
4.22262
0.037314
0.114
-0.313233
-0.577333
0.875575
0.361148
3.56616
2.3967
0.037313
-0.114
0.313233
-0.577333
0.875575
0.016127
3.5358
2.38565
0.018657
0.355833
0.484233
-0.288667
0.890912
0.031892
2.90159
4.22262
0.037314
0.114
-0.313233
-0.577333
0.999425
0.361148
2.93195
4.23367
0.018657
-0.355833
-0.484233
-0.288667
0.984088
0.345384
3.59653
2.40776
0.018657
-0.583833
0.142233
-0.288667
0.984088
0.000363
3.56616
2.3967
0.037313
-0.114
0.313233
-0.577333
0.999426
0.016127
3.5358
2.38565
-0.018657
0.355833
0.484233
0.288667
0.921588
0.031892
3.5358
2.38565
0.018657
0.355833
0.484233
-0.288667
0.890912
0.031892
3.56616
2.3967
0.037313
-0.114
0.313233
-0.577333
0.875575
0.016127
3.59653
2.40776
0.018657
-0.583833
0.142233
-0.288667
0.890912
0.000363
3.59653
2.40776
-0.018657
-0.583833
0.142233
0.288667
0.921588
0.000363
3.56616
2.3967
-0.037314
-0.114
0.313233
0.577333
0.936926
0.016127
2.93195
4.23367
0.018657
-0.355833
-0.484233
-0.288667
0.984088
0.345384
2.93195
4.23367
-0.018657
-0.355833
-0.484233
0.288667
0.953412
0.345384
3.59653
2.40776
-0.018657
-0.583833
0.142233
0.288667
0.953412
0.000363
3.59653
2.40776
0.018657
-0.583833
0.142233
-0.288667
0.984088
0.000363
2.93195
4.23367
-0.018657
-0.355833
-0.484233
0.288667
0.953412
0.345384
2.90159
4.22262
-0.037313
0.114
-0.313233
0.577333
0.938075
0.361148
3.56616
2.3967
-0.037314
-0.114
0.313233
0.577333
0.938075
0.016127
3.59653
2.40776
-0.018657
-0.583833
0.142233
0.288667
0.953412
0.000363
2.90159
4.22262
-0.037313
0.114
-0.313233
0.577333
0.938075
0.361148
2.93195
4.23367
-0.018657
-0.355833
-0.484233
0.288667
0.953412
0.345384
2.93195
4.23367
0.018657
-0.355833
-0.484233
-0.288667
0.984088
0.345384
2.90159
4.22262
0.037314
0.114
-0.313233
-0.577333
0.999425
0.361148
2.87122
4.21157
0.018657
0.583833
-0.142233
-0.288667
0.984088
0.376913
2.87122
4.21157
-0.018657
0.583833
-0.142233
0.288667
0.953412
0.376913
3.56616
4.22262
-0.037313
-0.114
-0.313233
0.577333
0.750575
0.016128
3.5358
4.23367
-0.018657
0.355833
-0.484233
0.288667
0.765913
0.031892
2.87122
2.40776
-0.018657
0.583833
0.142233
0.288667
0.765913
0.376913
2.90158
2.3967
-0.037314
0.114
0.313233
0.577333
0.750575
0.361149
3.5358
4.23367
-0.018657
0.355833
-0.484233
0.288667
0.765913
0.031892
3.5358
4.23367
0.018657
0.355833
-0.484233
-0.288667
0.796588
0.031892
2.87122
2.40776
0.018657
0.583833
0.142233
-0.288667
0.796588
0.376913
2.87122
2.40776
-0.018657
0.583833
0.142233
0.288667
0.765913
0.376913
3.5358
4.23367
0.018657
0.355833
-0.484233
-0.288667
0.796588
0.031892
3.56616
4.22262
0.037314
-0.114
-0.313233
-0.577333
0.811926
0.016128
2.90158
2.3967
0.037313
0.114
0.313233
-0.577333
0.811926
0.361149
2.87122
2.40776
0.018657
0.583833
0.142233
-0.288667
0.796588
0.376913
3.56616
4.22262
0.037314
-0.114
-0.313233
-0.577333
0.813075
0.016128
3.59653
4.21157
0.018657
-0.583833
-0.142233
-0.288667
0.828413
0.000363
2.93195
2.38565
0.018657
-0.355833
0.484233
-0.288667
0.828413
0.345384
2.90158
2.3967
0.037313
0.114
0.313233
-0.577333
0.813075
0.361149
2.87122
2.40776
-0.018657
0.583833
0.142233
0.288667
0.859088
0.376913
2.87122
2.40776
0.018657
0.583833
0.142233
-0.288667
0.828413
0.376913
2.90158
2.3967
0.037313
0.114
0.313233
-0.577333
0.813075
0.361149
2.93195
2.38565
0.018657
-0.355833
0.484233
-0.288667
0.828413
0.345384
2.93195
2.38565
-0.018657
-0.355833
0.484233
0.288667
0.859088
0.345384
2.90158
2.3967
-0.037314
0.114
0.313233
0.577333
0.874426
0.361149
3.59653
4.21157
0.018657
-0.583833
-0.142233
-0.288667
0.828413
0.000363
3.59653
4.21157
-0.018657
-0.583833
-0.142233
0.288667
0.859088
0.000363
2.93195
2.38565
-0.018657
-0.355833
0.484233
0.288667
0.859088
0.345384
2.93195
2.38565
0.018657
-0.355833
0.484233
-0.288667
0.828413
0.345384
3.59653
4.21157
-0.018657
-0.583833
-0.142233
0.288667
0.859088
0.000363
3.56616
4.22262
-0.037313
-0.114
-0.313233
0.577333
0.874426
0.016128
2.90158
2.3967
-0.037314
0.114
0.313233
0.577333
0.874426
0.361149
2.93195
2.38565
-0.018657
-0.355833
0.484233
0.288667
0.859088
0.345384
3.56616
4.22262
-0.037313
-0.114
-0.313233
0.577333
0.750575
0.016128
3.59653
4.21157
-0.018657
-0.583833
-0.142233
0.288667
0.765913
0.000363
3.59653
4.21157
0.018657
-0.583833
-0.142233
-0.288667
0.796588
0.000363
3.56616
4.22262
0.037314
-0.114
-0.313233
-0.577333
0.811926
0.016128
3.5358
4.23367
0.018657
0.355833
-0.484233
-0.288667
0.796588
0.031892
3.5358
4.23367
-0.018657
0.355833
-0.484233
0.288667
0.765913
0.031892
4.07526
3.79543
-0.037314
-0.288667
-0.166667
0.577333
0.313075
0.008751
4.0591
3.82342
-0.018657
-0.0386667
-0.599667
0.288667
0.328413
0.017139
2.37633
2.85187
-0.018657
0.538667
-0.266333
0.288667
0.328413
0.890763
2.39249
2.82389
-0.037314
0.288667
0.166667
0.577333
0.313075
0.882375
4.0591
3.82342
-0.018657
-0.0386667
-0.599667
0.288667
0.328413
0.017139
4.0591
3.82342
0.018657
-0.0386667
-0.599667
-0.288667
0.359088
0.017139
2.37633
2.85187
0.018657
0.538667
-0.266333
-0.288667
0.359088
0.890763
2.37633
2.85187
-0.018657
0.538667
-0.266333
0.288667
0.328413
0.890763
4.0591
3.82342
0.018657
-0.0386667
-0.599667
-0.288667
0.359088
0.017139
4.07526
3.79543
0.037314
-0.288667
-0.166667
-0.577333
0.374426
0.008751
2.39249
2.82389
0.037314
0.288667
0.166667
-0.577333
0.374426
0.882375
2.37633
2.85187
0.018657
0.538667
-0.266333
-0.288667
0.359088
0.890763
4.07526
3.79543
0.037314
-0.288667
-0.166667
-0.577333
0.375575
0.008751
4.09142
3.76745
0.018657
-0.538667
0.266333
-0.288667
0.390913
0.000363
2.40864
2.7959
0.018657
0.0386667
0.599667
-0.288667
0.390913
0.873987
2.39249
2.82389
0.037314
0.288667
0.166667
-0.577333
0.375575
0.882375
2.37633
2.85187
-0.018657
0.538667
-0.266333
0.288667
0.421588
0.890763
2.37633
2.85187
0.018657
0.538667
-0.266333
-0.288667
0.390913
0.890763
2.39249
2.82389
0.037314
0.288667
0.166667
-0.577333
0.375575
0.882375
2.40864
2.7959
0.018657
0.0386667
0.599667
-0.288667
0.390913
0.873987
2.40864
2.7959
-0.018657
0.0386667
0.599667
0.288667
0.421588
0.873987
2.39249
2.82389
-0.037314
0.288667
0.166667
0.577333
0.436926
0.882375
4.09142
3.76745
0.018657
-0.538667
0.266333
-0.288667
0.390913
0.000363
4.09142
3.76745
-0.018657
-0.538667
0.266333
0.288667
0.421588
0.000363
2.40864
2.7959
-0.018657
0.0386667
0.599667
0.288667
0.421588
0.873987
2.40864
2.7959
0.018657
0.0386667
0.599667
-0.288667
0.390913
0.873987
4.09142
3.76745
-0.018657
-0.538667
0.266333
0.288667
0.421588
0.000363
4.07526
3.79543
-0.037314
-0.288667
-0.166667
0.577333
0.436926
0.008751
2.39249
2.82389
-0.037314
0.288667
0.166667
0.577333
0.436926
0.882375
2.40864
2.7959
-0.018657
0.0386667
0.599667
0.288667
0.421588
0.873987
4.07526
3.79543
-0.037314
-0.288667
-0.166667
0.577333
0.313075
0.008751
4.09142
3.76745
-0.018657
-0.538667
0.266333
0.288667
0.328413
0.000363
4.09142
3.76745
0.018657
-0.538667
0.266333
-0.288667
0.359088
0.000363
4.07526
3.79543
0.037314
-0.288667
-0.166667
-0.577333
0.374426
0.008751
4.0591
3.82342
0.018657
-0.0386667
-0.599667
-0.288667
0.359088
0.017139
4.0591
3.82342
-0.018657
-0.0386667
-0.599667
0.288667
0.328413
0.017139
4.19066
3.14095
-0.037314
-0.328267
0.0579
0.577333
0.188075
0.003276
4.19627
3.17278
-0.018657
-0.415067
-0.4345
0.288667
0.203413
0.000363
2.2827
3.51019
-0.018657
0.241467
-0.550267
0.288667
0.203413
0.993811
2.27709
3.47837
-0.037314
0.328267
-0.0578667
0.577333
0.188075
0.996724
4.19627
3.17278
-0.018657
-0.415067
-0.4345
0.288667
0.203413
0.000363
4.19627
3.17278
0.018657
-0.415067
-0.4345
-0.288667
0.234088
0.000363
2.2827
3.51019
0.018657
0.241467
-0.550267
-0.288667
0.234088
0.993811
2.2827
3.51019
-0.018657
0.241467
-0.550267
0.288667
0.203413
0.993811
4.19627
3.17278
0.018657
-0.415067
-0.4345
-0.288667
0.234088
0.000363
4.19066
3.14095
0.037314
-0.328267
0.0579
-0.577333
0.249426
0.003276
2.27709
3.47837
0.037314
0.328267
-0.0578667
-0.577333
0.249426
0.996724
2.2827
3.51019
0.018657
0.241467
-0.550267
-0.288667
0.234088
0.993811
4.19066
3.14095
0.037314
-0.328267
0.0579
-0.577333
0.000575
0.003276
4.18505
3.10913
0.018657
-0.241467
0.5503
-0.288667
0.015912
0.006189
2.27147
3.44655
0.018657
0.415067
0.434533
-0.288667
0.015913
0.999637
2.27709
3.47837
0.037314
0.328267
-0.0578667
-0.577333
0.000575
0.996724
2.2827
3.51019
-0.018657
0.241467
-0.550267
0.288667
0.203413
0.993811
2.2827
3.51019
0.018657
0.241467
-0.550267
-0.288667
0.234088
0.993811
2.27709
3.47837
0.037314
0.328267
-0.0578667
-0.577333
0.249426
0.996724
2.27147
3.44655
0.018657
0.415067
0.434533
-0.288667
0.234088
0.999637
2.27147
3.44655
-0.018657
0.415067
0.434533
0.288667
0.203413
0.999637
2.27709
3.47837
-0.037314
0.328267
-0.0578667
0.577333
0.188075
0.996724
4.18505
3.10913
0.018657
-0.241467
0.5503
-0.288667
0.015912
0.006189
4.18505
3.10913
-0.018657
-0.241467
0.5503
0.288667
0.046588
0.006189
2.27147
3.44655
-0.018657
0.415067
0.434533
0.288667
0.046588
0.999637
2.27147
3.44655
0.018657
0.415067
0.434533
-0.288667
0.015913
0.999637
4.18505
3.10913
-0.018657
-0.241467
0.5503
0.288667
0.046588
0.006189
4.19066
3.14095
-0.037314
-0.328267
0.0579
0.577333
0.061925
0.003276
2.27709
3.47837
-0.037314
0.328267
-0.0578667
0.577333
0.061926
0.996724
2.27147
3.44655
-0.018657
0.415067
0.434533
0.288667
0.046588
0.999637
4.19066
3.14095
-0.037314
-0.328267
0.0579
0.577333
0.061925
0.003276
4.18505
3.10913
-0.018657
-0.241467
0.5503
0.288667
0.046588
0.006189
4.18505
3.10913
0.018657
-0.241467
0.5503
-0.288667
0.015912
0.006189
4.19066
3.14095
0.037314
-0.328267
0.0579
-0.577333
0.000575
0.003276
4.19627
3.17278
0.018657
-0.415067
-0.4345
-0.288667
0.015912
0.000363
4.19627
3.17278
-0.018657
-0.415067
-0.4345
0.288667
0.046588
0.000363
3.85837
2.56541
-0.037314
-0.214267
0.255333
0.577333
0.688075
0.013214
3.88313
2.58618
-0.018657
-0.597267
-0.0660667
0.288667
0.703413
0.000363
2.63413
4.07468
-0.018657
-0.168733
-0.576733
0.288667
0.703413
0.64879
2.60938
4.05391
-0.037314
0.214267
-0.255333
0.577333
0.688075
0.661641
3.88313
2.58618
-0.018657
-0.597267
-0.0660667
0.288667
0.703413
0.000363
3.88313
2.58618
0.018657
-0.597267
-0.0660667
-0.288667
0.734088
0.000363
2.63413
4.07468
0.018657
-0.168733
-0.576733
-0.288667
0.734088
0.64879
2.63413
4.07468
-0.018657
-0.168733
-0.576733
0.288667
0.703413
0.64879
3.88313
2.58618
0.018657
-0.597267
-0.0660667
-0.288667
0.734088
0.000363
3.85837
2.56541
0.037314
-0.214267
0.255333
-0.577333
0.749426
0.013214
2.60938
4.05391
0.037314
0.214267
-0.255333
-0.577333
0.749426
0.661641
2.63413
4.07468
0.018657
-0.168733
-0.576733
-0.288667
0.734088
0.64879
3.85837
2.56541
0.037314
-0.214267
0.255333
-0.577333
0.500575
0.013214
3.83362
2.54464
0.018657
0.168733
0.576733
-0.288667
0.515913
0.026066
2.58462
4.03314
0.018657
0.597267
0.0660667
-0.288667
0.515913
0.674493
2.60938
4.05391
0.037314
0.214267
-0.255333
-0.577333
0.500575
0.661641
2.63413
4.07468
-0.018657
-0.168733
-0.576733
0.288667
0.703413
0.64879
2.63413
4.07468
0.018657
-0.168733
-0.576733
-0.288667
0.734088
0.64879
2.60938
4.05391
0.037314
0.214267
-0.255333
-0.577333
0.749426
0.661641
2.58462
4.03314
0.018657
0.597267
0.0660667
-0.288667
0.734088
0.674493
2.58462
4.03314
-0.018657
0.597267
0.0660667
0.288667
0.703413
0.674493
2.60938
4.05391
-0.037314
0.214267
-0.255333
0.577333
0.688075
0.661641
3.83362
2.54464
0.018657
0.168733
0.576733
-0.288667
0.515913
0.026066
3.83362
2.54464
-0.018657
0.168733
0.576733
0.288667
0.546588
0.026066
2.58462
4.03314
-0.018657
0.597267
0.0660667
0.288667
0.546588
0.674493
2.58462
4.03314
0.018657
0.597267
0.0660667
-0.288667
0.515913
0.674493
3.83362
2.54464
-0.018657
0.168733
0.576733
0.288667
0.546588
0.026066
3.85837
2.56541
-0.037314
-0.214267
0.255333
0.577333
0.561926
0.013214
2.60938
4.05391
-0.037314
0.214267
-0.255333
0.577333
0.561926
0.661641
2.58462
4.03314
-0.018657
0.597267
0.0660667
0.288667
0.546588
0.674493
3.85837
2.56541
-0.037314
-0.214267
0.255333
0.577333
0.561926
0.013214
3.83362
2.54464
-0.018657
0.168733
0.576733
0.288667
0.546588
0.026066
3.83362
2.54464
0.018657
0.168733
0.576733
-0.288667
0.515913
0.026066
3.85837
2.56541
0.037314
-0.214267
0.255333
-0.577333
0.500575
0.013214
3.88313
2.58618
0.018657
-0.597267
-0.0660667
-0.288667
0.515913
0.000363
3.88313
2.58618
-0.018657
-0.597267
-0.0660667
0.288667
0.546588
0.000363
3.23387
2.33811
-0.037314
0
-0.333333
-0.577333
0.750575
0.387325
3.23387
4.28121
-0.037314
0
0
0
0.811926
0.387325
3.26619
4.28121
-0.018657
0.5
0.333333
-0.288667
0.811926
0.406697
3.26619
2.33811
-0.018657
0
0
0
0.750575
0.406697
3.26619
2.33811
-0.018657
0
0
0
0.750575
0.406697
3.26619
4.28121
-0.018657
0.5
0.333333
-0.288667
0.811926
0.406697
3.26619
4.28121
0.018657
0.5
0.333333
0.288667
0.811926
0.416383
3.26619
2.33811
0.018657
0
0
0
0.750575
0.416382
3.26619
2.33811
0.018657
0
0
0
0.905149
0.456578
3.26619
4.28121
0.018657
0.5
0.333333
0.288667
0.905149
0.495321
3.23387
4.28121
0.037314
0
0
0
0.874474
0.495321
3.23387
2.33811
0.037314
0
-0.333333
0.577333
0.874474
0.456578
3.23387
2.33811
0.037314
0
-0.333333
0.577333
0.874474
0.456578
3.23387
4.28121
0.037314
0
0
0
0.874474
0.495321
3.20156
4.28121
0.018657
0
0
0
0.859136
0.495321
3.20156
2.33811
0.018657
0
0
0
0.859136
0.456577
3.26619
4.28121
-0.018657
0.5
0.333333
-0.288667
0.831421
0.456577
3.23387
4.28121
-0.037314
0
0
0
0.857987
0.466263
3.20156
4.28121
-0.018657
0
0
0
0.857987
0.485635
3.20156
4.28121
0.018657
0
0
0
0.831421
0.495321
3.23387
4.28121
0.037314
0
0
0
0.804856
0.485635
3.26619
4.28121
0.018657
0.5
0.333333
0.288667
0.804855
0.466263
3.20156
2.33811
0.018657
0
0
0
0.844899
0.416383
3.20156
4.28121
0.018657
0
0
0
0.844899
0.377639
3.20156
4.28121
-0.018657
0
0
0
0.875575
0.377639
3.20156
2.33811
-0.018657
0
0
0
0.875575
0.416383
3.20156
2.33811
-0.018657
0
0
0
0.750575
0.377639
3.20156
4.28121
-0.018657
0
0
0
0.811926
0.377639
3.23387
4.28121
-0.037314
0
0
0
0.811926
0.387325
3.23387
2.33811
-0.037314
0
-0.333333
-0.577333
0.750575
0.387325
3.23387
2.33811
-0.037314
0
-0.333333
-0.577333
0.804856
0.505732
3.26619
2.33811
-0.018657
0
0
0
0.831421
0.496046
3.26619
2.33811
0.018657
0
0
0
0.857987
0.505732
3.23387
2.33811
0.037314
0
-0.333333
0.577333
0.857987
0.525104
3.20156
2.33811
0.018657
0
0
0
0.831421
0.53479
3.20156
2.33811
-0.018657
0
0
0
0.804855
0.525104
