3.05037
4.76811
0
0.146233
-0.988733
0
0.217341
0.597512
3.96308
4.9226
0
0.5811
-0.53735
0
0.214677
1
3.94604
4.9226
0.316069
0.681367
-0.381167
0.179533
0.022659
0.992868
3.93985
4.92153
0.327637
0.454333
-0.3754
0.472667
0.015653
0.990148
3.92491
4.91896
0.332428
0.1622
-0.368867
0.6501
0.012789
0.983561
3.48764
4.84353
0.332428
0.0593333
-0.356933
0.667467
0.014127
0.790676
3.05037
4.76811
0.332428
0.27228
-0.59808
0.29882
0.015464
0.597791
3.49809
5.01316
0.339423
-0.0012
0.033325
0.996525
0.733364
0.194823
3.46018
5.20245
0.318379
-0.0212
0.263475
0.95095
0.833247
0.203592
3.06595
5.16897
0.318525
0.48905
0.136975
0.489125
0.833246
0.375767
3.06595
4.99101
0.339423
0.49775
0.0023
0.5242
0.740801
0.383013
1.985
5.10839
0
-0.10165
0.99375
-0.002325
0.438031
0.145263
1.65377
5.07454
0
-0.5405
0.580325
-0.0017
0.438349
0
1.69591
5.06621
0.299955
-0.3889
0.6699
0.225733
0.620171
0.017824
2.00607
5.09727
0.299956
-0.09445
0.93
0.26745
0.619956
0.1538
3.47557
5.24366
0
-0.08265
0.9952
-0.003725
0.818034
0.57694
3.06595
5.20241
0
0.273683
0.692083
-0.00126667
0.818034
0.756148
3.06595
5.18849
0.299884
0.45535
0.48755
0.154375
0.636048
0.75662
3.46705
5.22712
0.299884
-0.07655
0.9124
0.3006
0.636108
0.581105
3.96308
4.9226
0
0.5811
-0.53735
0
1
0.847886
3.97779
5.03639
0
0.9625
0.1332
1.86265e-09
0.941611
0.850051
3.95124
5.03639
0.323065
0.9065
0.138525
0.265825
0.935321
0.676431
3.94604
4.9226
0.316069
0.681367
-0.381167
0.179533
0.993832
0.678008
2.99237
5.18929
0.331464
-0.9984
-0.035175
-0.01805
0.223136
0.704486
2.99292
5.1631
0.318548
-0.51025
0.13295
0.4601
0.23804
0.708718
2.99292
4.98708
0.339423
-0.5002
0.037575
0.47295
0.289425
0.775923
2.99202
4.99849
0.364064
-0.500175
0.036425
0.47305
0.274319
0.780925
2.99202
5.19366
0.340916
-0.52055
0.25215
0.244475
0.217341
0.706404
3.97779
5.03639
0
0.9625
0.1332
1.86265e-09
0.941611
0.850051
3.88996
5.26925
0
0.430575
0.675875
-0.001825
0.818034
0.850051
3.86814
5.25665
0.299884
0.404325
0.634375
0.2824
0.819188
0.6886
3.95124
5.03639
0.323065
0.9065
0.138525
0.265825
0.935321
0.676431
1.99799
4.70051
0
-0.052775
-0.9966
-0.000525
0.215601
0.137874
2.31623
4.69307
0
-0.00113333
-0.9971
-0.000166666
0.217341
0.275747
2.31623
4.69307
0.332428
0.00975
-0.516
0.506575
0.015464
0.276027
2.01624
4.7178
0.325636
-0.032925
-0.529
0.527
0.017205
0.149472
2.97886
4.7608
0
0.1017
-0.9948
0
0.217341
0.566167
3.05037
4.76811
0
0.146233
-0.988733
0
0.217341
0.597512
3.05037
4.76811
0.332428
0.27228
-0.59808
0.29882
0.015464
0.597791
2.97886
4.7608
0.332428
-0.1999
-0.4658
0.338675
0.015464
0.566447
2.01624
4.7178
0.325636
-0.032925
-0.529
0.527
0.409288
0.141514
1.99439
4.95069
0.339423
-0.010175
0.0489
0.99245
0.29019
0.139312
1.67254
4.95069
0.339423
-0.49465
0.020075
0.55125
0.273425
0
1.71624
4.74254
0.318845
-0.347967
-0.4191
0.397033
0.380864
0.015699
2.64754
4.72694
0.332428
0.0354
-0.350933
0.666367
0.437713
0.412256
2.65457
4.96888
0.339423
-0.002925
0.0472
0.99595
0.315307
0.425894
2.31623
4.95069
0.339423
-0.0062
0.049275
0.995125
0.306956
0.278624
2.31623
4.69307
0.332428
0.00975
-0.516
0.506575
0.437713
0.267328
2.65457
5.1694
0
-0.0799
0.9957
0
0.438066
0.438516
2.31623
5.14225
0
-0.090775
0.994725
-0.000575
0.437713
0.290527
2.31623
5.12833
0.299957
-0.085675
0.9429
0.24595
0.619741
0.289777
2.65457
5.15548
0.299957
-0.0747333
0.931433
0.302967
0.620094
0.437767
3.48764
4.84353
0.332428
0.0593333
-0.356933
0.667467
0.647767
0.205356
3.49809
5.01316
0.339423
-0.0012
0.033325
0.996525
0.733364
0.194823
3.06595
4.99101
0.339423
0.49775
0.0023
0.5242
0.740801
0.383013
3.05037
4.76811
0.332428
0.27228
-0.59808
0.29882
0.628235
0.397732
3.06595
4.99101
0.339423
0.49775
0.0023
0.5242
0.890594
0.475838
3.06595
5.16897
0.318525
0.48905
0.136975
0.489125
0.838629
0.543619
3.0654
5.19515
0.331464
0.9984
0.03515
0.018025
0.823789
0.547803
3.06506
5.19952
0.340916
0.4766
0.304675
0.263475
0.818034
0.545868
3.06506
5.00242
0.364064
0.497225
0.004575
0.524125
0.875591
0.470794
1.71624
4.74254
0.318845
-0.347967
-0.4191
0.397033
0.45498
0.597471
1.67254
4.95069
0.339423
-0.49465
0.020075
0.55125
0.563019
0.586506
1.64154
4.95069
0
-0.976325
-0.014375
-0.004675
0.563334
0.769339
1.67974
4.70795
0
-0.51315
-0.5953
-0.005125
0.437713
0.769339
1.99439
4.95069
0.339423
-0.010175
0.0489
0.99245
0.29019
0.139312
2.00461
5.07655
0.319495
-0.0269
0.311225
0.93595
0.22506
0.150065
1.69298
5.04427
0.320218
-0.345267
0.2737
0.658433
0.225334
0.013706
1.67254
4.95069
0.339423
-0.49465
0.020075
0.55125
0.273425
0
3.06595
5.20241
0
0.273683
0.692083
-0.00126667
0.407108
0.764625
2.99292
5.19655
0
-0.3845
0.625333
0
0.370953
0.764569
2.99202
5.20089
0.02464
-0.384533
0.6256
-0.0521667
0.370757
0.75171
3.06506
5.20675
0.02464
0.278733
0.6929
-0.0498333
0.406913
0.751766
2.99292
4.98708
0.339423
-0.5002
0.037575
0.47295
0.289425
0.775923
2.97886
4.7608
0.332428
-0.1999
-0.4658
0.338675
0.370757
0.85001
2.97796
4.77221
0.357068
-0.3004
-0.2899
0.451567
0.355651
0.855012
2.99202
4.99849
0.364064
-0.500175
0.036425
0.47305
0.274319
0.780925
2.64754
4.72694
0
0.1017
-0.9948
0
0.217341
0.420957
2.97886
4.7608
0
0.1017
-0.9948
0
0.217341
0.566167
2.97886
4.7608
0.332428
-0.1999
-0.4658
0.338675
0.015464
0.566447
2.64754
4.72694
0.332428
0.0354
-0.350933
0.666367
0.015464
0.421237
3.06506
5.00242
0.364064
0.497225
0.004575
0.524125
0.840705
0.090788
3.06506
5.19952
0.340916
0.4766
0.304675
0.263475
0.843495
0
2.99202
5.19366
0.340916
-0.52055
0.25215
0.244475
0.87936
0.003523
2.99202
4.99849
0.364064
-0.500175
0.036425
0.47305
0.876604
0.093438
3.04948
4.77952
0.357068
0.3632
-0.3351
0.496667
0.844268
0.191277
3.06506
5.00242
0.364064
0.497225
0.004575
0.524125
0.840705
0.090788
2.99202
4.99849
0.364064
-0.500175
0.036425
0.47305
0.876604
0.093438
2.97796
4.77221
0.357068
-0.3004
-0.2899
0.451567
0.87936
0.195438
3.06506
5.20675
0.02464
0.278733
0.6929
-0.0498333
0.406913
0.751766
2.99202
5.20089
0.02464
-0.384533
0.6256
-0.0521667
0.370757
0.75171
2.99202
5.19366
0.340916
-0.52055
0.25215
0.244475
0.370953
0.582605
3.06506
5.19952
0.340916
0.4766
0.304675
0.263475
0.407108
0.582661
2.65457
4.96888
0.339423
-0.002925
0.0472
0.99595
0.315307
0.425894
2.65457
5.13597
0.31866
-0.021125
0.2757
0.947725
0.228575
0.434098
2.31623
5.10884
0.318773
-0.023475
0.2866
0.9442
0.224785
0.286424
2.31623
4.95069
0.339423
-0.0062
0.049275
0.995125
0.306956
0.278624
3.05037
4.76811
0.332428
0.27228
-0.59808
0.29882
0.969501
0.402776
3.06595
4.99101
0.339423
0.49775
0.0023
0.5242
0.890594
0.475838
3.06506
5.00242
0.364064
0.497225
0.004575
0.524125
0.875591
0.470794
3.04948
4.77952
0.357068
0.3632
-0.3351
0.496667
0.954498
0.397732
2.99292
5.19655
0
-0.3845
0.625333
0
0.370757
0.582605
2.99292
5.18263
0.299957
-0.536625
0.4421
0.115625
0.23971
0.695396
2.99237
5.18929
0.331464
-0.9984
-0.035175
-0.01805
0.223136
0.704486
2.99202
5.19366
0.340916
-0.52055
0.25215
0.244475
0.217341
0.706404
2.99202
5.20089
0.02464
-0.384533
0.6256
-0.0521667
0.358093
0.590002
3.0654
5.19515
0.331464
0.9984
0.03515
0.018025
0.823789
0.547803
3.06595
5.18849
0.299884
0.45535
0.48755
0.154375
0.840236
0.556958
3.06595
5.20241
0
0.273683
0.692083
-0.00126667
0.969501
0.669946
3.06506
5.20675
0.02464
0.278733
0.6929
-0.0498333
0.956932
0.662511
3.06506
5.19952
0.340916
0.4766
0.304675
0.263475
0.818034
0.545868
2.97886
4.7608
0.332428
-0.1999
-0.4658
0.338675
0.015464
0.566447
3.05037
4.76811
0.332428
0.27228
-0.59808
0.29882
0.015464
0.597791
3.04948
4.77952
0.357068
0.3632
-0.3351
0.496667
0
0.597881
2.97796
4.77221
0.357068
-0.3004
-0.2899
0.451567
0
0.566537
3.06595
5.16897
0.318525
0.48905
0.136975
0.489125
0.838629
0.543619
3.06595
5.18262
0.312134
0.47215
0.3216
0.373325
0.836783
0.550547
3.0654
5.19515
0.331464
0.9984
0.03515
0.018025
0.823789
0.547803
3.06595
5.18262
0.312134
0.47215
0.3216
0.373325
0.836783
0.550547
3.06595
5.18849
0.299884
0.45535
0.48755
0.154375
0.840236
0.556958
3.0654
5.19515
0.331464
0.9984
0.03515
0.018025
0.823789
0.547803
2.99292
5.18263
0.299957
-0.536625
0.4421
0.115625
0.23971
0.695396
2.99292
5.17675
0.312162
-0.52635
0.322275
0.3255
0.236213
0.701786
2.99237
5.18929
0.331464
-0.9984
-0.035175
-0.01805
0.223136
0.704486
2.99292
5.17675
0.312162
-0.52635
0.322275
0.3255
0.236213
0.701786
2.99292
5.1631
0.318548
-0.51025
0.13295
0.4601
0.23804
0.708718
2.99237
5.18929
0.331464
-0.9984
-0.035175
-0.01805
0.223136
0.704486
3.93022
5.03531
0.339423
0.14995
0.0481
0.968775
0.725926
0.006632
3.92491
4.91896
0.332428
0.1622
-0.368867
0.6501
0.6673
0.012979
3.93985
4.92153
0.327637
0.454333
-0.3754
0.472667
0.668336
0.006245
3.94508
5.03607
0.334632
0.57555
0.1059
0.699475
0.726039
0
3.94508
5.03607
0.334632
0.57555
0.1059
0.699475
0.935049
0.669946
3.93985
4.92153
0.327637
0.454333
-0.3754
0.472667
0.993946
0.671509
3.94604
4.9226
0.316069
0.681367
-0.381167
0.179533
0.993832
0.678008
3.95124
5.03639
0.323065
0.9065
0.138525
0.265825
0.935321
0.676431
2.00607
5.09727
0.299956
-0.09445
0.93
0.26745
0.619956
0.1538
1.69591
5.06621
0.299955
-0.3889
0.6699
0.225733
0.620171
0.017824
1.69558
5.05786
0.31265
-0.3715
0.498067
0.503733
0.628234
0.017439
2.0059
5.09016
0.312439
-0.06755
0.664675
0.687925
0.6279
0.153482
2.0059
5.09016
0.312439
-0.06755
0.664675
0.687925
0.217656
0.151481
1.69558
5.05786
0.31265
-0.3715
0.498067
0.503733
0.21797
0.0157
1.69298
5.04427
0.320218
-0.345267
0.2737
0.658433
0.225334
0.013706
2.00461
5.07655
0.319495
-0.0269
0.311225
0.93595
0.22506
0.150065
3.85441
5.23593
0.318233
0.0822333
0.242667
0.946133
0.833248
0.031416
3.93022
5.03531
0.339423
0.14995
0.0481
0.968775
0.725926
0.006632
3.94508
5.03607
0.334632
0.57555
0.1059
0.699475
0.726039
0
3.86412
5.25043
0.312048
0.25175
0.451925
0.712275
0.840705
0.026465
3.86412
5.25043
0.312048
0.25175
0.451925
0.712275
0.822025
0.681798
3.94508
5.03607
0.334632
0.57555
0.1059
0.699475
0.935049
0.669946
3.95124
5.03639
0.323065
0.9065
0.138525
0.265825
0.935321
0.676431
3.86814
5.25665
0.299884
0.404325
0.634375
0.2824
0.819188
0.6886
2.65457
5.15548
0.299957
-0.0747333
0.931433
0.302967
0.620094
0.437767
2.31623
5.12833
0.299957
-0.085675
0.9429
0.24595
0.619741
0.289777
2.31623
5.12247
0.312228
-0.060425
0.6651
0.671875
0.627567
0.289525
2.65457
5.14961
0.312195
-0.05315
0.66365
0.667225
0.627901
0.437515
2.65457
5.14961
0.312195
-0.05315
0.66365
0.667225
0.22113
0.434933
2.31623
5.12247
0.312228
-0.060425
0.6651
0.671875
0.217341
0.287261
2.31623
5.10884
0.318773
-0.023475
0.2866
0.9442
0.224785
0.286424
2.65457
5.13597
0.31866
-0.021125
0.2757
0.947725
0.228575
0.434098
3.46705
5.22712
0.299884
-0.07655
0.9124
0.3006
0.636108
0.581105
3.06595
5.18849
0.299884
0.45535
0.48755
0.154375
0.636048
0.75662
3.06595
5.18262
0.312134
0.47215
0.3216
0.373325
0.628235
0.75686
3.46504
5.21653
0.312091
-0.05285
0.6236
0.731025
0.628319
0.582225
3.46504
5.21653
0.312091
-0.05285
0.6236
0.731025
0.840705
0.200758
3.06595
5.18262
0.312134
0.47215
0.3216
0.373325
0.840705
0.375051
3.06595
5.16897
0.318525
0.48905
0.136975
0.489125
0.833246
0.375767
3.46018
5.20245
0.318379
-0.0212
0.263475
0.95095
0.833247
0.203592
1.67254
4.95069
0.339423
-0.49465
0.020075
0.55125
0.563019
0.586506
1.69298
5.04427
0.320218
-0.345267
0.2737
0.658433
0.611166
0.596743
1.69558
5.05786
0.31265
-0.3715
0.498067
0.503733
0.61816
0.600805
1.69591
5.06621
0.299955
-0.3889
0.6699
0.225733
0.621068
0.607638
1.65377
5.07454
0
-0.5405
0.580325
-0.0017
0.62524
0.769295
1.64154
4.95069
0
-0.976325
-0.014375
-0.004675
0.563334
0.769339
3.05037
4.76811
0
0.146233
-0.988733
0
0.217341
0.597512
3.05037
4.76811
-0.332428
0.27228
-0.59808
-0.29882
0.015464
0.597791
3.48764
4.84353
-0.332428
0.0593333
-0.356933
-0.667467
0.014127
0.790676
3.92491
4.91896
-0.332428
0.1622
-0.368867
-0.6501
0.012789
0.983561
3.93985
4.92153
-0.327637
0.454333
-0.3754
-0.472667
0.015653
0.990148
3.94604
4.9226
-0.316069
0.681367
-0.381167
-0.179533
0.022659
0.992868
3.96308
4.9226
0
0.5811
-0.53735
0
0.214677
1
3.49809
5.01316
-0.339423
-0.0012
0.033325
-0.996525
0.733364
0.194823
3.06595
4.99101
-0.339423
0.49775
0.0023
-0.5242
0.740801
0.383013
3.06595
5.16897
-0.318525
0.48905
0.136975
-0.489125
0.833246
0.375767
3.46018
5.20245
-0.318379
-0.0212
0.263475
-0.95095
0.833247
0.203592
1.985
5.10839
0
-0.10165
0.99375
-0.002325
0.438031
0.145263
2.00607
5.09591
-0.299956
-0.098475
0.949175
-0.231875
0.619956
0.1538
1.69591
5.06348
-0.299955
-0.392167
0.689767
-0.1907
0.620171
0.017824
1.65377
5.07454
0
-0.5405
0.580325
-0.0017
0.438349
0
3.47557
5.24366
0
-0.08265
0.9952
-0.003725
0.818034
0.57694
3.46705
5.22257
-0.299884
-0.079475
0.94675
-0.24345
0.636108
0.581105
3.06595
5.18849
-0.299884
0.45645
0.504775
-0.126025
0.636048
0.75662
3.06595
5.20241
0
0.273683
0.692083
-0.00126667
0.818034
0.756148
3.96308
4.9226
0
0.5811
-0.53735
0
1
0.847886
3.94604
4.9226
-0.316069
0.681367
-0.381167
-0.179533
0.993832
0.678008
3.95124
5.03639
-0.323065
0.9065
0.138525
-0.265825
0.935321
0.676431
3.97779
5.03639
0
0.9625
0.1332
1.86265e-09
0.941611
0.850051
2.99237
5.18929
-0.331464
-0.9984
-0.035175
0.01805
0.223136
0.704486
2.99202
5.19366
-0.340916
-0.52055
0.25215
-0.244475
0.217341
0.706404
2.99202
4.99849
-0.364064
-0.500175
0.036425
-0.47305
0.274319
0.780925
2.99292
4.98708
-0.339423
-0.5002
0.037575
-0.47295
0.289425
0.775923
2.99292
5.1631
-0.318548
-0.51025
0.13295
-0.4601
0.23804
0.708718
3.97779
5.03639
0
0.9625
0.1332
1.86265e-09
0.941611
0.850051
3.95124
5.03639
-0.323065
0.9065
0.138525
-0.265825
0.935321
0.676431
3.86814
5.25665
-0.299884
0.4003
0.6515
-0.2536
0.819188
0.6886
3.88996
5.26925
0
0.430575
0.675875
-0.001825
0.818034
0.850051
1.99799
4.70051
0
-0.052775
-0.9966
-0.000525
0.215601
0.137874
2.02247
4.7178
-0.325636
-0.033275
-0.52915
-0.527525
0.017205
0.149472
2.31623
4.69307
-0.332428
0.009575
-0.516025
-0.5067
0.015464
0.276027
2.31623
4.69307
0
-0.00113333
-0.9971
-0.000166666
0.217341
0.275747
2.97886
4.7608
0
0.1017
-0.9948
0
0.217341
0.566167
2.97886
4.7608
-0.332428
-0.1999
-0.4658
-0.338675
0.015464
0.566447
3.05037
4.76811
-0.332428
0.27228
-0.59808
-0.29882
0.015464
0.597791
3.05037
4.76811
0
0.146233
-0.988733
0
0.217341
0.597512
2.02247
4.7178
-0.325636
-0.033275
-0.52915
-0.527525
0.409288
0.141514
1.7287
4.74254
-0.318845
-0.345667
-0.428033
-0.403867
0.380864
0.015699
1.67254
4.95069
-0.339423
-0.4927
0.0138
-0.555925
0.273425
0
1.99439
4.95069
-0.339423
-0.01025
0.048675
-0.99245
0.29019
0.139312
2.64754
4.72694
-0.332428
0.0354
-0.350933
-0.666367
0.437713
0.412256
2.31623
4.69307
-0.332428
0.009575
-0.516025
-0.5067
0.437713
0.267328
2.31623
4.95069
-0.339423
-0.00625
0.0492
-0.995125
0.306956
0.278624
2.65457
4.96888
-0.339423
-0.002925
0.0472
-0.99595
0.315307
0.425894
2.65457
5.1694
0
-0.0799
0.9957
0
0.438066
0.438516
2.65457
5.15548
-0.299957
-0.0747333
0.931433
-0.302967
0.620094
0.437767
2.31623
5.12833
-0.299957
-0.087175
0.947625
-0.2366
0.619741
0.289777
2.31623
5.14225
0
-0.090775
0.994725
-0.000575
0.437713
0.290527
3.48764
4.84353
-0.332428
0.0593333
-0.356933
-0.667467
0.647767
0.205356
3.05037
4.76811
-0.332428
0.27228
-0.59808
-0.29882
0.628235
0.397732
3.06595
4.99101
-0.339423
0.49775
0.0023
-0.5242
0.740801
0.383013
3.49809
5.01316
-0.339423
-0.0012
0.033325
-0.996525
0.733364
0.194823
3.06595
4.99101
-0.339423
0.49775
0.0023
-0.5242
0.890594
0.475838
3.06506
5.00242
-0.364064
0.497225
0.004575
-0.524125
0.875591
0.470794
3.06506
5.19952
-0.340916
0.4766
0.304675
-0.263475
0.818034
0.545868
3.0654
5.19515
-0.331464
0.9984
0.03515
-0.018025
0.823789
0.547803
3.06595
5.16897
-0.318525
0.48905
0.136975
-0.489125
0.838629
0.543619
1.7287
4.74254
-0.318845
-0.345667
-0.428033
-0.403867
0.45498
0.597471
1.67974
4.70795
0
-0.51315
-0.5953
-0.005125
0.437713
0.769339
1.64154
4.95069
0
-0.976325
-0.014375
-0.004675
0.563334
0.769339
1.67254
4.95069
-0.339423
-0.4927
0.0138
-0.555925
0.563019
0.586506
1.99439
4.95069
-0.339423
-0.01025
0.048675
-0.99245
0.29019
0.139312
1.67254
4.95069
-0.339423
-0.4927
0.0138
-0.555925
0.273425
0
1.69298
5.04427
-0.320218
-0.345167
0.2743
-0.658367
0.225334
0.013706
2.00461
5.07655
-0.319495
-0.0269
0.3112
-0.93595
0.22506
0.150065
3.06595
5.20241
0
0.273683
0.692083
-0.00126667
0.407108
0.764625
3.06506
5.20675
-0.02464
0.278733
0.6929
0.0498333
0.406913
0.751766
2.99202
5.20089
-0.02464
-0.384533
0.6256
0.0521667
0.370757
0.75171
2.99292
5.19655
0
-0.3845
0.625333
0
0.370953
0.764569
2.99292
4.98708
-0.339423
-0.5002
0.037575
-0.47295
0.289425
0.775923
2.99202
4.99849
-0.364064
-0.500175
0.036425
-0.47305
0.274319
0.780925
2.97796
4.77221
-0.357068
-0.3004
-0.2899
-0.451567
0.355651
0.855012
2.97886
4.7608
-0.332428
-0.1999
-0.4658
-0.338675
0.370757
0.85001
2.64754
4.72694
0
0.1017
-0.9948
0
0.217341
0.420957
2.64754
4.72694
-0.332428
0.0354
-0.350933
-0.666367
0.015464
0.421237
2.97886
4.7608
-0.332428
-0.1999
-0.4658
-0.338675
0.015464
0.566447
2.97886
4.7608
0
0.1017
-0.9948
0
0.217341
0.566167
3.06506
5.00242
-0.364064
0.497225
0.004575
-0.524125
0.840705
0.090788
2.99202
4.99849
-0.364064
-0.500175
0.036425
-0.47305
0.876604
0.093438
2.99202
5.19366
-0.340916
-0.52055
0.25215
-0.244475
0.87936
0.003523
3.06506
5.19952
-0.340916
0.4766
0.304675
-0.263475
0.843495
0
3.04948
4.77952
-0.357068
0.3632
-0.3351
-0.496667
0.844268
0.191277
2.97796
4.77221
-0.357068
-0.3004
-0.2899
-0.451567
0.87936
0.195438
2.99202
4.99849
-0.364064
-0.500175
0.036425
-0.47305
0.876604
0.093438
3.06506
5.00242
-0.364064
0.497225
0.004575
-0.524125
0.840705
0.090788
3.06506
5.20675
-0.02464
0.278733
0.6929
0.0498333
0.406913
0.751766
3.06506
5.19952
-0.340916
0.4766
0.304675
-0.263475
0.407108
0.582661
2.99202
5.19366
-0.340916
-0.52055
0.25215
-0.244475
0.370953
0.582605
2.99202
5.20089
-0.02464
-0.384533
0.6256
0.0521667
0.370757
0.75171
2.65457
4.96888
-0.339423
-0.002925
0.0472
-0.99595
0.315307
0.425894
2.31623
4.95069
-0.339423
-0.00625
0.0492
-0.995125
0.306956
0.278624
2.31623
5.10884
-0.318773
-0.023475
0.286575
-0.9442
0.224785
0.286424
2.65457
5.13597
-0.31866
-0.021125
0.2757
-0.947725
0.228575
0.434098
3.05037
4.76811
-0.332428
0.27228
-0.59808
-0.29882
0.969501
0.402776
3.04948
4.77952
-0.357068
0.3632
-0.3351
-0.496667
0.954498
0.397732
3.06506
5.00242
-0.364064
0.497225
0.004575
-0.524125
0.875591
0.470794
3.06595
4.99101
-0.339423
0.49775
0.0023
-0.5242
0.890594
0.475838
2.99292
5.19655
0
-0.3845
0.625333
0
0.370757
0.582605
2.99202
5.20089
-0.02464
-0.384533
0.6256
0.0521667
0.358093
0.590002
2.99202
5.19366
-0.340916
-0.52055
0.25215
-0.244475
0.217341
0.706404
2.99237
5.18929
-0.331464
-0.9984
-0.035175
0.01805
0.223136
0.704486
2.99292
5.18263
-0.299957
-0.536625
0.4421
-0.115625
0.23971
0.695396
3.0654
5.19515
-0.331464
0.9984
0.03515
-0.018025
0.823789
0.547803
3.06506
5.19952
-0.340916
0.4766
0.304675
-0.263475
0.818034
0.545868
3.06506
5.20675
-0.02464
0.278733
0.6929
0.0498333
0.956932
0.662511
3.06595
5.20241
0
0.273683
0.692083
-0.00126667
0.969501
0.669946
3.06595
5.18849
-0.299884
0.45645
0.504775
-0.126025
0.840236
0.556958
2.97886
4.7608
-0.332428
-0.1999
-0.4658
-0.338675
0.015464
0.566447
2.97796
4.77221
-0.357068
-0.3004
-0.2899
-0.451567
0
0.566537
3.04948
4.77952
-0.357068
0.3632
-0.3351
-0.496667
0
0.597881
3.05037
4.76811
-0.332428
0.27228
-0.59808
-0.29882
0.015464
0.597791
3.06595
5.16897
-0.318525
0.48905
0.136975
-0.489125
0.838629
0.543619
3.0654
5.19515
-0.331464
0.9984
0.03515
-0.018025
0.823789
0.547803
3.06595
5.18262
-0.312134
0.471875
0.3388
-0.343075
0.836783
0.550547
3.06595
5.18262
-0.312134
0.471875
0.3388
-0.343075
0.836783
0.550547
3.0654
5.19515
-0.331464
0.9984
0.03515
-0.018025
0.823789
0.547803
3.06595
5.18849
-0.299884
0.45645
0.504775
-0.126025
0.840236
0.556958
2.99292
5.18263
-0.299957
-0.536625
0.4421
-0.115625
0.23971
0.695396
2.99237
5.18929
-0.331464
-0.9984
-0.035175
0.01805
0.223136
0.704486
2.99292
5.17675
-0.312162
-0.52635
0.322275
-0.3255
0.236213
0.701786
2.99292
5.17675
-0.312162
-0.52635
0.322275
-0.3255
0.236213
0.701786
2.99237
5.18929
-0.331464
-0.9984
-0.035175
0.01805
0.223136
0.704486
2.99292
5.1631
-0.318548
-0.51025
0.13295
-0.4601
0.23804
0.708718
3.93022
5.03531
-0.339423
0.14995
0.0481
-0.968775
0.725926
0.006632
3.94508
5.03607
-0.334632
0.57555
0.1059
-0.699475
0.726039
0
3.93985
4.92153
-0.327637
0.454333
-0.3754
-0.472667
0.668336
0.006245
3.92491
4.91896
-0.332428
0.1622
-0.368867
-0.6501
0.6673
0.012979
3.94508
5.03607
-0.334632
0.57555
0.1059
-0.699475
0.935049
0.669946
3.95124
5.03639
-0.323065
0.9065
0.138525
-0.265825
0.935321
0.676431
3.94604
4.9226
-0.316069
0.681367
-0.381167
-0.179533
0.993832
0.678008
3.93985
4.92153
-0.327637
0.454333
-0.3754
-0.472667
0.993946
0.671509
2.00607
5.09591
-0.299956
-0.098475
0.949175
-0.231875
0.619956
0.1538
2.0059
5.09016
-0.312439
-0.070525
0.68405
-0.650025
0.6279
0.153482
1.69558
5.05786
-0.31265
-0.374067
0.5181
-0.466367
0.628234
0.017439
1.69591
5.06348
-0.299955
-0.392167
0.689767
-0.1907
0.620171
0.017824
2.0059
5.09016
-0.312439
-0.070525
0.68405
-0.650025
0.217656
0.151481
2.00461
5.07655
-0.319495
-0.0269
0.3112
-0.93595
0.22506
0.150065
1.69298
5.04427
-0.320218
-0.345167
0.2743
-0.658367
0.225334
0.013706
1.69558
5.05786
-0.31265
-0.374067
0.5181
-0.466367
0.21797
0.0157
3.85441
5.23593
-0.318233
0.0822333
0.242667
-0.946133
0.833248
0.031416
3.86412
5.25043
-0.312048
0.2491
0.469225
-0.68165
0.840705
0.026465
3.94508
5.03607
-0.334632
0.57555
0.1059
-0.699475
0.726039
0
3.93022
5.03531
-0.339423
0.14995
0.0481
-0.968775
0.725926
0.006632
3.86412
5.25043
-0.312048
0.2491
0.469225
-0.68165
0.822025
0.681798
3.86814
5.25665
-0.299884
0.4003
0.6515
-0.2536
0.819188
0.6886
3.95124
5.03639
-0.323065
0.9065
0.138525
-0.265825
0.935321
0.676431
3.94508
5.03607
-0.334632
0.57555
0.1059
-0.699475
0.935049
0.669946
2.65457
5.15548
-0.299957
-0.0747333
0.931433
-0.302967
0.620094
0.437767
2.65457
5.14961
-0.312195
-0.05315
0.66365
-0.667225
0.627901
0.437515
2.31623
5.12247
-0.312228
-0.0614
0.6699
-0.66195
0.627567
0.289525
2.31623
5.12833
-0.299957
-0.087175
0.947625
-0.2366
0.619741
0.289777
2.65457
5.14961
-0.312195
-0.05315
0.66365
-0.667225
0.22113
0.434933
2.65457
5.13597
-0.31866
-0.021125
0.2757
-0.947725
0.228575
0.434098
2.31623
5.10884
-0.318773
-0.023475
0.286575
-0.9442
0.224785
0.286424
2.31623
5.12247
-0.312228
-0.0614
0.6699
-0.66195
0.217341
0.287261
3.46705
5.22257
-0.299884
-0.079475
0.94675
-0.24345
0.636108
0.581105
3.46504
5.21653
-0.312091
-0.055775
0.6581
-0.67015
0.628319
0.582225
3.06595
5.18262
-0.312134
0.471875
0.3388
-0.343075
0.628235
0.75686
3.06595
5.18849
-0.299884
0.45645
0.504775
-0.126025
0.636048
0.75662
3.46504
5.21653
-0.312091
-0.055775
0.6581
-0.67015
0.840705
0.200758
3.46018
5.20245
-0.318379
-0.0212
0.263475
-0.95095
0.833247
0.203592
3.06595
5.16897
-0.318525
0.48905
0.136975
-0.489125
0.833246
0.375767
3.06595
5.18262
-0.312134
0.471875
0.3388
-0.343075
0.840705
0.375051
1.67254
4.95069
-0.339423
-0.4927
0.0138
-0.555925
0.563019
0.586506
1.64154
4.95069
0
-0.976325
-0.014375
-0.004675
0.563334
0.769339
1.65377
5.07454
0
-0.5405
0.580325
-0.0017
0.62524
0.769295
1.69591
5.06348
-0.299955
-0.392167
0.689767
-0.1907
0.621068
0.607638
1.69558
5.05786
-0.31265
-0.374067
0.5181
-0.466367
0.61816
0.600805
1.69298
5.04427
-0.320218
-0.345167
0.2743
-0.658367
0.611166
0.596743
2.99292
5.17675
-0.312162
-0.52635
0.322275
-0.3255
0.224918
0.582605
2.99292
5.1631
-0.318548
-0.51025
0.13295
-0.4601
0.232365
0.581772
2.65457
5.13597
-0.31866
-0.021125
0.2757
-0.947725
0.228575
0.434098
2.65457
5.14961
-0.312195
-0.05315
0.66365
-0.667225
0.22113
0.434933
2.99292
5.18263
-0.299957
-0.536625
0.4421
-0.115625
0.620448
0.585756
2.99292
5.17675
-0.312162
-0.52635
0.322275
-0.3255
0.628235
0.585504
2.65457
5.14961
-0.312195
-0.05315
0.66365
-0.667225
0.627901
0.437515
2.65457
5.15548
-0.299957
-0.0747333
0.931433
-0.302967
0.620094
0.437767
2.99292
4.98708
-0.339423
-0.5002
0.037575
-0.47295
0.323658
0.573163
2.65457
4.96888
-0.339423
-0.002925
0.0472
-0.99595
0.315307
0.425894
2.65457
5.13597
-0.31866
-0.021125
0.2757
-0.947725
0.228575
0.434098
2.99292
5.1631
-0.318548
-0.51025
0.13295
-0.4601
0.232365
0.581772
2.31623
4.69307
0
-0.00113333
-0.9971
-0.000166666
0.217341
0.275747
2.31623
4.69307
-0.332428
0.009575
-0.516025
-0.5067
0.015464
0.276027
2.64754
4.72694
-0.332428
0.0354
-0.350933
-0.666367
0.015464
0.421237
2.64754
4.72694
0
0.1017
-0.9948
0
0.217341
0.420957
2.99292
5.19655
0
-0.3845
0.625333
0
0.438419
0.586506
2.99292
5.18263
-0.299957
-0.536625
0.4421
-0.115625
0.620448
0.585756
2.65457
5.15548
-0.299957
-0.0747333
0.931433
-0.302967
0.620094
0.437767
2.65457
5.1694
0
-0.0799
0.9957
0
0.438066
0.438516
2.97886
4.7608
-0.332428
-0.1999
-0.4658
-0.338675
0.437713
0.557184
2.64754
4.72694
-0.332428
0.0354
-0.350933
-0.666367
0.437713
0.412256
2.65457
4.96888
-0.339423
-0.002925
0.0472
-0.99595
0.315307
0.425894
2.99292
4.98708
-0.339423
-0.5002
0.037575
-0.47295
0.323658
0.573163
2.99292
5.17675
0.312162
-0.52635
0.322275
0.3255
0.224918
0.582605
2.65457
5.14961
0.312195
-0.05315
0.66365
0.667225
0.22113
0.434933
2.65457
5.13597
0.31866
-0.021125
0.2757
0.947725
0.228575
0.434098
2.99292
5.1631
0.318548
-0.51025
0.13295
0.4601
0.232365
0.581772
2.99292
5.18263
0.299957
-0.536625
0.4421
0.115625
0.620448
0.585756
2.65457
5.15548
0.299957
-0.0747333
0.931433
0.302967
0.620094
0.437767
2.65457
5.14961
0.312195
-0.05315
0.66365
0.667225
0.627901
0.437515
2.99292
5.17675
0.312162
-0.52635
0.322275
0.3255
0.628235
0.585504
2.99292
4.98708
0.339423
-0.5002
0.037575
0.47295
0.323658
0.573163
2.99292
5.1631
0.318548
-0.51025
0.13295
0.4601
0.232365
0.581772
2.65457
5.13597
0.31866
-0.021125
0.2757
0.947725
0.228575
0.434098
2.65457
4.96888
0.339423
-0.002925
0.0472
0.99595
0.315307
0.425894
2.31623
4.69307
0
-0.00113333
-0.9971
-0.000166666
0.217341
0.275747
2.64754
4.72694
0
0.1017
-0.9948
0
0.217341
0.420957
2.64754
4.72694
0.332428
0.0354
-0.350933
0.666367
0.015464
0.421237
2.31623
4.69307
0.332428
0.00975
-0.516
0.506575
0.015464
0.276027
2.99292
5.19655
0
-0.3845
0.625333
0
0.438419
0.586506
2.65457
5.1694
0
-0.0799
0.9957
0
0.438066
0.438516
2.65457
5.15548
0.299957
-0.0747333
0.931433
0.302967
0.620094
0.437767
2.99292
5.18263
0.299957
-0.536625
0.4421
0.115625
0.620448
0.585756
2.97886
4.7608
0.332428
-0.1999
-0.4658
0.338675
0.437713
0.557184
2.99292
4.98708
0.339423
-0.5002
0.037575
0.47295
0.323658
0.573163
2.65457
4.96888
0.339423
-0.002925
0.0472
0.99595
0.315307
0.425894
2.64754
4.72694
0.332428
0.0354
-0.350933
0.666367
0.437713
0.412256
2.31623
5.12247
-0.312228
-0.0614
0.6699
-0.66195
0.217341
0.287261
2.31623
5.10884
-0.318773
-0.023475
0.286575
-0.9442
0.224785
0.286424
2.00461
5.07655
-0.319495
-0.0269
0.3112
-0.93595
0.22506
0.150065
2.0059
5.09016
-0.312439
-0.070525
0.68405
-0.650025
0.217656
0.151481
2.31623
5.12833
-0.299957
-0.087175
0.947625
-0.2366
0.619741
0.289777
2.31623
5.12247
-0.312228
-0.0614
0.6699
-0.66195
0.627567
0.289525
2.0059
5.09016
-0.312439
-0.070525
0.68405
-0.650025
0.6279
0.153482
2.00607
5.09591
-0.299956
-0.098475
0.949175
-0.231875
0.619956
0.1538
2.31623
4.95069
-0.339423
-0.00625
0.0492
-0.995125
0.306956
0.278624
1.99439
4.95069
-0.339423
-0.01025
0.048675
-0.99245
0.29019
0.139312
2.00461
5.07655
-0.319495
-0.0269
0.3112
-0.93595
0.22506
0.150065
2.31623
5.10884
-0.318773
-0.023475
0.286575
-0.9442
0.224785
0.286424
2.31623
4.69307
-0.332428
0.009575
-0.516025
-0.5067
0.437713
0.267328
2.02247
4.7178
-0.325636
-0.033275
-0.52915
-0.527525
0.409288
0.141514
1.99439
4.95069
-0.339423
-0.01025
0.048675
-0.99245
0.29019
0.139312
2.31623
4.95069
-0.339423
-0.00625
0.0492
-0.995125
0.306956
0.278624
1.67974
4.70795
0
-0.51315
-0.5953
-0.005125
0.213861
0
1.7287
4.74254
-0.318845
-0.345667
-0.428033
-0.403867
0.018946
0.022916
2.02247
4.7178
-0.325636
-0.033275
-0.52915
-0.527525
0.017205
0.149472
1.99799
4.70051
0
-0.052775
-0.9966
-0.000525
0.215601
0.137874
2.31623
5.14225
0
-0.090775
0.994725
-0.000575
0.437713
0.290527
2.31623
5.12833
-0.299957
-0.087175
0.947625
-0.2366
0.619741
0.289777
2.00607
5.09591
-0.299956
-0.098475
0.949175
-0.231875
0.619956
0.1538
1.985
5.10839
0
-0.10165
0.99375
-0.002325
0.438031
0.145263
2.31623
5.12247
0.312228
-0.060425
0.6651
0.671875
0.217341
0.287261
2.0059
5.09016
0.312439
-0.06755
0.664675
0.687925
0.217656
0.151481
2.00461
5.07655
0.319495
-0.0269
0.311225
0.93595
0.22506
0.150065
2.31623
5.10884
0.318773
-0.023475
0.2866
0.9442
0.224785
0.286424
2.31623
5.12833
0.299957
-0.085675
0.9429
0.24595
0.619741
0.289777
2.00607
5.09727
0.299956
-0.09445
0.93
0.26745
0.619956
0.1538
2.0059
5.09016
0.312439
-0.06755
0.664675
0.687925
0.6279
0.153482
2.31623
5.12247
0.312228
-0.060425
0.6651
0.671875
0.627567
0.289525
2.31623
4.95069
0.339423
-0.0062
0.049275
0.995125
0.306956
0.278624
2.31623
5.10884
0.318773
-0.023475
0.2866
0.9442
0.224785
0.286424
2.00461
5.07655
0.319495
-0.0269
0.311225
0.93595
0.22506
0.150065
1.99439
4.95069
0.339423
-0.010175
0.0489
0.99245
0.29019
0.139312
2.31623
4.69307
0.332428
0.00975
-0.516
0.506575
0.437713
0.267328
2.31623
4.95069
0.339423
-0.0062
0.049275
0.995125
0.306956
0.278624
1.99439
4.95069
0.339423
-0.010175
0.0489
0.99245
0.29019
0.139312
2.01624
4.7178
0.325636
-0.032925
-0.529
0.527
0.409288
0.141514
1.67974
4.70795
0
-0.51315
-0.5953
-0.005125
0.213861
0
1.99799
4.70051
0
-0.052775
-0.9966
-0.000525
0.215601
0.137874
2.01624
4.7178
0.325636
-0.032925
-0.529
0.527
0.017205
0.149472
1.71624
4.74254
0.318845
-0.347967
-0.4191
0.397033
0.018946
0.022916
2.31623
5.14225
0
-0.090775
0.994725
-0.000575
0.437713
0.290527
1.985
5.10839
0
-0.10165
0.99375
-0.002325
0.438031
0.145263
2.00607
5.09727
0.299956
-0.09445
0.93
0.26745
0.619956
0.1538
2.31623
5.12833
0.299957
-0.085675
0.9429
0.24595
0.619741
0.289777
3.86412
5.25043
-0.312048
0.2491
0.469225
-0.68165
0.840705
0.026465
3.85441
5.23593
-0.318233
0.0822333
0.242667
-0.946133
0.833248
0.031416
3.46018
5.20245
-0.318379
-0.0212
0.263475
-0.95095
0.833247
0.203592
3.46504
5.21653
-0.312091
-0.055775
0.6581
-0.67015
0.840705
0.200758
3.86814
5.25665
-0.299884
0.4003
0.6515
-0.2536
0.636168
0.40559
3.86412
5.25043
-0.312048
0.2491
0.469225
-0.68165
0.628404
0.40759
3.46504
5.21653
-0.312091
-0.055775
0.6581
-0.67015
0.628319
0.582225
3.46705
5.22257
-0.299884
-0.079475
0.94675
-0.24345
0.636108
0.581105
3.92491
4.91896
-0.332428
0.1622
-0.368867
-0.6501
0.6673
0.012979
3.48764
4.84353
-0.332428
0.0593333
-0.356933
-0.667467
0.647767
0.205356
3.49809
5.01316
-0.339423
-0.0012
0.033325
-0.996525
0.733364
0.194823
3.93022
5.03531
-0.339423
0.14995
0.0481
-0.968775
0.725926
0.006632
3.88996
5.26925
0
0.430575
0.675875
-0.001825
0.818034
0.397732
3.86814
5.25665
-0.299884
0.4003
0.6515
-0.2536
0.636168
0.40559
3.46705
5.22257
-0.299884
-0.079475
0.94675
-0.24345
0.636108
0.581105
3.47557
5.24366
0
-0.08265
0.9952
-0.003725
0.818034
0.57694
3.93022
5.03531
-0.339423
0.14995
0.0481
-0.968775
0.725926
0.006632
3.49809
5.01316
-0.339423
-0.0012
0.033325
-0.996525
0.733364
0.194823
3.46018
5.20245
-0.318379
-0.0212
0.263475
-0.95095
0.833247
0.203592
3.85441
5.23593
-0.318233
0.0822333
0.242667
-0.946133
0.833248
0.031416
3.86412
5.25043
0.312048
0.25175
0.451925
0.712275
0.840705
0.026465
3.46504
5.21653
0.312091
-0.05285
0.6236
0.731025
0.840705
0.200758
3.46018
5.20245
0.318379
-0.0212
0.263475
0.95095
0.833247
0.203592
3.85441
5.23593
0.318233
0.0822333
0.242667
0.946133
0.833248
0.031416
3.86814
5.25665
0.299884
0.404325
0.634375
0.2824
0.636168
0.40559
3.46705
5.22712
0.299884
-0.07655
0.9124
0.3006
0.636108
0.581105
3.46504
5.21653
0.312091
-0.05285
0.6236
0.731025
0.628319
0.582225
3.86412
5.25043
0.312048
0.25175
0.451925
0.712275
0.628404
0.40759
3.92491
4.91896
0.332428
0.1622
-0.368867
0.6501
0.6673
0.012979
3.93022
5.03531
0.339423
0.14995
0.0481
0.968775
0.725926
0.006632
3.49809
5.01316
0.339423
-0.0012
0.033325
0.996525
0.733364
0.194823
3.48764
4.84353
0.332428
0.0593333
-0.356933
0.667467
0.647767
0.205356
3.88996
5.26925
0
0.430575
0.675875
-0.001825
0.818034
0.397732
3.47557
5.24366
0
-0.08265
0.9952
-0.003725
0.818034
0.57694
3.46705
5.22712
0.299884
-0.07655
0.9124
0.3006
0.636108
0.581105
3.86814
5.25665
0.299884
0.404325
0.634375
0.2824
0.636168
0.40559
3.93022
5.03531
0.339423
0.14995
0.0481
0.968775
0.725926
0.006632
3.85441
5.23593
0.318233
0.0822333
0.242667
0.946133
0.833248
0.031416
3.46018
5.20245
0.318379
-0.0212
0.263475
0.95095
0.833247
0.203592
3.49809
5.01316
0.339423
-0.0012
0.033325
0.996525
0.733364
0.194823
