-1.60265
3.25073
0.229194
-0.1403
-0.302367
-0.663467
0.84713
0.511444
-0.500577
5.64138
0.229194
0.1403
0.302367
-0.663467
0.84713
0.987295
-0.485412
5.63435
0.230841
0.257833
0.2482
-0.6507
0.808582
0.985673
-1.58749
3.24369
0.230841
-0.0227667
-0.356533
-0.6507
0.808582
0.509822
-1.58749
3.24369
0.230841
-0.0227667
-0.356533
-0.6507
0.808582
0.509822
-0.485412
5.63435
0.230841
0.257833
0.2482
-0.6507
0.808582
0.985673
-0.47083
5.62758
0.235717
0.370867
0.196067
-0.612933
0.772272
0.984113
-1.57291
3.23693
0.235717
0.0902667
-0.408667
-0.612933
0.772272
0.508262
-1.57291
3.23693
0.235717
0.0902667
-0.408667
-0.612933
0.772272
0.508262
-0.47083
5.62758
0.235717
0.370867
0.196067
-0.612933
0.772272
0.984113
-0.457391
5.62134
0.243636
0.475033
0.148033
-0.551633
0.739594
0.982675
-1.55947
3.23069
0.243636
0.194433
-0.4567
-0.551633
0.739594
0.506824
-1.55947
3.23069
0.243636
0.194433
-0.4567
-0.551633
0.727557
0.503715
-0.457391
5.62134
0.243636
0.475033
0.148033
-0.551633
0.727557
0.979566
-0.445612
5.61588
0.254293
0.566333
0.105967
-0.469133
0.699749
0.978306
-1.54769
3.22522
0.254293
0.285733
-0.498767
-0.469133
0.699749
0.502455
-1.54769
3.22522
0.254293
0.285733
-0.498767
-0.469133
0.699749
0.502455
-0.445612
5.61588
0.254293
0.566333
0.105967
-0.469133
0.699749
0.978306
-0.435945
5.61139
0.267278
0.641267
0.0714333
-0.3686
0.66705
0.977272
-1.53802
3.22074
0.267278
0.360667
-0.5333
-0.3686
0.667051
0.501421
-1.53802
3.22074
0.267278
0.360667
-0.5333
-0.3686
0.667051
0.501421
-0.435945
5.61139
0.267278
0.641267
0.0714333
-0.3686
0.66705
0.977272
-0.428762
5.60806
0.282093
0.696933
0.0457667
-0.2539
0.630716
0.976503
-1.53084
3.21741
0.282093
0.416333
-0.558967
-0.2539
0.630716
0.500652
-1.53084
3.21741
0.282093
0.416333
-0.558967
-0.2539
0.630716
0.500652
-0.428762
5.60806
0.282093
0.696933
0.0457667
-0.2539
0.630716
0.976503
-0.424339
5.60601
0.298169
0.731233
0.0299667
-0.129433
0.592143
0.97603
-1.52641
3.21535
0.298169
0.450633
-0.574767
-0.129433
0.592143
0.500179
-1.52641
3.21535
0.298169
0.450633
-0.574767
-0.129433
0.592143
0.500179
-0.424339
5.60601
0.298169
0.731233
0.0299667
-0.129433
0.592143
0.97603
-0.422845
5.60531
0.314886
0.742833
0.0246333
0
0.552813
0.97587
-1.52492
3.21466
0.314886
0.462233
-0.5801
0
0.552813
0.500019
-1.52492
3.21466
0.314886
0.462233
-0.5801
0
0.552813
0.500019
-0.422845
5.60531
0.314886
0.742833
0.0246333
0
0.552813
0.97587
-0.424339
5.60601
0.331604
0.731233
0.0299667
0.129433
0.514238
0.97603
-1.52641
3.21535
0.331604
0.450633
-0.574767
0.129433
0.514238
0.500179
-1.52641
3.21535
0.331604
0.450633
-0.574767
0.129433
0.514238
0.500179
-0.424339
5.60601
0.331604
0.731233
0.0299667
0.129433
0.514238
0.97603
-0.428762
5.60806
0.347679
0.696933
0.0457667
0.2539
0.4779
0.976503
-1.53084
3.21741
0.347679
0.416333
-0.558967
0.2539
0.4779
0.500652
-1.53084
3.21741
0.347679
0.416333
-0.558967
0.2539
0.4779
0.500652
-0.428762
5.60806
0.347679
0.696933
0.0457667
0.2539
0.4779
0.976503
-0.435945
5.61139
0.362494
0.641267
0.0714333
0.3686
0.445196
0.977272
-1.53802
3.22074
0.362494
0.360667
-0.5333
0.3686
0.445196
0.501421
-1.53802
3.22074
0.362494
0.360667
-0.5333
0.3686
0.445196
0.501421
-0.435945
5.61139
0.362494
0.641267
0.0714333
0.3686
0.445196
0.977272
-0.445612
5.61588
0.37548
0.566333
0.105967
0.469133
0.417382
0.978306
-1.54769
3.22522
0.37548
0.285733
-0.498767
0.469133
0.417382
0.502455
-1.54769
3.22522
0.37548
0.285733
-0.498767
0.469133
0.993981
0.006824
-0.445612
5.61588
0.37548
0.566333
0.105967
0.469133
0.993981
0.482675
-0.457391
5.62134
0.386137
0.475033
0.148033
0.551633
0.961298
0.483935
-1.55947
3.23069
0.386137
0.194433
-0.4567
0.551633
0.961298
0.008084
-1.55947
3.23069
0.386137
0.194433
-0.4567
0.551633
0.961298
0.008084
-0.457391
5.62134
0.386137
0.475033
0.148033
0.551633
0.961298
0.483935
-0.47083
5.62758
0.394056
0.370867
0.196067
0.612933
0.924984
0.485373
-1.57291
3.23693
0.394056
0.0902667
-0.408667
0.612933
0.924984
0.009522
-1.57291
3.23693
0.394056
0.0902667
-0.408667
0.612933
0.924984
0.009522
-0.47083
5.62758
0.394056
0.370867
0.196067
0.612933
0.924984
0.485373
-0.485412
5.63435
0.398932
0.257833
0.2482
0.6507
0.886434
0.486933
-1.58749
3.24369
0.398932
-0.0227667
-0.356533
0.6507
0.886434
0.011082
-1.58749
3.24369
0.398932
-0.0227667
-0.356533
0.6507
0.886434
0.011082
-0.485412
5.63435
0.398932
0.257833
0.2482
0.6507
0.886434
0.486933
-0.500577
5.64138
0.400579
0.1403
0.302367
0.663467
0.84713
0.488556
-1.60265
3.25073
0.400579
-0.1403
-0.302367
0.663467
0.84713
0.012705
-1.60265
3.25073
0.400579
-0.1403
-0.302367
0.663467
0.84713
0.012705
-0.500577
5.64138
0.400579
0.1403
0.302367
0.663467
0.84713
0.488556
-0.515741
5.64842
0.398932
0.0227667
0.356533
0.6507
0.808582
0.490178
-1.61782
3.25777
0.398932
-0.257833
-0.2482
0.6507
0.808582
0.014327
-1.61782
3.25777
0.398932
-0.257833
-0.2482
0.6507
0.808582
0.014327
-0.515741
5.64842
0.398932
0.0227667
0.356533
0.6507
0.808582
0.490178
-0.530323
5.65518
0.394056
-0.0902667
0.408633
0.612933
0.772272
0.491738
-1.6324
3.26453
0.394056
-0.370867
-0.1961
0.612933
0.772272
0.015887
-1.6324
3.26453
0.394056
-0.370867
-0.1961
0.612933
0.772272
0.015887
-0.530323
5.65518
0.394056
-0.0902667
0.408633
0.612933
0.772272
0.491738
-0.543762
5.66142
0.386137
-0.194433
0.456667
0.551633
0.739594
0.493176
-1.64584
3.27077
0.386137
-0.475033
-0.148067
0.551633
0.739594
0.017325
-1.64584
3.27077
0.386137
-0.475033
-0.148067
0.551633
0.727557
0.006824
-0.543762
5.66142
0.386137
-0.194433
0.456667
0.551633
0.727557
0.482675
-0.555541
5.66688
0.37548
-0.285733
0.498767
0.469133
0.69975
0.483935
-1.65762
3.27623
0.37548
-0.566333
-0.105967
0.469133
0.69975
0.008084
-1.65762
3.27623
0.37548
-0.566333
-0.105967
0.469133
0.69975
0.008084
-0.555541
5.66688
0.37548
-0.285733
0.498767
0.469133
0.69975
0.483935
-0.565208
5.67137
0.362494
-0.360667
0.5333
0.3686
0.667051
0.484969
-1.66728
3.28072
0.362494
-0.641267
-0.0714333
0.3686
0.667051
0.009119
-1.66728
3.28072
0.362494
-0.641267
-0.0714333
0.3686
0.667051
0.009119
-0.565208
5.67137
0.362494
-0.360667
0.5333
0.3686
0.667051
0.484969
-0.572391
5.67471
0.347679
-0.416333
0.558967
0.2539
0.630716
0.485738
-1.67447
3.28405
0.347679
-0.696933
-0.0457667
0.2539
0.630716
0.009887
-1.67447
3.28405
0.347679
-0.696933
-0.0457667
0.2539
0.630716
0.009887
-0.572391
5.67471
0.347679
-0.416333
0.558967
0.2539
0.630716
0.485738
-0.576815
5.67676
0.331604
-0.450633
0.574767
0.129433
0.592143
0.486211
-1.67889
3.2861
0.331604
-0.731233
-0.0299667
0.129433
0.592143
0.01036
-1.67889
3.2861
0.331604
-0.731233
-0.0299667
0.129433
0.592143
0.01036
-0.576815
5.67676
0.331604
-0.450633
0.574767
0.129433
0.592143
0.486211
-0.578308
5.67745
0.314886
-0.462233
0.5801
0
0.552813
0.486371
-1.68038
3.2868
0.314886
-0.742833
-0.0246333
0
0.552813
0.01052
-1.68038
3.2868
0.314886
-0.742833
-0.0246333
0
0.552813
0.01052
-0.578308
5.67745
0.314886
-0.462233
0.5801
0
0.552813
0.486371
-0.576815
5.67676
0.298169
-0.450633
0.574767
-0.129433
0.514238
0.486211
-1.67889
3.2861
0.298169
-0.731233
-0.0299667
-0.129433
0.514238
0.01036
-1.67889
3.2861
0.298169
-0.731233
-0.0299667
-0.129433
0.514238
0.01036
-0.576815
5.67676
0.298169
-0.450633
0.574767
-0.129433
0.514238
0.486211
-0.572391
5.6747
0.282093
-0.416333
0.558967
-0.2539
0.4779
0.485738
-1.67447
3.28405
0.282093
-0.696933
-0.0457667
-0.2539
0.4779
0.009887
-1.67447
3.28405
0.282093
-0.696933
-0.0457667
-0.2539
0.4779
0.009887
-0.572391
5.6747
0.282093
-0.416333
0.558967
-0.2539
0.4779
0.485738
-0.565208
5.67137
0.267278
-0.360667
0.5333
-0.3686
0.445196
0.484969
-1.66728
3.28072
0.267278
-0.641267
-0.0714333
-0.3686
0.445196
0.009119
-1.66728
3.28072
0.267278
-0.641267
-0.0714333
-0.3686
0.445196
0.009119
-0.565208
5.67137
0.267278
-0.360667
0.5333
-0.3686
0.445196
0.484969
-0.555541
5.66688
0.254293
-0.285733
0.498767
-0.469133
0.417382
0.483935
-1.65762
3.27623
0.254293
-0.566333
-0.105967
-0.469133
0.417382
0.008084
-1.65762
3.27623
0.254293
-0.566333
-0.105967
-0.469133
0.993981
0.517325
-0.555541
5.66688
0.254293
-0.285733
0.498767
-0.469133
0.993981
0.993176
-0.543762
5.66142
0.243636
-0.194433
0.456667
-0.551633
0.961298
0.991916
-1.64584
3.27077
0.243636
-0.475033
-0.148067
-0.551633
0.961298
0.516065
-1.64584
3.27077
0.243636
-0.475033
-0.148067
-0.551633
0.961298
0.516065
-0.543762
5.66142
0.243636
-0.194433
0.456667
-0.551633
0.961298
0.991916
-0.530323
5.65518
0.235717
-0.0902667
0.408633
-0.612933
0.924984
0.990478
-1.6324
3.26453
0.235717
-0.370867
-0.1961
-0.612933
0.924984
0.514627
-0.485412
5.63435
0.230841
0.257833
0.2482
-0.6507
0.405344
0.255493
-0.500577
5.64138
0.229194
0.1403
0.302367
-0.663467
0.397671
0.299228
-0.515741
5.64842
0.230841
0.0227667
0.356533
-0.6507
0.382621
0.340425
-0.530323
5.65518
0.235717
-0.0902667
0.408633
-0.612933
0.36077
0.377502
-0.543762
5.66142
0.243636
-0.194433
0.456667
-0.551633
0.332959
0.409033
-0.555541
5.66688
0.254293
-0.285733
0.498767
-0.469133
0.300258
0.433807
-0.565208
5.67137
0.267278
-0.360667
0.5333
-0.3686
0.263921
0.450872
-0.572391
5.6747
0.282093
-0.416333
0.558967
-0.2539
0.225347
0.459571
-0.576815
5.67676
0.298169
-0.450633
0.574767
-0.129433
0.186017
0.459571
-0.578308
5.67745
0.314886
-0.462233
0.5801
0
0.147442
0.450872
-0.576815
5.67676
0.331604
-0.450633
0.574767
0.129433
0.111106
0.433807
-0.572391
5.67471
0.347679
-0.416333
0.558967
0.2539
0.078404
0.409034
-0.565208
5.67137
0.362494
-0.360667
0.5333
0.3686
0.050594
0.377502
-0.555541
5.66688
0.37548
-0.285733
0.498767
0.469133
0.028743
0.340426
-0.543762
5.66142
0.386137
-0.194433
0.456667
0.551633
0.013692
0.299229
-0.530323
5.65518
0.394056
-0.0902667
0.408633
0.612933
0.006019
0.255494
-0.515741
5.64842
0.398932
0.0227667
0.356533
0.6507
0.006019
0.210902
-0.500577
5.64138
0.400579
0.1403
0.302367
0.663467
0.013692
0.167167
-0.485412
5.63435
0.398932
0.257833
0.2482
0.6507
0.028743
0.12597
-0.47083
5.62758
0.394056
0.370867
0.196067
0.612933
0.050593
0.088893
-0.457391
5.62134
0.386137
0.475033
0.148033
0.551633
0.078404
0.057362
-0.445612
5.61588
0.37548
0.566333
0.105967
0.469133
0.111106
0.032588
-0.435945
5.61139
0.362494
0.641267
0.0714333
0.3686
0.147442
0.015523
-0.428762
5.60806
0.347679
0.696933
0.0457667
0.2539
0.186017
0.006824
-0.424339
5.60601
0.331604
0.731233
0.0299667
0.129433
0.225347
0.006824
-0.422845
5.60531
0.314886
0.742833
0.0246333
0
0.263921
0.015523
-0.424339
5.60601
0.298169
0.731233
0.0299667
-0.129433
0.300257
0.032588
-0.428762
5.60806
0.282093
0.696933
0.0457667
-0.2539
0.332959
0.057362
-0.435945
5.61139
0.267278
0.641267
0.0714333
-0.3686
0.36077
0.088893
-0.445612
5.61588
0.254293
0.566333
0.105967
-0.469133
0.38262
0.125969
-0.457391
5.62134
0.243636
0.475033
0.148033
-0.551633
0.397671
0.167167
-0.47083
5.62758
0.235717
0.370867
0.196067
-0.612933
0.405344
0.210902
-1.6324
3.26453
0.235717
-0.370867
-0.1961
-0.612933
0.924984
0.514627
-0.530323
5.65518
0.235717
-0.0902667
0.408633
-0.612933
0.924984
0.990478
-0.515741
5.64842
0.230841
0.0227667
0.356533
-0.6507
0.886434
0.988918
-1.61782
3.25777
0.230841
-0.257833
-0.2482
-0.6507
0.886434
0.513067
-1.61782
3.25777
0.230841
-0.257833
-0.2482
-0.6507
0.886434
0.513067
-0.515741
5.64842
0.230841
0.0227667
0.356533
-0.6507
0.886434
0.988918
-0.500577
5.64138
0.229194
0.1403
0.302367
-0.663467
0.84713
0.987295
-1.60265
3.25073
0.229194
-0.1403
-0.302367
-0.663467
0.84713
0.511444
-1.60265
3.25073
0.229194
-0.1403
-0.302367
-0.663467
0.006019
0.721889
-1.58749
3.24369
0.230841
-0.0227667
-0.356533
-0.6507
0.006019
0.677297
-1.57291
3.23693
0.235717
0.0902667
-0.408667
-0.612933
0.013692
0.633562
-1.55947
3.23069
0.243636
0.194433
-0.4567
-0.551633
0.028743
0.592365
-1.54769
3.22522
0.254293
0.285733
-0.498767
-0.469133
0.050593
0.555288
-1.53802
3.22074
0.267278
0.360667
-0.5333
-0.3686
0.078404
0.523757
-1.53084
3.21741
0.282093
0.416333
-0.558967
-0.2539
0.111106
0.498983
-1.52641
3.21535
0.298169
0.450633
-0.574767
-0.129433
0.147442
0.481919
-1.52492
3.21466
0.314886
0.462233
-0.5801
0
0.186016
0.473219
-1.52641
3.21535
0.331604
0.450633
-0.574767
0.129433
0.225347
0.473219
-1.53084
3.21741
0.347679
0.416333
-0.558967
0.2539
0.263921
0.481919
-1.53802
3.22074
0.362494
0.360667
-0.5333
0.3686
0.300257
0.498983
-1.54769
3.22522
0.37548
0.285733
-0.498767
0.469133
0.332959
0.523757
-1.55947
3.23069
0.386137
0.194433
-0.4567
0.551633
0.36077
0.555288
-1.57291
3.23693
0.394056
0.0902667
-0.408667
0.612933
0.38262
0.592365
-1.58749
3.24369
0.398932
-0.0227667
-0.356533
0.6507
0.397671
0.633562
-1.60265
3.25073
0.400579
-0.1403
-0.302367
0.663467
0.405344
0.677297
-1.61782
3.25777
0.398932
-0.257833
-0.2482
0.6507
0.405344
0.721889
-1.6324
3.26453
0.394056
-0.370867
-0.1961
0.612933
0.397671
0.765624
-1.64584
3.27077
0.386137
-0.475033
-0.148067
0.551633
0.38262
0.806821
-1.65762
3.27623
0.37548
-0.566333
-0.105967
0.469133
0.36077
0.843898
-1.66728
3.28072
0.362494
-0.641267
-0.0714333
0.3686
0.332959
0.875429
-1.67447
3.28405
0.347679
-0.696933
-0.0457667
0.2539
0.300257
0.900202
-1.67889
3.2861
0.331604
-0.731233
-0.0299667
0.129433
0.263921
0.917267
-1.68038
3.2868
0.314886
-0.742833
-0.0246333
0
0.225347
0.925966
-1.67889
3.2861
0.298169
-0.731233
-0.0299667
-0.129433
0.186016
0.925966
-1.67447
3.28405
0.282093
-0.696933
-0.0457667
-0.2539
0.147442
0.917267
-1.66728
3.28072
0.267278
-0.641267
-0.0714333
-0.3686
0.111106
0.900202
-1.65762
3.27623
0.254293
-0.566333
-0.105967
-0.469133
0.078404
0.875428
-1.64584
3.27077
0.243636
-0.475033
-0.148067
-0.551633
0.050593
0.843897
-1.6324
3.26453
0.235717
-0.370867
-0.1961
-0.612933
0.028743
0.806821
-1.61782
3.25777
0.230841
-0.257833
-0.2482
-0.6507
0.013692
0.765623
