-0.130268
5.91132
1.04827
0.9162
-0.3687
-0.0163
0.828131
0.787349
-0.127867
5.92176
1.04841
0.9745
-0.2238
-0.0165
0.832318
0.787272
-0.122387
5.91816
1.42065
0.9745
-0.2238
-0.0165
0.835889
0.960515
-0.124372
5.90953
1.42053
0.9162
-0.3687
-0.0163
0.832427
0.960579
-0.210216
6.00323
1.05632
-0.2377
0.95685
0.05835
0.926724
0.014301
-0.220057
5.99902
1.05686
-0.3893
0.9188
0.0646
0.930917
0.014245
-0.198612
5.98205
1.42764
-0.3893
0.9188
0.0646
0.932898
0.187041
-0.190476
5.98553
1.42719
-0.2377
0.95685
0.05835
0.929431
0.187088
-0.228399
5.87877
1.05397
-0.5113
-0.8585
0.0404
0.842679
0.01419
-0.219231
5.87327
1.05319
-0.36635
-0.9167
0.03285
0.846083
0.01408
-0.197929
5.87807
1.4246
-0.36635
-0.9167
0.03285
0.845145
0.187252
-0.205509
5.88262
1.42524
-0.5113
-0.8585
0.0404
0.84233
0.187344
-0.125466
5.9322
1.04855
0.9853
-0.068
-0.0144
0.836504
0.787195
-0.126403
5.94287
1.04892
0.9961
0.0878
-0.0123
0.840858
0.787194
-0.121176
5.93562
1.42107
0.9961
0.0878
-0.0123
0.84295
0.960451
-0.120402
5.9268
1.42076
0.9853
-0.068
-0.0144
0.83935
0.960451
-0.229898
5.99481
1.05741
-0.5218
0.8357
0.06925
0.93511
0.014188
-0.237965
5.98777
1.05775
-0.6543
0.7526
0.0739
0.938733
0.01408
-0.213419
5.97274
1.42837
-0.6543
0.7526
0.0739
0.93936
0.186905
-0.206749
5.97857
1.42809
-0.5218
0.8357
0.06925
0.936365
0.186995
-0.208812
5.87089
1.05242
-0.2214
-0.9749
0.0253
0.850161
0.014022
-0.198393
5.8685
1.05164
-0.06555
-0.9854
0.01805
0.854238
0.013964
-0.180699
5.87413
1.42332
-0.06555
-0.9854
0.01805
0.851888
0.187157
-0.189314
5.8761
1.42396
-0.2214
-0.9749
0.0253
0.848516
0.187205
-0.127339
5.95354
1.04929
0.95825
0.23935
-0.00805
0.845211
0.787194
-0.131521
5.96339
1.04985
0.9204
0.39095
-0.0038
0.849306
0.787272
-0.125408
5.95259
1.42184
0.9204
0.39095
-0.0038
0.849935
0.960515
-0.12195
5.94444
1.42137
0.95825
0.23935
-0.00805
0.846549
0.960451
-0.246032
5.98072
1.05809
-0.75465
0.6326
0.07645
0.924038
0.960241
-0.251535
5.97153
1.0582
-0.855
0.5126
0.079
0.920471
0.960229
-0.224639
5.95931
1.42874
-0.855
0.5126
0.079
0.919797
0.787214
-0.220088
5.96691
1.42865
-0.75465
0.6326
0.07645
0.922746
0.787224
-0.187741
5.86946
1.05095
0.09025
-0.9959
0.0108
0.85859
0.013964
-0.17709
5.87042
1.05026
0.24165
-0.9577
0.00455
0.862942
0.013964
-0.163085
5.87571
1.42218
0.24165
-0.9577
0.00455
0.859084
0.187157
-0.171892
5.87492
1.42275
0.09025
-0.9959
0.0108
0.855486
0.187157
-0.135703
5.97324
1.05042
0.8376
0.52345
0.0022
0.853401
0.787349
-0.142722
5.98131
1.05113
0.7548
0.6559
0.0082
0.856837
0.787496
-0.134669
5.9674
1.42289
0.7548
0.6559
0.0082
0.856162
0.960701
-0.128866
5.96073
1.42231
0.8376
0.52345
0.0022
0.853321
0.960579
-0.257038
5.96233
1.05831
-0.91335
0.3675
0.0792
0.916904
0.960218
-0.259439
5.95189
1.05817
-0.9717
0.2224
0.0794
0.912739
0.960211
-0.231174
5.94307
1.42872
-0.9717
0.2224
0.0794
0.913404
0.787199
-0.229189
5.95171
1.42883
-0.91335
0.3675
0.0792
0.916848
0.787205
-0.167249
5.87463
1.04971
0.3931
-0.9195
-0.0017
0.867142
0.014022
-0.157408
5.87884
1.04917
0.5253
-0.8364
-0.00635
0.871342
0.01408
-0.146812
5.88267
1.42128
0.5253
-0.8364
-0.00635
0.866029
0.187252
-0.154949
5.87919
1.42173
0.3931
-0.9195
-0.0017
0.862556
0.187205
-0.158907
5.99488
1.05261
0.5155
0.8566
0.0224
0.906425
0.014073
-0.168075
6.00037
1.05339
0.3706
0.91505
0.03
0.909845
0.014183
-0.155632
5.98316
1.42476
0.3706
0.91505
0.03
0.915475
0.186991
-0.148052
5.97862
1.42412
0.5155
0.8566
0.0224
0.912647
0.1869
-0.26184
5.94145
1.05803
-0.9824
0.0663
0.0773
0.908574
0.960205
-0.260903
5.93078
1.05766
-0.9931
-0.0898
0.0752
0.904218
0.960205
-0.232385
5.92562
1.4283
-0.9931
-0.0898
0.0752
0.906359
0.787194
-0.233159
5.93444
1.4286
-0.9824
0.0663
0.0773
0.909961
0.787194
-0.149342
5.88588
1.04883
0.65755
-0.7533
-0.011
0.874979
0.01419
-0.141275
5.89293
1.04849
0.75775
-0.63345
-0.01355
0.878615
0.0143
-0.133473
5.89432
1.42071
0.75775
-0.63345
-0.01355
0.872043
0.187435
-0.140143
5.8885
1.42099
0.65755
-0.7533
-0.011
0.869036
0.187343
-0.178494
6.00276
1.05416
0.2257
0.9735
0.0376
0.913932
0.014241
-0.188914
6.00515
1.05493
0.0698
0.9842
0.04485
0.918019
0.014299
-0.172862
5.98711
1.42604
0.0698
0.9842
0.04485
0.922233
0.187087
-0.164247
5.98514
1.4254
0.2257
0.9735
0.0376
0.918854
0.187039
-0.259967
5.92011
1.05729
-0.9551
-0.24145
0.0709
0.899863
0.960205
-0.255785
5.91026
1.05672
-0.9171
-0.39315
0.0666
0.895743
0.960211
-0.228153
5.90865
1.42752
-0.9171
-0.39315
0.0666
0.899352
0.7872
-0.231611
5.9168
1.42799
-0.9551
-0.24145
0.0709
0.902758
0.787194
-0.135772
5.90212
1.04838
0.8579
-0.5136
-0.0161
0.824522
0.787496
-0.130268
5.91132
1.04827
0.9162
-0.3687
-0.0163
0.828131
0.787349
-0.124372
5.90953
1.42053
0.9162
-0.3687
-0.0163
0.832427
0.960579
-0.128923
5.90193
1.42062
0.8579
-0.5136
-0.0161
0.829443
0.960701
-0.199565
6.00419
1.05562
-0.0861
0.9949
0.0521
0.922371
0.0143
-0.210216
6.00323
1.05632
-0.2377
0.95685
0.05835
0.926724
0.014301
-0.190476
5.98553
1.42719
-0.2377
0.95685
0.05835
0.929431
0.187088
-0.181669
5.98632
1.42661
-0.0861
0.9949
0.0521
0.925832
0.187088
-0.251603
5.9004
1.05616
-0.83405
-0.5256
0.06065
0.891623
0.960217
-0.244585
5.89234
1.05545
-0.751
-0.658
0.0547
0.888142
0.960229
-0.218892
5.89384
1.42647
-0.751
-0.658
0.0547
0.893067
0.787214
-0.224695
5.90051
1.42705
-0.83405
-0.5256
0.06065
0.895945
0.787205
-0.127867
5.92176
1.04841
0.9745
-0.2238
-0.0165
0.832318
0.787272
-0.125466
5.9322
1.04855
0.9853
-0.068
-0.0144
0.836504
0.787195
-0.120402
5.9268
1.42076
0.9853
-0.068
-0.0144
0.83935
0.960451
-0.122387
5.91816
1.42065
0.9745
-0.2238
-0.0165
0.835889
0.960515
-0.220057
5.99902
1.05686
-0.3893
0.9188
0.0646
0.930917
0.014245
-0.229898
5.99481
1.05741
-0.5218
0.8357
0.06925
0.93511
0.014188
-0.206749
5.97857
1.42809
-0.5218
0.8357
0.06925
0.936365
0.186995
-0.198612
5.98205
1.42764
-0.3893
0.9188
0.0646
0.932898
0.187041
-0.237567
5.88427
1.05474
-0.63115
-0.75825
0.04755
0.839275
0.0143
-0.228399
5.87877
1.05397
-0.5113
-0.8585
0.0404
0.842679
0.01419
-0.205509
5.88262
1.42524
-0.5113
-0.8585
0.0404
0.84233
0.187344
-0.213089
5.88716
1.42589
-0.63115
-0.75825
0.04755
0.839515
0.187435
-0.126403
5.94287
1.04892
0.9961
0.0878
-0.0123
0.840858
0.787194
-0.127339
5.95354
1.04929
0.95825
0.23935
-0.00805
0.845211
0.787194
-0.12195
5.94444
1.42137
0.95825
0.23935
-0.00805
0.846549
0.960451
-0.121176
5.93562
1.42107
0.9961
0.0878
-0.0123
0.84295
0.960451
-0.237965
5.98777
1.05775
-0.6543
0.7526
0.0739
0.938733
0.01408
-0.246032
5.98072
1.05809
-0.75465
0.6326
0.07645
0.942355
0.013972
-0.220088
5.96691
1.42865
-0.75465
0.6326
0.07645
0.942355
0.186816
-0.213419
5.97274
1.42837
-0.6543
0.7526
0.0739
0.93936
0.186905
-0.219231
5.87327
1.05319
-0.36635
-0.9167
0.03285
0.846083
0.01408
-0.208812
5.87089
1.05242
-0.2214
-0.9749
0.0253
0.850161
0.014022
-0.189314
5.8761
1.42396
-0.2214
-0.9749
0.0253
0.848516
0.187205
-0.197929
5.87807
1.4246
-0.36635
-0.9167
0.03285
0.845145
0.187252
-0.131521
5.96339
1.04985
0.9204
0.39095
-0.0038
0.849306
0.787272
-0.135703
5.97324
1.05042
0.8376
0.52345
0.0022
0.853401
0.787349
-0.128866
5.96073
1.42231
0.8376
0.52345
0.0022
0.853321
0.960579
-0.125408
5.95259
1.42184
0.9204
0.39095
-0.0038
0.849935
0.960515
-0.251535
5.97153
1.0582
-0.855
0.5126
0.079
0.920471
0.960229
-0.257038
5.96233
1.05831
-0.91335
0.3675
0.0792
0.916904
0.960218
-0.229189
5.95171
1.42883
-0.91335
0.3675
0.0792
0.916848
0.787205
-0.224639
5.95931
1.42874
-0.855
0.5126
0.079
0.919797
0.787214
-0.198393
5.8685
1.05164
-0.06555
-0.9854
0.01805
0.854238
0.013964
-0.187741
5.86946
1.05095
0.09025
-0.9959
0.0108
0.85859
0.013964
-0.171892
5.87492
1.42275
0.09025
-0.9959
0.0108
0.855486
0.187157
-0.180699
5.87413
1.42332
-0.06555
-0.9854
0.01805
0.851888
0.187157
-0.142722
5.98131
1.05113
0.7548
0.6559
0.0082
0.856837
0.787496
-0.14974
5.98938
1.05183
0.63515
0.75625
0.0153
0.860272
0.787644
-0.140472
5.97407
1.42348
0.63515
0.75625
0.0153
0.859002
0.960823
-0.134669
5.9674
1.42289
0.7548
0.6559
0.0082
0.856162
0.960701
-0.259439
5.95189
1.05817
-0.9717
0.2224
0.0794
0.912739
0.960211
-0.26184
5.94145
1.05803
-0.9824
0.0663
0.0773
0.908574
0.960205
-0.233159
5.93444
1.4286
-0.9824
0.0663
0.0773
0.909961
0.787194
-0.231174
5.94307
1.42872
-0.9717
0.2224
0.0794
0.913404
0.787199
-0.17709
5.87042
1.05026
0.24165
-0.9577
0.00455
0.862942
0.013964
-0.167249
5.87463
1.04971
0.3931
-0.9195
-0.0017
0.867142
0.014022
-0.154949
5.87919
1.42173
0.3931
-0.9195
-0.0017
0.862556
0.187205
-0.163085
5.87571
1.42218
0.24165
-0.9577
0.00455
0.859084
0.187157
-0.14974
5.98938
1.05183
0.63515
0.75625
0.0153
0.903005
0.013964
-0.158907
5.99488
1.05261
0.5155
0.8566
0.0224
0.906425
0.014073
-0.148052
5.97862
1.42412
0.5155
0.8566
0.0224
0.912647
0.1869
-0.140472
5.97407
1.42348
0.63515
0.75625
0.0153
0.909819
0.186809
-0.260903
5.93078
1.05766
-0.9931
-0.0898
0.0752
0.904218
0.960205
-0.259967
5.92011
1.05729
-0.9551
-0.24145
0.0709
0.899863
0.960205
-0.231611
5.9168
1.42799
-0.9551
-0.24145
0.0709
0.902758
0.787194
-0.232385
5.92562
1.4283
-0.9931
-0.0898
0.0752
0.906359
0.787194
-0.157408
5.87884
1.04917
0.5253
-0.8364
-0.00635
0.871342
0.01408
-0.149342
5.88588
1.04883
0.65755
-0.7533
-0.011
0.874979
0.01419
-0.140143
5.8885
1.42099
0.65755
-0.7533
-0.011
0.869036
0.187343
-0.146812
5.88267
1.42128
0.5253
-0.8364
-0.00635
0.866029
0.187252
-0.168075
6.00037
1.05339
0.3706
0.91505
0.03
0.909845
0.014183
-0.178494
6.00276
1.05416
0.2257
0.9735
0.0376
0.913932
0.014241
-0.164247
5.98514
1.4254
0.2257
0.9735
0.0376
0.918854
0.187039
-0.155632
5.98316
1.42476
0.3706
0.91505
0.03
0.915475
0.186991
-0.255785
5.91026
1.05672
-0.9171
-0.39315
0.0666
0.895743
0.960211
-0.251603
5.9004
1.05616
-0.83405
-0.5256
0.06065
0.891623
0.960217
-0.224695
5.90051
1.42705
-0.83405
-0.5256
0.06065
0.895945
0.787205
-0.228153
5.90865
1.42752
-0.9171
-0.39315
0.0666
0.899352
0.7872
-0.141275
5.89293
1.04849
0.75775
-0.63345
-0.01355
0.820913
0.787644
-0.135772
5.90212
1.04838
0.8579
-0.5136
-0.0161
0.824522
0.787496
-0.128923
5.90193
1.42062
0.8579
-0.5136
-0.0161
0.829443
0.960701
-0.133473
5.89432
1.42071
0.75775
-0.63345
-0.01355
0.826459
0.960823
-0.188914
6.00515
1.05493
0.0698
0.9842
0.04485
0.918019
0.014299
-0.199565
6.00419
1.05562
-0.0861
0.9949
0.0521
0.922371
0.0143
-0.181669
5.98632
1.42661
-0.0861
0.9949
0.0521
0.925832
0.187088
-0.172862
5.98711
1.42604
0.0698
0.9842
0.04485
0.922233
0.187087
-0.244585
5.89234
1.05545
-0.751
-0.658
0.0547
0.888142
0.960229
-0.237567
5.88427
1.05474
-0.63115
-0.75825
0.04755
0.884661
0.960241
-0.213089
5.88716
1.42589
-0.63115
-0.75825
0.04755
0.890189
0.787224
-0.218892
5.89384
1.42647
-0.751
-0.658
0.0547
0.893067
0.787214
-0.130268
5.91132
-1.02876
0.9162
-0.3687
0.0163
0.764376
0.96073
-0.124372
5.90953
-1.40102
0.633267
-0.255367
-0.321567
0.768828
0.787589
-0.122387
5.91816
-1.40114
0.52095
-0.12625
-0.4904
0.772288
0.787693
-0.127867
5.92176
-1.0289
0.9745
-0.2238
0.0165
0.768561
0.960855
-0.128866
5.96073
-1.4028
0.580867
0.3394
-0.3339
0.841497
0.326948
-0.125408
5.95259
-1.40233
0.636067
0.251067
-0.3299
0.843611
0.32361
-0.121951
5.94444
-1.40187
0.6613
0.15
-0.327067
0.845724
0.320272
-0.121176
5.93562
-1.40156
0.53175
0.02955
-0.4925
0.848633
0.317846
-0.120402
5.9268
-1.40125
0.679333
-0.0549
-0.322833
0.851542
0.31542
-0.122387
5.91816
-1.40114
0.52095
-0.12625
-0.4904
0.854962
0.314144
-0.124372
5.90953
-1.40102
0.633267
-0.255367
-0.321567
0.858382
0.312867
-0.128923
5.90193
-1.40111
0.46265
-0.27115
-0.4906
0.861977
0.312865
-0.133473
5.89432
-1.4012
0.527633
-0.431867
-0.3234
0.865573
0.312863
-0.140143
5.8885
-1.40148
0.460833
-0.511767
-0.3251
0.868992
0.314135
-0.146812
5.88267
-1.40177
0.372667
-0.567167
-0.3282
0.872412
0.315408
-0.154949
5.87919
-1.40222
0.23025
-0.4741
-0.4978
0.875321
0.317831
-0.163086
5.87571
-1.40267
0.183567
-0.648033
-0.335467
0.878229
0.320253
-0.171892
5.87492
-1.40324
0.0826333
-0.6735
-0.339633
0.880343
0.323589
-0.180699
5.87413
-1.40381
-0.0212333
-0.6665
-0.344467
0.882456
0.326924
-0.189314
5.8761
-1.40445
-0.077
-0.5018
-0.5113
0.883567
0.330846
-0.197929
5.87808
-1.40509
-0.221767
-0.6207
-0.354333
0.884678
0.334768
-0.205509
5.88262
-1.40573
-0.22195
-0.4436
-0.51885
0.884678
0.338893
-0.213089
5.88716
-1.40638
-0.3983
-0.515067
-0.364133
0.884678
0.343017
-0.218892
5.89384
-1.40696
-0.3418
-0.34335
-0.526
0.883566
0.34694
-0.224695
5.90051
-1.40754
-0.533567
-0.359967
-0.372867
0.882455
0.350864
-0.228153
5.90865
-1.40801
-0.588933
-0.271667
-0.376833
0.880342
0.354202
-0.231611
5.9168
-1.40848
-0.614267
-0.170533
-0.3797
0.878228
0.357539
-0.232385
5.92562
-1.40879
-0.46285
-0.05925
-0.53625
0.875319
0.359966
-0.233159
5.93444
-1.40909
-0.632467
0.0346333
-0.383967
0.87241
0.362392
-0.231174
5.94308
-1.40921
-0.45215
0.09685
-0.53835
0.868991
0.363668
-0.229189
5.95171
-1.40932
-0.586433
0.235433
-0.385233
0.865571
0.364945
-0.224639
5.95931
-1.40923
-0.3938
0.24195
-0.53815
0.861975
0.364947
-0.220088
5.96691
-1.40914
-0.480633
0.412167
-0.3834
0.85838
0.364949
-0.213419
5.97274
-1.40886
-0.29345
0.36195
-0.5356
0.85496
0.363676
-0.206749
5.97857
-1.40858
-0.3254
0.547567
-0.3786
0.851541
0.362404
-0.198612
5.98205
-1.40813
-0.16095
0.44505
-0.53095
0.848632
0.359981
-0.190476
5.98553
-1.40768
-0.136
0.628333
-0.371333
0.845723
0.357559
-0.181669
5.98632
-1.40711
-0.00935
0.4831
-0.5247
0.84361
0.354223
-0.172862
5.98711
-1.40653
0.069
0.646567
-0.362333
0.841496
0.350887
-0.164247
5.98514
-1.40589
0.14655
0.4724
-0.51745
0.840386
0.346966
-0.155632
5.98316
-1.40525
0.269533
0.600467
-0.352433
0.839275
0.343044
-0.148052
5.97862
-1.40461
0.29145
0.41395
-0.50985
0.839275
0.338919
-0.140472
5.97407
-1.40397
0.445933
0.494567
-0.342633
0.839275
0.334795
-0.134669
5.9674
-1.40339
0.5257
0.427667
-0.3379
0.840386
0.330871
-0.210216
6.00323
-1.03681
-0.2377
0.95685
-0.05835
0.919203
0.579379
-0.190476
5.98553
-1.40768
-0.136
0.628333
-0.371333
0.92191
0.406592
-0.198612
5.98205
-1.40813
-0.16095
0.44505
-0.53095
0.925377
0.406638
-0.220057
5.99902
-1.03735
-0.3893
0.9188
-0.0646
0.923396
0.579435
-0.228399
5.87877
-1.03446
-0.5113
-0.8585
-0.0404
0.86769
0.406818
-0.205509
5.88262
-1.40573
-0.22195
-0.4436
-0.51885
0.868039
0.579971
-0.197929
5.87808
-1.40509
-0.221767
-0.6207
-0.354333
0.865224
0.57988
-0.219231
5.87327
-1.03368
-0.36635
-0.9167
-0.03285
0.864285
0.406708
-0.125467
5.9322
-1.02904
0.9853
-0.068
0.0144
0.772746
0.96098
-0.120402
5.9268
-1.40125
0.679333
-0.0549
-0.322833
0.775748
0.787797
-0.121176
5.93562
-1.40156
0.53175
0.02955
-0.4925
0.779348
0.787797
-0.126403
5.94287
-1.02941
0.9961
0.0878
0.0123
0.7771
0.960981
-0.229898
5.99481
-1.0379
-0.5218
0.8357
-0.06925
0.927589
0.579492
-0.206749
5.97857
-1.40858
-0.3254
0.547567
-0.3786
0.928843
0.406685
-0.213419
5.97274
-1.40886
-0.29345
0.36195
-0.5356
0.931839
0.406775
-0.237965
5.98777
-1.03824
-0.6543
0.7526
-0.0739
0.931211
0.5796
-0.208812
5.87089
-1.03291
-0.2214
-0.9749
-0.0253
0.860208
0.40665
-0.189314
5.8761
-1.40445
-0.077
-0.5018
-0.5113
0.861853
0.579832
-0.180699
5.87413
-1.40381
-0.0212333
-0.6665
-0.344467
0.858481
0.579784
-0.198393
5.8685
-1.03213
-0.06555
-0.9854
-0.01805
0.85613
0.406592
-0.127339
5.95354
-1.02978
0.95825
0.23935
0.00805
0.781453
0.960981
-0.121951
5.94444
-1.40187
0.6613
0.15
-0.327067
0.782948
0.787796
-0.125408
5.95259
-1.40233
0.636067
0.251067
-0.3299
0.786335
0.787693
-0.131521
5.96339
-1.03034
0.9204
0.39095
0.0038
0.78555
0.960855
-0.246032
5.98072
-1.03858
-0.75465
0.6326
-0.07645
0.948427
0.95973
-0.220088
5.96691
-1.40914
-0.480633
0.412167
-0.3834
0.949488
0.788127
-0.224639
5.95931
-1.40923
-0.3938
0.24195
-0.53815
0.952428
0.787822
-0.251535
5.97153
-1.03869
-0.855
0.5126
-0.079
0.951983
0.959361
-0.187741
5.86946
-1.03144
0.09025
-0.9959
-0.0108
0.851779
0.406592
-0.171892
5.87492
-1.40324
0.0826333
-0.6735
-0.339633
0.854883
0.579785
-0.163086
5.87571
-1.40267
0.183567
-0.648033
-0.335467
0.851285
0.579784
-0.17709
5.87042
-1.03075
0.24165
-0.9577
-0.00455
0.847427
0.406592
-0.135703
5.97324
-1.03091
0.8376
0.52345
-0.0022
0.789647
0.96073
-0.128866
5.96073
-1.4028
0.580867
0.3394
-0.3339
0.789722
0.787589
-0.134669
5.9674
-1.40339
0.5257
0.427667
-0.3379
0.792565
0.787392
-0.142722
5.98131
-1.03162
0.75485
0.65585
-0.0082
0.793085
0.960491
-0.257038
5.96233
-1.0388
-0.91335
0.3675
-0.0792
0.955538
0.958991
-0.229189
5.95171
-1.40932
-0.586433
0.235433
-0.385233
0.955368
0.787516
-0.231174
5.94308
-1.40921
-0.45215
0.09685
-0.53835
0.958807
0.787355
-0.259439
5.95189
-1.03866
-0.9717
0.2224
-0.0794
0.959698
0.958796
-0.167249
5.87463
-1.03021
0.3931
-0.9195
0.0017
0.843227
0.40665
-0.154949
5.87919
-1.40222
0.23025
-0.4741
-0.4978
0.847812
0.579832
-0.146812
5.88267
-1.40177
0.372667
-0.567167
-0.3282
0.84434
0.57988
-0.157408
5.87884
-1.02966
0.5253
-0.8364
0.00635
0.839027
0.406707
-0.158907
5.99488
-1.0331
0.5155
0.8566
-0.0224
0.898904
0.579606
-0.148052
5.97862
-1.40461
0.29145
0.41395
-0.50985
0.905126
0.40678
-0.155632
5.98316
-1.40525
0.269533
0.600467
-0.352433
0.907954
0.406689
-0.168075
6.00037
-1.03388
0.3706
0.91505
-0.03
0.902324
0.579497
-0.26184
5.94145
-1.03852
-0.9824
0.0663
-0.0773
0.963857
0.958602
-0.233159
5.93444
-1.40909
-0.632467
0.0346333
-0.383967
0.962246
0.787195
-0.232385
5.92562
-1.40879
-0.46285
-0.05925
-0.53625
0.965848
0.787194
-0.260903
5.93078
-1.03815
-0.9931
-0.0898
-0.0752
0.968213
0.958602
-0.149342
5.88588
-1.02932
0.65755
-0.7533
0.011
0.83539
0.406818
-0.140143
5.8885
-1.40148
0.460833
-0.511767
-0.3251
0.841333
0.579971
-0.133473
5.89432
-1.4012
0.527633
-0.431867
-0.3234
0.838326
0.580062
-0.141275
5.89293
-1.02898
0.75775
-0.63345
0.01355
0.831753
0.406928
-0.178494
6.00276
-1.03465
0.2257
0.9735
-0.0376
0.906411
0.579439
-0.164247
5.98514
-1.40589
0.14655
0.4724
-0.51745
0.911333
0.406641
-0.172862
5.98711
-1.40653
0.069
0.646567
-0.362333
0.914712
0.406593
-0.188914
6.00515
-1.03542
0.0698
0.9842
-0.04485
0.910497
0.579381
-0.259967
5.92011
-1.03778
-0.9551
-0.24145
-0.0709
0.972569
0.958602
-0.231611
5.9168
-1.40848
-0.614267
-0.170533
-0.3797
0.96945
0.787195
-0.228153
5.90865
-1.40801
-0.588933
-0.271667
-0.376833
0.972861
0.787355
-0.255785
5.91026
-1.03721
-0.9171
-0.39315
-0.0666
0.976695
0.958796
-0.135772
5.90212
-1.02887
0.8579
-0.5136
0.0161
0.76077
0.960491
-0.128923
5.90193
-1.40111
0.46265
-0.27115
-0.4906
0.765846
0.787392
-0.124372
5.90953
-1.40102
0.633267
-0.255367
-0.321567
0.768828
0.787589
-0.130268
5.91132
-1.02876
0.9162
-0.3687
0.0163
0.764376
0.96073
-0.199565
6.00419
-1.03612
-0.0861
0.9949
-0.0521
0.91485
0.57938
-0.181669
5.98632
-1.40711
-0.00935
0.4831
-0.5247
0.918311
0.406592
-0.190476
5.98553
-1.40768
-0.136
0.628333
-0.371333
0.92191
0.406592
-0.210216
6.00323
-1.03681
-0.2377
0.95685
-0.05835
0.919203
0.579379
-0.251603
5.9004
-1.03665
-0.83405
-0.5256
-0.06065
0.980821
0.958991
-0.224695
5.90051
-1.40754
-0.533567
-0.359967
-0.372867
0.976272
0.787516
-0.218892
5.89384
-1.40696
-0.3418
-0.34335
-0.526
0.97916
0.787821
-0.244585
5.89234
-1.03594
-0.751
-0.658
-0.0547
0.984313
0.95936
-0.127867
5.92176
-1.0289
0.9745
-0.2238
0.0165
0.768561
0.960855
-0.122387
5.91816
-1.40114
0.52095
-0.12625
-0.4904
0.772288
0.787693
-0.120402
5.9268
-1.40125
0.679333
-0.0549
-0.322833
0.775748
0.787797
-0.125467
5.9322
-1.02904
0.9853
-0.068
0.0144
0.772746
0.96098
-0.220057
5.99902
-1.03735
-0.3893
0.9188
-0.0646
0.923396
0.579435
-0.198612
5.98205
-1.40813
-0.16095
0.44505
-0.53095
0.925377
0.406638
-0.206749
5.97857
-1.40858
-0.3254
0.547567
-0.3786
0.928843
0.406685
-0.229898
5.99481
-1.0379
-0.5218
0.8357
-0.06925
0.927589
0.579492
-0.237567
5.88427
-1.03524
-0.63115
-0.75825
-0.04755
0.871094
0.406928
-0.213089
5.88716
-1.40638
-0.3983
-0.515067
-0.364133
0.870853
0.580062
-0.205509
5.88262
-1.40573
-0.22195
-0.4436
-0.51885
0.868039
0.579971
-0.228399
5.87877
-1.03446
-0.5113
-0.8585
-0.0404
0.86769
0.406818
-0.126403
5.94287
-1.02941
0.9961
0.0878
0.0123
0.7771
0.960981
-0.121176
5.93562
-1.40156
0.53175
0.02955
-0.4925
0.779348
0.787797
-0.121951
5.94444
-1.40187
0.6613
0.15
-0.327067
0.782948
0.787796
-0.127339
5.95354
-1.02978
0.95825
0.23935
0.00805
0.781453
0.960981
-0.237965
5.98777
-1.03824
-0.6543
0.7526
-0.0739
0.931211
0.5796
-0.213419
5.97274
-1.40886
-0.29345
0.36195
-0.5356
0.931839
0.406775
-0.220088
5.96691
-1.40914
-0.480633
0.412167
-0.3834
0.934834
0.406864
-0.246032
5.98072
-1.03858
-0.75465
0.6326
-0.07645
0.934834
0.579708
-0.219231
5.87327
-1.03368
-0.36635
-0.9167
-0.03285
0.864285
0.406708
-0.197929
5.87808
-1.40509
-0.221767
-0.6207
-0.354333
0.865224
0.57988
-0.189314
5.8761
-1.40445
-0.077
-0.5018
-0.5113
0.861853
0.579832
-0.208812
5.87089
-1.03291
-0.2214
-0.9749
-0.0253
0.860208
0.40665
-0.131521
5.96339
-1.03034
0.9204
0.39095
0.0038
0.78555
0.960855
-0.125408
5.95259
-1.40233
0.636067
0.251067
-0.3299
0.786335
0.787693
-0.128866
5.96073
-1.4028
0.580867
0.3394
-0.3339
0.789722
0.787589
-0.135703
5.97324
-1.03091
0.8376
0.52345
-0.0022
0.789647
0.96073
-0.251535
5.97153
-1.03869
-0.855
0.5126
-0.079
0.951983
0.959361
-0.224639
5.95931
-1.40923
-0.3938
0.24195
-0.53815
0.952428
0.787822
-0.229189
5.95171
-1.40932
-0.586433
0.235433
-0.385233
0.955368
0.787516
-0.257038
5.96233
-1.0388
-0.91335
0.3675
-0.0792
0.955538
0.958991
-0.198393
5.8685
-1.03213
-0.06555
-0.9854
-0.01805
0.85613
0.406592
-0.180699
5.87413
-1.40381
-0.0212333
-0.6665
-0.344467
0.858481
0.579784
-0.171892
5.87492
-1.40324
0.0826333
-0.6735
-0.339633
0.854883
0.579785
-0.187741
5.86946
-1.03144
0.09025
-0.9959
-0.0108
0.851779
0.406592
-0.142722
5.98131
-1.03162
0.75485
0.65585
-0.0082
0.793085
0.960491
-0.134669
5.9674
-1.40339
0.5257
0.427667
-0.3379
0.792565
0.787392
-0.140472
5.97407
-1.40397
0.445933
0.494567
-0.342633
0.795408
0.787194
-0.14974
5.98938
-1.03232
0.6352
0.7562
-0.0153
0.796524
0.960252
-0.259439
5.95189
-1.03866
-0.9717
0.2224
-0.0794
0.959698
0.958796
-0.231174
5.94308
-1.40921
-0.45215
0.09685
-0.53835
0.958807
0.787355
-0.233159
5.93444
-1.40909
-0.632467
0.0346333
-0.383967
0.962246
0.787195
-0.26184
5.94145
-1.03852
-0.9824
0.0663
-0.0773
0.963857
0.958602
-0.17709
5.87042
-1.03075
0.24165
-0.9577
-0.00455
0.847427
0.406592
-0.163086
5.87571
-1.40267
0.183567
-0.648033
-0.335467
0.851285
0.579784
-0.154949
5.87919
-1.40222
0.23025
-0.4741
-0.4978
0.847812
0.579832
-0.167249
5.87463
-1.03021
0.3931
-0.9195
0.0017
0.843227
0.40665
-0.14974
5.98938
-1.03232
0.6352
0.7562
-0.0153
0.895483
0.579716
-0.140472
5.97407
-1.40397
0.445933
0.494567
-0.342633
0.902298
0.40687
-0.148052
5.97862
-1.40461
0.29145
0.41395
-0.50985
0.905126
0.40678
-0.158907
5.99488
-1.0331
0.5155
0.8566
-0.0224
0.898904
0.579606
-0.260903
5.93078
-1.03815
-0.9931
-0.0898
-0.0752
0.968213
0.958602
-0.232385
5.92562
-1.40879
-0.46285
-0.05925
-0.53625
0.965848
0.787194
-0.231611
5.9168
-1.40848
-0.614267
-0.170533
-0.3797
0.96945
0.787195
-0.259967
5.92011
-1.03778
-0.9551
-0.24145
-0.0709
0.972569
0.958602
-0.157408
5.87884
-1.02966
0.5253
-0.8364
0.00635
0.839027
0.406707
-0.146812
5.88267
-1.40177
0.372667
-0.567167
-0.3282
0.84434
0.57988
-0.140143
5.8885
-1.40148
0.460833
-0.511767
-0.3251
0.841333
0.579971
-0.149342
5.88588
-1.02932
0.65755
-0.7533
0.011
0.83539
0.406818
-0.168075
6.00037
-1.03388
0.3706
0.91505
-0.03
0.902324
0.579497
-0.155632
5.98316
-1.40525
0.269533
0.600467
-0.352433
0.907954
0.406689
-0.164247
5.98514
-1.40589
0.14655
0.4724
-0.51745
0.911333
0.406641
-0.178494
6.00276
-1.03465
0.2257
0.9735
-0.0376
0.906411
0.579439
-0.255785
5.91026
-1.03721
-0.9171
-0.39315
-0.0666
0.976695
0.958796
-0.228153
5.90865
-1.40801
-0.588933
-0.271667
-0.376833
0.972861
0.787355
-0.224695
5.90051
-1.40754
-0.533567
-0.359967
-0.372867
0.976272
0.787516
-0.251603
5.9004
-1.03665
-0.83405
-0.5256
-0.06065
0.980821
0.958991
-0.141275
5.89293
-1.02898
0.75775
-0.63345
0.01355
0.757164
0.960252
-0.133473
5.89432
-1.4012
0.527633
-0.431867
-0.3234
0.762864
0.787194
-0.128923
5.90193
-1.40111
0.46265
-0.27115
-0.4906
0.765846
0.787392
-0.135772
5.90212
-1.02887
0.8579
-0.5136
0.0161
0.76077
0.960491
-0.188914
6.00515
-1.03542
0.0698
0.9842
-0.04485
0.910497
0.579381
-0.172862
5.98711
-1.40653
0.069
0.646567
-0.362333
0.914712
0.406593
-0.181669
5.98632
-1.40711
-0.00935
0.4831
-0.5247
0.918311
0.406592
-0.199565
6.00419
-1.03612
-0.0861
0.9949
-0.0521
0.91485
0.57938
-0.244585
5.89234
-1.03594
-0.751
-0.658
-0.0547
0.984313
0.95936
-0.218892
5.89384
-1.40696
-0.3418
-0.34335
-0.526
0.97916
0.787821
-0.213089
5.88716
-1.40638
-0.3983
-0.515067
-0.364133
0.982047
0.788127
-0.237567
5.88427
-1.03524
-0.63115
-0.75825
-0.04755
0.987805
0.95973
