3.35299
3.34007
0.23136
0.1678
-0.288
-0.663733
0.795944
0.047455
2.61068
4.48658
0.23136
-0.1678
0.288
-0.663733
0.795944
0.466993
2.62644
4.49576
0.233067
-0.0641
0.355133
-0.652133
0.759805
0.452569
3.36876
3.34925
0.233068
0.2715
-0.220867
-0.652133
0.759805
0.03303
3.36876
3.34925
0.233068
0.2715
-0.220867
-0.652133
0.759805
0.03303
2.62644
4.49576
0.233067
-0.0641
0.355133
-0.652133
0.759805
0.452569
2.64159
4.50459
0.238125
0.0366333
0.420367
-0.617367
0.725853
0.438698
3.38391
3.35808
0.238125
0.372233
-0.155633
-0.617367
0.725853
0.01916
3.38391
3.35808
0.238125
0.372233
-0.155633
-0.617367
0.725853
0.01916
2.64159
4.50459
0.238125
0.0366333
0.420367
-0.617367
0.725853
0.438698
2.65556
4.51273
0.246338
0.131267
0.481633
-0.5598
0.695394
0.425915
3.39788
3.36622
0.246338
0.466867
-0.0943667
-0.5598
0.695394
0.006377
3.39788
3.36622
0.246338
0.466867
-0.0943667
-0.5598
0.711928
0.960763
2.65556
4.51273
0.246338
0.131267
0.481633
-0.5598
0.711928
0.541224
2.6678
4.51986
0.25739
0.216333
0.5367
-0.4804
0.743849
0.552428
3.41012
3.37335
0.25739
0.551933
-0.0393
-0.4804
0.743849
0.971967
3.41012
3.37335
0.25739
0.551933
-0.0393
-0.4804
0.743849
0.971967
2.6678
4.51986
0.25739
0.216333
0.5367
-0.4804
0.743849
0.552428
2.67785
4.52572
0.270858
0.288067
0.583167
-0.380933
0.779591
0.561624
3.42017
3.37921
0.270858
0.623667
0.00716666
-0.380933
0.779591
0.981162
3.42017
3.37921
0.270858
0.623667
0.00716666
-0.380933
0.779591
0.981162
2.67785
4.52572
0.270858
0.288067
0.583167
-0.380933
0.779591
0.561624
2.68532
4.53007
0.286223
0.342767
0.618567
-0.264467
0.817782
0.568456
3.42763
3.38356
0.286223
0.678367
0.0425667
-0.264467
0.817782
0.987995
3.42763
3.38356
0.286223
0.678367
0.0425667
-0.264467
0.817782
0.987995
2.68532
4.53007
0.286223
0.342767
0.618567
-0.264467
0.817782
0.568456
2.68991
4.53274
0.302896
0.377133
0.6408
-0.135567
0.856952
0.572664
3.43223
3.38624
0.302896
0.712733
0.0648
-0.135567
0.856952
0.992203
3.43223
3.38624
0.302896
0.712733
0.0648
-0.135567
0.856952
0.992203
2.68991
4.53274
0.302896
0.377133
0.6408
-0.135567
0.856952
0.572664
2.69146
4.53365
0.320234
0.388867
0.6484
0
0.895598
0.574085
3.43378
3.38714
0.320234
0.724467
0.0724
0
0.895598
0.993623
3.43378
3.38714
0.320234
0.724467
0.0724
0
0.895598
0.993623
2.69146
4.53365
0.320234
0.388867
0.6484
0
0.895598
0.574085
2.68991
4.53274
0.337573
0.377133
0.6408
0.135567
0.932234
0.572664
3.43223
3.38624
0.337573
0.712733
0.0648
0.135567
0.932234
0.992203
3.43223
3.38624
0.337573
0.712733
0.0648
0.135567
0.932234
0.992203
2.68991
4.53274
0.337573
0.377133
0.6408
0.135567
0.932234
0.572664
2.68532
4.53007
0.354245
0.342767
0.618567
0.264467
0.965452
0.568456
3.42763
3.38356
0.354245
0.678367
0.0425667
0.264467
0.965451
0.987995
3.42763
3.38356
0.354245
0.678367
0.0425667
0.264467
0.965451
0.987995
2.68532
4.53007
0.354245
0.342767
0.618567
0.264467
0.965452
0.568456
2.67785
4.52572
0.36961
0.288067
0.583167
0.380933
0.993975
0.561624
3.42017
3.37921
0.36961
0.623667
0.00716666
0.380933
0.993975
0.981162
3.42017
3.37921
0.36961
0.623667
0.00716666
0.380933
0.683343
0.006377
2.67785
4.52572
0.36961
0.288067
0.583167
0.380933
0.683343
0.425915
2.6678
4.51986
0.383078
0.216333
0.5367
0.4804
0.656902
0.435111
3.41012
3.37335
0.383078
0.551933
-0.0393
0.4804
0.656902
0.015572
3.41012
3.37335
0.383078
0.551933
-0.0393
0.4804
0.656902
0.015572
2.6678
4.51986
0.383078
0.216333
0.5367
0.4804
0.656902
0.435111
2.65556
4.51273
0.39413
0.131267
0.481633
0.5598
0.625936
0.446315
3.39788
3.36622
0.39413
0.466867
-0.0943667
0.5598
0.625936
0.026776
3.39788
3.36622
0.39413
0.466867
-0.0943667
0.5598
0.625936
0.026776
2.65556
4.51273
0.39413
0.131267
0.481633
0.5598
0.625936
0.446315
2.64159
4.50459
0.402343
0.0366333
0.420367
0.617367
0.591636
0.459098
3.38391
3.35808
0.402343
0.372233
-0.155633
0.617367
0.591635
0.039559
3.38391
3.35808
0.402343
0.372233
-0.155633
0.617367
0.591635
0.039559
2.64159
4.50459
0.402343
0.0366333
0.420367
0.617367
0.591636
0.459098
2.62644
4.49576
0.407401
-0.0641
0.355133
0.652133
0.555318
0.472968
3.36876
3.34925
0.407401
0.2715
-0.220867
0.652133
0.555318
0.053429
3.36876
3.34925
0.407401
0.2715
-0.220867
0.652133
0.555318
0.053429
2.62644
4.49576
0.407401
-0.0641
0.355133
0.652133
0.555318
0.472968
2.61068
4.48658
0.409108
-0.1678
0.288
0.663733
0.518381
0.487393
3.35299
3.34007
0.409108
0.1678
-0.288
0.663733
0.518381
0.067854
3.35299
3.34007
0.409108
0.1678
-0.288
0.663733
0.518381
0.067854
2.61068
4.48658
0.409108
-0.1678
0.288
0.663733
0.518381
0.487393
2.59491
4.47739
0.407401
-0.2715
0.220867
0.652133
0.482242
0.501818
3.33723
3.33089
0.407401
0.0641
-0.355133
0.652133
0.482242
0.082279
3.33723
3.33089
0.407401
0.0641
-0.355133
0.652133
0.482242
0.082279
2.59491
4.47739
0.407401
-0.2715
0.220867
0.652133
0.482242
0.501818
2.57976
4.46856
0.402343
-0.372267
0.155633
0.617367
0.44829
0.515688
3.32208
3.32206
0.402343
-0.0366667
-0.420367
0.617367
0.44829
0.096149
3.32208
3.32206
0.402343
-0.0366667
-0.420367
0.617367
0.44829
0.096149
2.57976
4.46856
0.402343
-0.372267
0.155633
0.617367
0.44829
0.515688
2.56579
4.46042
0.39413
-0.466867
0.0943667
0.5598
0.41783
0.528471
3.30811
3.31392
0.39413
-0.131267
-0.481633
0.5598
0.41783
0.108932
3.30811
3.31392
0.39413
-0.131267
-0.481633
0.5598
0.699877
0.541224
2.56579
4.46042
0.39413
-0.466867
0.0943667
0.5598
0.699877
0.960763
2.55355
4.45329
0.383078
-0.5519
0.0393
0.4804
0.667956
0.971967
3.29587
3.30679
0.383078
-0.2163
-0.5367
0.4804
0.667956
0.552429
3.29587
3.30679
0.383078
-0.2163
-0.5367
0.4804
0.667956
0.552429
2.55355
4.45329
0.383078
-0.5519
0.0393
0.4804
0.667956
0.971967
2.5435
4.44744
0.36961
-0.623667
-0.00713333
0.380933
0.632214
0.981163
3.28582
3.30093
0.36961
-0.288067
-0.583133
0.380933
0.632214
0.561624
3.28582
3.30093
0.36961
-0.288067
-0.583133
0.380933
0.632214
0.561624
2.5435
4.44744
0.36961
-0.623667
-0.00713333
0.380933
0.632214
0.981163
2.53604
4.44309
0.354245
-0.678367
-0.0425333
0.264467
0.594024
0.987995
3.27836
3.29658
0.354245
-0.342767
-0.618533
0.264467
0.594024
0.568456
3.27836
3.29658
0.354245
-0.342767
-0.618533
0.264467
0.594024
0.568456
2.53604
4.44309
0.354245
-0.678367
-0.0425333
0.264467
0.594024
0.987995
2.53144
4.44041
0.337572
-0.712733
-0.0648
0.135533
0.554853
0.992203
3.27376
3.2939
0.337572
-0.377133
-0.6408
0.135533
0.554853
0.572664
3.27376
3.2939
0.337572
-0.377133
-0.6408
0.135533
0.554853
0.572664
2.53144
4.44041
0.337572
-0.712733
-0.0648
0.135533
0.554853
0.992203
2.52989
4.43951
0.320234
-0.724467
-0.0724
-3.33339e-05
0.516207
0.993623
3.2722
3.293
0.320234
-0.388867
-0.6484
-3.33339e-05
0.516207
0.574085
3.2722
3.293
0.320234
-0.388867
-0.6484
-3.33339e-05
0.516207
0.574085
2.52989
4.43951
0.320234
-0.724467
-0.0724
-3.33339e-05
0.516207
0.993623
2.53144
4.44041
0.302895
-0.712733
-0.0648
-0.135567
0.479571
0.992203
3.27376
3.2939
0.302895
-0.377133
-0.6408
-0.135567
0.479571
0.572664
3.27376
3.2939
0.302895
-0.377133
-0.6408
-0.135567
0.479571
0.572664
2.53144
4.44041
0.302895
-0.712733
-0.0648
-0.135567
0.479571
0.992203
2.53604
4.44309
0.286223
-0.678367
-0.0425333
-0.2645
0.446354
0.987995
3.27836
3.29658
0.286223
-0.342767
-0.618533
-0.2645
0.446354
0.568456
3.27836
3.29658
0.286223
-0.342767
-0.618533
-0.2645
0.446354
0.568456
2.53604
4.44309
0.286223
-0.678367
-0.0425333
-0.2645
0.446354
0.987995
2.5435
4.44744
0.270858
-0.623667
-0.00713333
-0.380967
0.41783
0.981163
3.28582
3.30093
0.270858
-0.288067
-0.583133
-0.380967
0.41783
0.561624
3.28582
3.30093
0.270858
-0.288067
-0.583133
-0.380967
0.960906
0.108932
2.5435
4.44744
0.270858
-0.623667
-0.00713333
-0.380967
0.960906
0.528471
2.55355
4.45329
0.25739
-0.5519
0.0393
-0.480433
0.934465
0.519276
3.29587
3.30679
0.25739
-0.2163
-0.5367
-0.480433
0.934465
0.099737
3.29587
3.30679
0.25739
-0.2163
-0.5367
-0.480433
0.934465
0.099737
2.55355
4.45329
0.25739
-0.5519
0.0393
-0.480433
0.934465
0.519276
2.56579
4.46042
0.246338
-0.466833
0.0943667
-0.559833
0.903499
0.508071
3.30811
3.31392
0.246338
-0.131233
-0.481633
-0.559833
0.903499
0.088532
3.30811
3.31392
0.246338
-0.131233
-0.481633
-0.559833
0.903499
0.088532
2.56579
4.46042
0.246338
-0.466833
0.0943667
-0.559833
0.903499
0.508071
2.57976
4.46856
0.238125
-0.372233
0.155633
-0.617367
0.869199
0.495288
3.32208
3.32206
0.238125
-0.0366333
-0.420367
-0.617367
0.869199
0.075749
2.62644
4.49576
0.233067
-0.0641
0.355133
-0.652133
0.186216
0.865243
2.61068
4.48658
0.23136
-0.1678
0.288
-0.663733
0.1476
0.857114
2.59491
4.47739
0.233067
-0.2715
0.220867
-0.652133
0.111225
0.841169
2.57976
4.46856
0.238125
-0.372233
0.155633
-0.617367
0.078488
0.818019
2.56579
4.46042
0.246338
-0.466833
0.0943667
-0.559833
0.050648
0.788556
2.55355
4.45329
0.25739
-0.5519
0.0393
-0.480433
0.028774
0.753911
2.5435
4.44744
0.270858
-0.623667
-0.00713333
-0.380967
0.013707
0.715415
2.53604
4.44309
0.286223
-0.678367
-0.0425333
-0.2645
0.006025
0.674548
2.53144
4.44041
0.302895
-0.712733
-0.0648
-0.135567
0.006025
0.632881
2.52989
4.43951
0.320234
-0.724467
-0.0724
-3.33339e-05
0.013706
0.592014
2.53144
4.44041
0.337572
-0.712733
-0.0648
0.135533
0.028774
0.553518
2.53604
4.44309
0.354245
-0.678367
-0.0425333
0.264467
0.050648
0.518873
2.5435
4.44744
0.36961
-0.623667
-0.00713333
0.380933
0.078488
0.48941
2.55355
4.45329
0.383078
-0.5519
0.0393
0.4804
0.111225
0.466261
2.56579
4.46042
0.39413
-0.466867
0.0943667
0.5598
0.1476
0.450315
2.57976
4.46856
0.402343
-0.372267
0.155633
0.617367
0.186216
0.442186
2.59491
4.47739
0.407401
-0.2715
0.220867
0.652133
0.225589
0.442186
2.61068
4.48658
0.409108
-0.1678
0.288
0.663733
0.264205
0.450315
2.62644
4.49576
0.407401
-0.0641
0.355133
0.652133
0.30058
0.466261
2.64159
4.50459
0.402343
0.0366333
0.420367
0.617367
0.333317
0.48941
2.65556
4.51273
0.39413
0.131267
0.481633
0.5598
0.361157
0.518873
2.6678
4.51986
0.383078
0.216333
0.5367
0.4804
0.383031
0.553518
2.67785
4.52572
0.36961
0.288067
0.583167
0.380933
0.398099
0.592014
2.68532
4.53007
0.354245
0.342767
0.618567
0.264467
0.40578
0.632881
2.68991
4.53274
0.337573
0.377133
0.6408
0.135567
0.40578
0.674548
2.69146
4.53365
0.320234
0.388867
0.6484
0
0.398099
0.715415
2.68991
4.53274
0.302896
0.377133
0.6408
-0.135567
0.383031
0.753911
2.68532
4.53007
0.286223
0.342767
0.618567
-0.264467
0.361157
0.788556
2.67785
4.52572
0.270858
0.288067
0.583167
-0.380933
0.333317
0.818019
2.6678
4.51986
0.25739
0.216333
0.5367
-0.4804
0.30058
0.841168
2.65556
4.51273
0.246338
0.131267
0.481633
-0.5598
0.264205
0.857114
2.64159
4.50459
0.238125
0.0366333
0.420367
-0.617367
0.225589
0.865243
3.32208
3.32206
0.238125
-0.0366333
-0.420367
-0.617367
0.869199
0.075749
2.57976
4.46856
0.238125
-0.372233
0.155633
-0.617367
0.869199
0.495288
2.59491
4.47739
0.233067
-0.2715
0.220867
-0.652133
0.832882
0.481418
3.33723
3.33089
0.233067
0.0641
-0.355133
-0.652133
0.832882
0.061879
3.33723
3.33089
0.233067
0.0641
-0.355133
-0.652133
0.832882
0.061879
2.59491
4.47739
0.233067
-0.2715
0.220867
-0.652133
0.832882
0.481418
2.61068
4.48658
0.23136
-0.1678
0.288
-0.663733
0.795944
0.466993
3.35299
3.34007
0.23136
0.1678
-0.288
-0.663733
0.795944
0.047455
3.35299
3.34007
0.23136
0.1678
-0.288
-0.663733
0.383032
0.318101
3.36876
3.34925
0.233068
0.2715
-0.220867
-0.652133
0.361157
0.352746
3.38391
3.35808
0.238125
0.372233
-0.155633
-0.617367
0.333317
0.382209
3.39788
3.36622
0.246338
0.466867
-0.0943667
-0.5598
0.30058
0.405359
3.41012
3.37335
0.25739
0.551933
-0.0393
-0.4804
0.264205
0.421304
3.42017
3.37921
0.270858
0.623667
0.00716666
-0.380933
0.225589
0.429433
3.42763
3.38356
0.286223
0.678367
0.0425667
-0.264467
0.186217
0.429433
3.43223
3.38624
0.302896
0.712733
0.0648
-0.135567
0.147601
0.421304
3.43378
3.38714
0.320234
0.724467
0.0724
0
0.111225
0.405359
3.43223
3.38624
0.337573
0.712733
0.0648
0.135567
0.078488
0.38221
3.42763
3.38356
0.354245
0.678367
0.0425667
0.264467
0.050648
0.352747
3.42017
3.37921
0.36961
0.623667
0.00716666
0.380933
0.028774
0.318101
3.41012
3.37335
0.383078
0.551933
-0.0393
0.4804
0.013707
0.279606
3.39788
3.36622
0.39413
0.466867
-0.0943667
0.5598
0.006025
0.238739
3.38391
3.35808
0.402343
0.372233
-0.155633
0.617367
0.006025
0.197071
3.36876
3.34925
0.407401
0.2715
-0.220867
0.652133
0.013706
0.156205
3.35299
3.34007
0.409108
0.1678
-0.288
0.663733
0.028774
0.117709
3.33723
3.33089
0.407401
0.0641
-0.355133
0.652133
0.050648
0.083064
3.32208
3.32206
0.402343
-0.0366667
-0.420367
0.617367
0.078488
0.0536
3.30811
3.31392
0.39413
-0.131267
-0.481633
0.5598
0.111225
0.030451
3.29587
3.30679
0.383078
-0.2163
-0.5367
0.4804
0.1476
0.014506
3.28582
3.30093
0.36961
-0.288067
-0.583133
0.380933
0.186216
0.006377
3.27836
3.29658
0.354245
-0.342767
-0.618533
0.264467
0.225589
0.006377
3.27376
3.2939
0.337572
-0.377133
-0.6408
0.135533
0.264204
0.014505
3.2722
3.293
0.320234
-0.388867
-0.6484
-3.33339e-05
0.30058
0.030451
3.27376
3.2939
0.302895
-0.377133
-0.6408
-0.135567
0.333317
0.0536
3.27836
3.29658
0.286223
-0.342767
-0.618533
-0.2645
0.361157
0.083063
3.28582
3.30093
0.270858
-0.288067
-0.583133
-0.380967
0.383031
0.117709
3.29587
3.30679
0.25739
-0.2163
-0.5367
-0.480433
0.398099
0.156204
3.30811
3.31392
0.246338
-0.131233
-0.481633
-0.559833
0.40578
0.197071
3.32208
3.32206
0.238125
-0.0366333
-0.420367
-0.617367
0.40578
0.238739
3.33723
3.33089
0.233067
0.0641
-0.355133
-0.652133
0.398099
0.279605
