0.309688
3.23418
-0.107989
0.106
-0.06214
-0.38044
0.51867
0.33851
-0.48029
5.32257
-0.107989
-0.0009
0.00412
-0.55982
0.51867
0.661308
-0.424757
5.34358
-0.088697
0.41078
0.18728
-0.40968
0.415998
0.661302
0.365221
3.25519
-0.088697
0.1665
-0.237375
-0.0662
0.415998
0.338504
0.365221
3.25519
-0.088697
0.1665
-0.237375
-0.0662
0.415998
0.338504
-0.424757
5.34358
-0.088697
0.41078
0.18728
-0.40968
0.415998
0.661302
-0.390435
5.35656
-0.038191
0.6432
0.32886
-0.02988
0.332481
0.66177
0.399543
3.26817
-0.038191
0.29275
-0.301475
-0.0478
0.332481
0.338972
0.399543
3.26817
-0.038191
0.29275
-0.301475
-0.0478
0.994552
0.338504
-0.390435
5.35656
-0.038191
0.6432
0.32886
-0.02988
0.994552
0.661312
-0.390435
5.35656
0.024239
0.6432
0.32886
0.42988
0.891877
0.661312
0.399543
3.26817
0.024239
0.29275
-0.301475
0.0478
0.891877
0.338504
0.399543
3.26817
0.024239
0.29275
-0.301475
0.0478
0.274246
0.366926
-0.390435
5.35656
0.024239
0.6432
0.32886
0.42988
0.274246
0.689724
-0.424757
5.34358
0.074745
0.41078
0.18728
0.80968
0.190729
0.689256
0.365221
3.25519
0.074745
0.1665
-0.237375
0.0662
0.190729
0.366458
0.365221
3.25519
0.074745
0.1665
-0.237375
0.0662
0.190729
0.366458
-0.424757
5.34358
0.074745
0.41078
0.18728
0.80968
0.190729
0.689256
-0.48029
5.32257
0.094037
-0.0009
0.00412
0.95982
0.088057
0.689262
0.309688
3.23418
0.094037
0.106
-0.06214
0.38044
0.088057
0.366464
0.309688
3.23418
0.094037
0.106
-0.06214
0.38044
0.088057
0.366464
-0.48029
5.32257
0.094037
-0.0009
0.00412
0.95982
0.088057
0.689262
-0.535824
5.30156
0.074745
-0.42396
-0.14902
0.81368
0.005448
0.68974
0.254154
3.21317
0.074745
-0.35635
-0.435125
0.70325
0.005448
0.366942
0.254154
3.21317
0.074745
-0.35635
-0.435125
0.70325
0.880981
0.338504
-0.535824
5.30156
0.074745
-0.42396
-0.14902
0.81368
0.880981
0.661312
-0.570145
5.28858
0.024239
-0.6848
-0.23604
0.43366
0.797916
0.661312
0.219833
3.20019
0.024239
-0.55325
-0.621475
0.2461
0.797916
0.338504
0.219833
3.20019
0.024239
-0.55325
-0.621475
0.2461
0.797916
0.338504
-0.570145
5.28858
0.024239
-0.6848
-0.23604
0.43366
0.797916
0.661312
-0.570145
5.28858
-0.038191
-0.6848
-0.23604
-0.03366
0.695241
0.661312
0.219833
3.20019
-0.038191
-0.55325
-0.621475
-0.2461
0.695241
0.338504
-0.570145
5.28858
0.024239
-0.6848
-0.23604
0.43366
0
0
-0.535824
5.30156
0.074745
-0.42396
-0.14902
0.81368
0
0
-0.535824
5.30156
0.074745
-0.42396
-0.14902
0.81368
0
0
-0.570145
5.28858
0.024239
-0.6848
-0.23604
0.43366
0
0
0.219833
3.20019
-0.038191
-0.55325
-0.621475
-0.2461
0.695241
0.338504
-0.570145
5.28858
-0.038191
-0.6848
-0.23604
-0.03366
0.695241
0.661312
-0.535824
5.30156
-0.088697
-0.42396
-0.14902
-0.41368
0.612175
0.661312
0.254155
3.21317
-0.088697
-0.35635
-0.435125
-0.70325
0.612175
0.338504
0.254155
3.21317
-0.088697
-0.35635
-0.435125
-0.70325
0.601279
0.338987
-0.535824
5.30156
-0.088697
-0.42396
-0.14902
-0.41368
0.601279
0.661786
-0.48029
5.32257
-0.107989
-0.0009
0.00412
-0.55982
0.51867
0.661308
0.309688
3.23418
-0.107989
0.106
-0.06214
-0.38044
0.51867
0.33851
0.254154
3.21317
0.074745
-0.35635
-0.435125
0.70325
0.332481
0.116814
0.219833
3.20019
0.024239
-0.55325
-0.621475
0.2461
0.392828
0.036136
0.368512
3.15823
0.024239
0.0898667
-0.4112
0.1322
0.455804
0.224322
0.346043
3.18724
0.074745
0.136967
-0.244233
0.4247
0.371402
0.233119
0.309688
3.23418
-0.107989
0.106
-0.06214
-0.38044
0.659391
0.994707
0.273333
3.28112
-0.088697
0.136967
-0.244233
0.4247
0.63021
0.963882
0.250864
3.31013
-0.038191
0.0898667
-0.4112
0.1322
0.612175
0.883179
0.250864
3.31013
0.024239
0.0898667
-0.4112
-0.1322
0.612175
0.783426
0.273333
3.28112
0.074745
0.136967
-0.244233
-0.4247
0.63021
0.702724
0.309688
3.23418
0.094037
0.106
-0.06214
0.38044
0.659391
0.671898
0.346043
3.18724
0.074745
0.136967
-0.244233
0.4247
0.688572
0.702724
0.368512
3.15823
0.024239
0.0898667
-0.4112
0.1322
0.706606
0.783426
0.368512
3.15823
-0.038191
0.0898667
-0.4112
-0.1322
0.706606
0.883179
0.346043
3.18724
-0.088697
0.136967
-0.244233
-0.4247
0.688572
0.963882
0.309688
3.23418
0.094037
0.106
-0.06214
0.38044
0.332481
0.21651
0.254154
3.21317
0.074745
-0.35635
-0.435125
0.70325
0.332481
0.116814
0.346043
3.18724
0.074745
0.136967
-0.244233
0.4247
0.371402
0.233119
0.309688
3.23418
0.094037
0.106
-0.06214
0.38044
0.332481
0.21651
0.365221
3.25519
0.074745
0.1665
-0.237375
0.0662
0.392828
0.297145
0.309688
3.23418
0.094037
0.106
-0.06214
0.38044
0.332481
0.21651
0.309688
3.23418
0.094037
0.106
-0.06214
0.38044
0.332481
0.21651
0.273333
3.28112
0.074745
0.136967
-0.244233
-0.4247
0.353907
0.18084
0.399543
3.26817
0.024239
0.29275
-0.301475
0.0478
0.490472
0.327918
0.365221
3.25519
0.074745
0.1665
-0.237375
0.0662
0.392828
0.297145
0.273333
3.28112
0.074745
0.136967
-0.244233
-0.4247
0.353907
0.18084
0.250864
3.31013
0.024239
0.0898667
-0.4112
-0.1322
0.427496
0.139732
0.309688
3.23418
-0.107989
0.106
-0.06214
-0.38044
0.648462
0.1167
0.365221
3.25519
-0.088697
0.1665
-0.237375
-0.0662
0.648462
0.216397
0.273333
3.28112
-0.088697
0.136967
-0.244233
0.4247
0.609541
0.100091
0.309688
3.23418
-0.107989
0.106
-0.06214
-0.38044
0.648462
0.1167
0.399543
3.26817
-0.038191
0.29275
-0.301475
-0.0478
0.588115
0.297074
0.399543
3.26817
0.024239
0.29275
-0.301475
0.0478
0.490472
0.327918
0.250864
3.31013
0.024239
0.0898667
-0.4112
-0.1322
0.427496
0.139732
0.250864
3.31013
-0.038191
0.0898667
-0.4112
0.1322
0.52514
0.108889
0.365221
3.25519
-0.088697
0.1665
-0.237375
-0.0662
0.648462
0.216397
0.399543
3.26817
-0.038191
0.29275
-0.301475
-0.0478
0.588115
0.297074
0.250864
3.31013
-0.038191
0.0898667
-0.4112
0.1322
0.52514
0.108889
0.273333
3.28112
-0.088697
0.136967
-0.244233
0.4247
0.609541
0.100091
0.254155
3.21317
-0.088697
-0.35635
-0.435125
-0.70325
0.588115
0.036066
0.309688
3.23418
-0.107989
0.106
-0.06214
-0.38044
0.648462
0.1167
0.309688
3.23418
-0.107989
0.106
-0.06214
-0.38044
0.648462
0.1167
0.346043
3.18724
-0.088697
0.136967
-0.244233
-0.4247
0.627036
0.152371
0.219833
3.20019
-0.038191
-0.55325
-0.621475
-0.2461
0.490472
0.005293
0.254155
3.21317
-0.088697
-0.35635
-0.435125
-0.70325
0.588115
0.036066
0.346043
3.18724
-0.088697
0.136967
-0.244233
-0.4247
0.627036
0.152371
0.368512
3.15823
-0.038191
0.0898667
-0.4112
-0.1322
0.553447
0.193479
0.219833
3.20019
0.024239
-0.55325
-0.621475
0.2461
0.392828
0.036136
0.219833
3.20019
-0.038191
-0.55325
-0.621475
-0.2461
0.490472
0.005293
0.368512
3.15823
-0.038191
0.0898667
-0.4112
-0.1322
0.553447
0.193479
0.368512
3.15823
0.024239
0.0898667
-0.4112
0.1322
0.455804
0.224322
-0.48029
5.32257
0.094037
-0.0009
0.00412
0.95982
0.31136
0.691776
-0.424757
5.34358
0.074745
0.41078
0.18728
0.80968
0.31136
0.791526
-0.438286
5.37058
0.074745
0.528425
0.1919
0.76045
0.306876
0.786831
-0.497618
5.36838
0.094037
-0.00285
0.051475
0.947725
0.304072
0.691775
-0.535824
5.30156
0.074745
-0.42396
-0.14902
0.81368
0
0
-0.48029
5.32257
0.094037
-0.0009
0.00412
0.95982
0
0
-0.48029
5.32257
0.094037
-0.0009
0.00412
0.95982
0
0
-0.535824
5.30156
0.074745
-0.42396
-0.14902
0.81368
0
0
-0.48029
5.32257
0.094037
-0.0009
0.00412
0.95982
0
0
-0.424757
5.34358
0.074745
0.41078
0.18728
0.80968
0
0
-0.424757
5.34358
0.074745
0.41078
0.18728
0.80968
0
0
-0.48029
5.32257
0.094037
-0.0009
0.00412
0.95982
0
0
-0.424757
5.34358
0.074745
0.41078
0.18728
0.80968
0
0
-0.390435
5.35656
0.024239
0.6432
0.32886
0.42988
0
0
-0.390435
5.35656
0.024239
0.6432
0.32886
0.42988
0
0
-0.424757
5.34358
0.074745
0.41078
0.18728
0.80968
0
0
-0.424757
5.34358
-0.088697
0.41078
0.18728
-0.40968
0
0
-0.48029
5.32257
-0.107989
-0.0009
0.00412
-0.55982
0
0
-0.48029
5.32257
-0.107989
-0.0009
0.00412
-0.55982
0
0
-0.424757
5.34358
-0.088697
0.41078
0.18728
-0.40968
0
0
-0.390435
5.35656
0.024239
0.6432
0.32886
0.42988
0
0
-0.390435
5.35656
-0.038191
0.6432
0.32886
-0.02988
0
0
-0.390435
5.35656
-0.038191
0.6432
0.32886
-0.02988
0
0
-0.390435
5.35656
0.024239
0.6432
0.32886
0.42988
0
0
-0.390435
5.35656
-0.038191
0.6432
0.32886
-0.02988
0
0
-0.424757
5.34358
-0.088697
0.41078
0.18728
-0.40968
0
0
-0.424757
5.34358
-0.088697
0.41078
0.18728
-0.40968
0
0
-0.390435
5.35656
-0.038191
0.6432
0.32886
-0.02988
0
0
-0.48029
5.32257
-0.107989
-0.0009
0.00412
-0.55982
0
0
-0.535824
5.30156
-0.088697
-0.42396
-0.14902
-0.41368
0
0
-0.535824
5.30156
-0.088697
-0.42396
-0.14902
-0.41368
0
0
-0.48029
5.32257
-0.107989
-0.0009
0.00412
-0.55982
0
0
-0.535824
5.30156
-0.088697
-0.42396
-0.14902
-0.41368
0
0
-0.570145
5.28858
-0.038191
-0.6848
-0.23604
-0.03366
0
0
-0.570145
5.28858
-0.038191
-0.6848
-0.23604
-0.03366
0
0
-0.535824
5.30156
-0.088697
-0.42396
-0.14902
-0.41368
0
0
-0.570145
5.28858
-0.038191
-0.6848
-0.23604
-0.03366
0
0
-0.570145
5.28858
0.024239
-0.6848
-0.23604
0.43366
0
0
-0.570145
5.28858
0.024239
-0.6848
-0.23604
0.43366
0
0
-0.570145
5.28858
-0.038191
-0.6848
-0.23604
-0.03366
0
0
-0.401616
5.37195
-0.038191
0.829275
0.314125
-0.286725
0.716463
0.085995
-0.438286
5.37058
-0.088697
0.528425
0.1919
-0.76045
0.659358
0.005293
-0.451
5.50449
-0.078066
0.3561
0.408667
-0.510767
0.718365
0.02228
-0.419101
5.50568
-0.03413
0.5853
0.417167
-0.1951
0.768041
0.092484
-0.390435
5.35656
-0.038191
0.6432
0.32886
-0.02988
0.778937
0.085995
-0.424757
5.34358
-0.088697
0.41078
0.18728
-0.40968
0.839105
0.005293
-0.438286
5.37058
-0.088697
0.528425
0.1919
-0.76045
0.844531
0.005293
-0.401616
5.37195
-0.038191
0.829275
0.314125
-0.286725
0.787367
0.085995
-0.535824
5.30156
-0.088697
-0.42396
-0.14902
-0.41368
0.867272
0.005293
-0.570145
5.28858
-0.038191
-0.6848
-0.23604
-0.03366
0.867272
0.085995
-0.593621
5.3648
-0.038191
-0.884725
-0.1055
-0.29145
0.855427
0.085995
-0.556951
5.36617
-0.088697
-0.54835
-0.05145
-0.76545
0.857168
0.005293
-0.535824
5.30156
0.074745
-0.42396
-0.14902
0.81368
0.310873
0.611517
-0.48029
5.32257
0.094037
-0.0009
0.00412
0.95982
0.31136
0.691776
-0.497618
5.36838
0.094037
-0.00285
0.051475
0.947725
0.304072
0.691775
-0.556951
5.36617
0.074745
-0.54835
-0.05145
0.76545
0.300782
0.616211
-0.390435
5.35656
0.024239
0.6432
0.32886
0.42988
0.778937
0.185749
-0.390435
5.35656
-0.038191
0.6432
0.32886
-0.02988
0.778937
0.085995
-0.401616
5.37195
-0.038191
0.829275
0.314125
-0.286725
0.787367
0.085995
-0.401616
5.37195
0.024239
0.829275
0.314125
0.286725
0.787367
0.185749
-0.48029
5.32257
-0.107989
-0.0009
0.00412
-0.55982
0.31136
0.520672
-0.535824
5.30156
-0.088697
-0.42396
-0.14902
-0.41368
0.310873
0.600931
-0.556951
5.36617
-0.088697
-0.54835
-0.05145
-0.76545
0.300782
0.596236
-0.497618
5.36838
-0.107989
-0.00285
0.051475
-0.947725
0.304072
0.520672
-0.570145
5.28858
0.024239
-0.6848
-0.23604
0.43366
0.867272
0.185749
-0.535824
5.30156
0.074745
-0.42396
-0.14902
0.81368
0.867272
0.266451
-0.556951
5.36617
0.074745
-0.54835
-0.05145
0.76545
0.857168
0.266451
-0.593621
5.3648
0.024239
-0.884725
-0.1055
0.29145
0.855427
0.185749
-0.424757
5.34358
0.074745
0.41078
0.18728
0.80968
0.839105
0.266451
-0.390435
5.35656
0.024239
0.6432
0.32886
0.42988
0.778937
0.185749
-0.401616
5.37195
0.024239
0.829275
0.314125
0.286725
0.787367
0.185749
-0.438286
5.37058
0.074745
0.528425
0.1919
0.76045
0.844531
0.266451
-0.424757
5.34358
-0.088697
0.41078
0.18728
-0.40968
0.31136
0.420921
-0.48029
5.32257
-0.107989
-0.0009
0.00412
-0.55982
0.31136
0.520672
-0.497618
5.36838
-0.107989
-0.00285
0.051475
-0.947725
0.304072
0.520672
-0.438286
5.37058
-0.088697
0.528425
0.1919
-0.76045
0.306876
0.425617
-0.570145
5.28858
-0.038191
-0.6848
-0.23604
-0.03366
0.867272
0.085995
-0.570145
5.28858
0.024239
-0.6848
-0.23604
0.43366
0.867272
0.185749
-0.593621
5.3648
0.024239
-0.884725
-0.1055
0.29145
0.855427
0.185749
-0.593621
5.3648
-0.038191
-0.884725
-0.1055
-0.29145
0.855427
0.085995
-0.451
5.50449
-0.078066
0.3561
0.408667
-0.510767
0.321585
0.101928
-0.502614
5.50257
-0.094848
-0.0147
0.394867
-0.631333
0.321585
0.184571
-0.554229
5.50065
-0.078066
-0.3855
0.381033
-0.510767
0.26937
0.249813
-0.586128
5.49946
-0.03413
-0.6147
0.3725
-0.1951
0.184885
0.272733
-0.586128
5.49946
0.020178
-0.6147
0.3725
0.1951
0.1004
0.244576
-0.554229
5.50065
0.064114
-0.3855
0.381033
0.510767
0.048185
0.176098
-0.502614
5.50257
0.080896
-0.0147
0.394867
0.631333
0.048185
0.093455
-0.451
5.50449
0.064114
0.3561
0.408667
0.510767
0.100399
0.028213
-0.419101
5.50568
0.020178
0.5853
0.417167
0.1951
0.184885
0.005293
-0.419101
5.50568
-0.03413
0.5853
0.417167
-0.1951
0.26937
0.03345
-0.556951
5.36617
-0.088697
-0.54835
-0.05145
-0.76545
0.25971
0.329525
-0.593621
5.3648
-0.038191
-0.884725
-0.1055
-0.29145
0.162591
0.355872
-0.586128
5.49946
-0.03413
-0.6147
0.3725
-0.1951
0.184885
0.272733
-0.554229
5.50065
-0.078066
-0.3855
0.381033
-0.510767
0.26937
0.249813
-0.556951
5.36617
0.074745
-0.54835
-0.05145
0.76545
0.005448
0.244787
-0.497618
5.36838
0.094037
-0.00285
0.051475
0.947725
0.005448
0.149784
-0.502614
5.50257
0.080896
-0.0147
0.394867
0.631333
0.048185
0.093455
-0.554229
5.50065
0.064114
-0.3855
0.381033
0.510767
0.048185
0.176098
-0.401616
5.37195
0.024239
0.829275
0.314125
0.286725
0.716463
0.185749
-0.401616
5.37195
-0.038191
0.829275
0.314125
-0.286725
0.716463
0.085995
-0.419101
5.50568
-0.03413
0.5853
0.417167
-0.1951
0.768041
0.092484
-0.419101
5.50568
0.020178
0.5853
0.417167
0.1951
0.768041
0.17926
-0.497618
5.36838
-0.107989
-0.00285
0.051475
-0.947725
0.319733
0.254527
-0.556951
5.36617
-0.088697
-0.54835
-0.05145
-0.76545
0.25971
0.329525
-0.554229
5.50065
-0.078066
-0.3855
0.381033
-0.510767
0.26937
0.249813
-0.502614
5.50257
-0.094848
-0.0147
0.394867
-0.631333
0.321585
0.184571
-0.593621
5.3648
0.024239
-0.884725
-0.1055
0.29145
0.065471
0.323505
-0.556951
5.36617
0.074745
-0.54835
-0.05145
0.76545
0.005448
0.244787
-0.554229
5.50065
0.064114
-0.3855
0.381033
0.510767
0.048185
0.176098
-0.586128
5.49946
0.020178
-0.6147
0.3725
0.1951
0.1004
0.244576
-0.438286
5.37058
0.074745
0.528425
0.1919
0.76045
0.659358
0.266451
-0.401616
5.37195
0.024239
0.829275
0.314125
0.286725
0.716463
0.185749
-0.419101
5.50568
0.020178
0.5853
0.417167
0.1951
0.768041
0.17926
-0.451
5.50449
0.064114
0.3561
0.408667
0.510767
0.718365
0.249464
-0.438286
5.37058
-0.088697
0.528425
0.1919
-0.76045
0.306876
0.425617
-0.497618
5.36838
-0.107989
-0.00285
0.051475
-0.947725
0.304072
0.520672
-0.502614
5.50257
-0.094848
-0.0147
0.394867
-0.631333
0.285142
0.449148
-0.451
5.50449
-0.078066
0.3561
0.408667
-0.510767
0.287581
0.366458
-0.593621
5.3648
-0.038191
-0.884725
-0.1055
-0.29145
0.162591
0.355872
-0.593621
5.3648
0.024239
-0.884725
-0.1055
0.29145
0.065471
0.323505
-0.586128
5.49946
0.020178
-0.6147
0.3725
0.1951
0.1004
0.244576
-0.586128
5.49946
-0.03413
-0.6147
0.3725
-0.1951
0.184885
0.272733
-0.497618
5.36838
0.094037
-0.00285
0.051475
0.947725
0.304072
0.691775
-0.438286
5.37058
0.074745
0.528425
0.1919
0.76045
0.306876
0.786831
-0.451
5.50449
0.064114
0.3561
0.408667
0.510767
0.287581
0.84599
-0.502614
5.50257
0.080896
-0.0147
0.394867
0.631333
0.285142
0.7633
