3.34828
3.33388
-0.411694
0.157967
-0.293533
-0.663733
0.336159
0.499358
2.64958
4.49879
-0.411694
-0.157967
0.293533
-0.663733
0.336159
0.930336
2.66564
4.50744
-0.409986
-0.0520333
0.357067
-0.652133
0.304531
0.915537
3.36434
3.34253
-0.409986
0.2639
-0.23
-0.652133
0.304531
0.48456
3.36434
3.34253
-0.409986
0.2639
-0.23
-0.652133
0.304531
0.48456
2.66564
4.50744
-0.409986
-0.0520333
0.357067
-0.652133
0.304531
0.915537
2.68109
4.51575
-0.404928
0.0509
0.4188
-0.617367
0.274817
0.901308
3.37979
3.35084
-0.404928
0.366833
-0.168267
-0.617367
0.274817
0.47033
3.37979
3.35084
-0.404928
0.366833
-0.168267
-0.617367
0.274817
0.47033
2.68109
4.51575
-0.404928
0.0509
0.4188
-0.617367
0.274817
0.901308
2.69532
4.52341
-0.396716
0.147567
0.4768
-0.559833
0.248157
0.888193
3.39402
3.3585
-0.396716
0.4635
-0.110267
-0.559833
0.248157
0.457216
3.39402
3.3585
-0.396716
0.4635
-0.110267
-0.559833
0.737622
0.490928
2.69532
4.52341
-0.396716
0.147567
0.4768
-0.559833
0.737622
0.921905
2.7078
4.53012
-0.385663
0.234433
0.5289
-0.480433
0.709705
0.910411
3.4065
3.36521
-0.385663
0.550367
-0.0581667
-0.480433
0.709705
0.479433
3.4065
3.36521
-0.385663
0.550367
-0.0581667
-0.480433
0.709705
0.479433
2.7078
4.53012
-0.385663
0.234433
0.5289
-0.480433
0.709705
0.910411
2.71804
4.53563
-0.372195
0.307733
0.572867
-0.380967
0.67845
0.900977
3.41674
3.37072
-0.372195
0.623667
-0.0142
-0.380967
0.67845
0.47
3.41674
3.37072
-0.372195
0.623667
-0.0142
-0.380967
0.67845
0.47
2.71804
4.53563
-0.372195
0.307733
0.572867
-0.380967
0.67845
0.900977
2.72565
4.53973
-0.35683
0.363633
0.6064
-0.2645
0.645058
0.893967
3.42435
3.37482
-0.35683
0.679567
0.0193333
-0.2645
0.645058
0.46299
3.42435
3.37482
-0.35683
0.679567
0.0193333
-0.2645
0.645058
0.46299
2.72565
4.53973
-0.35683
0.363633
0.6064
-0.2645
0.645058
0.893967
2.73033
4.54225
-0.340158
0.398733
0.627433
-0.135567
0.610811
0.889651
3.42904
3.37734
-0.340158
0.714667
0.0403666
-0.135567
0.610811
0.458673
3.42904
3.37734
-0.340158
0.714667
0.0403666
-0.135567
0.610811
0.458673
2.73033
4.54225
-0.340158
0.398733
0.627433
-0.135567
0.610811
0.889651
2.73191
4.5431
-0.322819
0.4107
0.6346
0
0.577027
0.888193
3.43062
3.37819
-0.322819
0.726633
0.0475333
0
0.577027
0.457216
3.43062
3.37819
-0.322819
0.726633
0.0475333
0
0.577027
0.457216
2.73191
4.5431
-0.322819
0.4107
0.6346
0
0.577027
0.888193
2.73033
4.54225
-0.305481
0.398733
0.627433
0.135567
0.545004
0.889651
3.42904
3.37734
-0.305481
0.714667
0.0403666
0.135567
0.545004
0.458673
3.42904
3.37734
-0.305481
0.714667
0.0403666
0.135567
0.545004
0.458673
2.73033
4.54225
-0.305481
0.398733
0.627433
0.135567
0.545004
0.889651
2.72565
4.53973
-0.288809
0.363633
0.6064
0.2645
0.515971
0.893967
3.42435
3.37482
-0.288809
0.679567
0.0193333
0.2645
0.515971
0.46299
3.42435
3.37482
-0.288809
0.679567
0.0193333
0.2645
0.515971
0.46299
2.72565
4.53973
-0.288809
0.363633
0.6064
0.2645
0.515971
0.893967
2.71804
4.53563
-0.273443
0.307733
0.572867
0.380967
0.491046
0.900977
3.41674
3.37072
-0.273443
0.623667
-0.0142
0.380967
0.491046
0.47
3.41674
3.37072
-0.273443
0.623667
-0.0142
0.380967
0.237622
0.457216
2.71804
4.53563
-0.273443
0.307733
0.572867
0.380967
0.237622
0.888193
2.7078
4.53012
-0.259976
0.234433
0.5289
0.480433
0.214487
0.897627
3.4065
3.36521
-0.259976
0.550367
-0.0581667
0.480433
0.214487
0.466649
3.4065
3.36521
-0.259976
0.550367
-0.0581667
0.480433
0.214487
0.466649
2.7078
4.53012
-0.259976
0.234433
0.5289
0.480433
0.214487
0.897627
2.69532
4.52341
-0.248923
0.147567
0.4768
0.559833
0.187392
0.909122
3.39402
3.3585
-0.248923
0.4635
-0.110267
0.559833
0.187392
0.478144
3.39402
3.3585
-0.248923
0.4635
-0.110267
0.559833
0.187392
0.478144
2.69532
4.52341
-0.248923
0.147567
0.4768
0.559833
0.187392
0.909122
2.68109
4.51575
-0.24071
0.0509
0.4188
0.617367
0.157377
0.922236
3.37979
3.35084
-0.24071
0.366833
-0.168267
0.617367
0.157377
0.491258
3.37979
3.35084
-0.24071
0.366833
-0.168267
0.617367
0.157377
0.491258
2.68109
4.51575
-0.24071
0.0509
0.4188
0.617367
0.157377
0.922236
2.66564
4.50744
-0.235653
-0.0520333
0.357067
0.652133
0.125596
0.936466
3.36434
3.34253
-0.235653
0.2639
-0.23
0.652133
0.125596
0.505488
3.36434
3.34253
-0.235653
0.2639
-0.23
0.652133
0.125596
0.505488
2.66564
4.50744
-0.235653
-0.0520333
0.357067
0.652133
0.125596
0.936466
2.64958
4.49879
-0.233945
-0.157967
0.293533
0.663733
0.09327
0.951264
3.34828
3.33388
-0.233945
0.157967
-0.293533
0.663733
0.09327
0.520287
3.34828
3.33388
-0.233945
0.157967
-0.293533
0.663733
0.09327
0.520287
2.64958
4.49879
-0.233945
-0.157967
0.293533
0.663733
0.09327
0.951264
2.63351
4.49015
-0.235653
-0.2639
0.23
0.652133
0.061642
0.966063
3.33222
3.32524
-0.235653
0.0520333
-0.357067
0.652133
0.061642
0.535085
3.33222
3.32524
-0.235653
0.0520333
-0.357067
0.652133
0.061642
0.535085
2.63351
4.49015
-0.235653
-0.2639
0.23
0.652133
0.061642
0.966063
2.61807
4.48184
-0.24071
-0.366833
0.168267
0.617367
0.031927
0.980292
3.31677
3.31693
-0.24071
-0.0509
-0.4188
0.617367
0.031927
0.549315
3.31677
3.31693
-0.24071
-0.0509
-0.4188
0.617367
0.031927
0.549315
2.61807
4.48184
-0.24071
-0.366833
0.168267
0.617367
0.031927
0.980292
2.60383
4.47418
-0.248923
-0.4635
0.110267
0.559833
0.005267
0.993407
3.30254
3.30927
-0.248923
-0.147567
-0.4768
0.559833
0.005267
0.562429
3.30254
3.30927
-0.248923
-0.147567
-0.4768
0.559833
0.994733
0.457216
2.60383
4.47418
-0.248923
-0.4635
0.110267
0.559833
0.994733
0.888193
2.59136
4.46746
-0.259976
-0.550367
0.0581667
0.480433
0.966816
0.899688
3.29006
3.30255
-0.259976
-0.234433
-0.5289
0.480433
0.966816
0.468711
3.29006
3.30255
-0.259976
-0.234433
-0.5289
0.480433
0.966816
0.468711
2.59136
4.46746
-0.259976
-0.550367
0.0581667
0.480433
0.966816
0.899688
2.58112
4.46195
-0.273443
-0.623667
0.0142
0.380933
0.935561
0.909121
3.27982
3.29704
-0.273443
-0.307733
-0.572867
0.380933
0.935561
0.478144
3.27982
3.29704
-0.273443
-0.307733
-0.572867
0.380933
0.935561
0.478144
2.58112
4.46195
-0.273443
-0.623667
0.0142
0.380933
0.935561
0.909121
2.57351
4.45786
-0.288809
-0.679567
-0.0193333
0.264467
0.902169
0.916131
3.27221
3.29295
-0.288809
-0.363633
-0.6064
0.264467
0.902169
0.485154
3.27221
3.29295
-0.288809
-0.363633
-0.6064
0.264467
0.902169
0.485154
2.57351
4.45786
-0.288809
-0.679567
-0.0193333
0.264467
0.902169
0.916131
2.56882
4.45534
-0.305481
-0.714667
-0.0403666
0.135567
0.867922
0.920448
3.26752
3.29043
-0.305481
-0.398733
-0.627433
0.135567
0.867922
0.48947
3.26752
3.29043
-0.305481
-0.398733
-0.627433
0.135567
0.867922
0.48947
2.56882
4.45534
-0.305481
-0.714667
-0.0403666
0.135567
0.867922
0.920448
2.56724
4.45449
-0.322819
-0.726633
-0.0475333
0
0.834138
0.921905
3.26594
3.28958
-0.322819
-0.4107
-0.6346
0
0.834138
0.490928
3.26594
3.28958
-0.322819
-0.4107
-0.6346
0
0.834138
0.490928
2.56724
4.45449
-0.322819
-0.726633
-0.0475333
0
0.834138
0.921905
2.56882
4.45534
-0.340158
-0.714667
-0.0403666
-0.135567
0.802115
0.920448
3.26752
3.29043
-0.340158
-0.398733
-0.627433
-0.135567
0.802115
0.48947
3.26752
3.29043
-0.340158
-0.398733
-0.627433
-0.135567
0.802115
0.48947
2.56882
4.45534
-0.340158
-0.714667
-0.0403666
-0.135567
0.802115
0.920448
2.57351
4.45786
-0.35683
-0.679567
-0.0193333
-0.2645
0.773082
0.916131
3.27221
3.29295
-0.35683
-0.363633
-0.6064
-0.2645
0.773082
0.485154
3.27221
3.29295
-0.35683
-0.363633
-0.6064
-0.2645
0.773082
0.485154
2.57351
4.45786
-0.35683
-0.679567
-0.0193333
-0.2645
0.773082
0.916131
2.58112
4.46195
-0.372195
-0.623667
0.0142
-0.380967
0.748156
0.909121
3.27982
3.29704
-0.372195
-0.307733
-0.572867
-0.380967
0.748156
0.478144
3.27982
3.29704
-0.372195
-0.307733
-0.572867
-0.380967
0.480511
0.562429
2.58112
4.46195
-0.372195
-0.623667
0.0142
-0.380967
0.480511
0.993407
2.59136
4.46746
-0.385663
-0.550367
0.0581667
-0.480433
0.457376
0.983973
3.29006
3.30255
-0.385663
-0.234433
-0.5289
-0.480433
0.457376
0.552996
3.29006
3.30255
-0.385663
-0.234433
-0.5289
-0.480433
0.457376
0.552996
2.59136
4.46746
-0.385663
-0.550367
0.0581667
-0.480433
0.457376
0.983973
2.60383
4.47418
-0.396716
-0.4635
0.110267
-0.559833
0.43028
0.972478
3.30254
3.30927
-0.396716
-0.147567
-0.4768
-0.559833
0.430281
0.541501
3.30254
3.30927
-0.396716
-0.147567
-0.4768
-0.559833
0.430281
0.541501
2.60383
4.47418
-0.396716
-0.4635
0.110267
-0.559833
0.43028
0.972478
2.61807
4.48184
-0.404928
-0.366833
0.168267
-0.617367
0.400266
0.959364
3.31677
3.31693
-0.404928
-0.0509
-0.4188
-0.617367
0.400266
0.528387
2.66564
4.50744
-0.409986
-0.0520333
0.357067
-0.652133
0.162792
0.444029
2.64958
4.49879
-0.411694
-0.157967
0.293533
-0.663733
0.129034
0.435624
2.63351
4.49015
-0.409986
-0.2639
0.23
-0.652133
0.097234
0.419137
2.61807
4.48184
-0.404928
-0.366833
0.168267
-0.617367
0.068615
0.395201
2.60383
4.47418
-0.396716
-0.4635
0.110267
-0.559833
0.044277
0.364736
2.59136
4.46746
-0.385663
-0.550367
0.0581667
-0.480433
0.025154
0.328913
2.58112
4.46195
-0.372195
-0.623667
0.0142
-0.380967
0.011982
0.289109
2.57351
4.45786
-0.35683
-0.679567
-0.0193333
-0.2645
0.005267
0.246853
2.56882
4.45534
-0.340158
-0.714667
-0.0403666
-0.135567
0.005267
0.20377
2.56724
4.45449
-0.322819
-0.726633
-0.0475333
0
0.011982
0.161514
2.56882
4.45534
-0.305481
-0.714667
-0.0403666
0.135567
0.025154
0.12171
2.57351
4.45786
-0.288809
-0.679567
-0.0193333
0.264467
0.044277
0.085887
2.58112
4.46195
-0.273443
-0.623667
0.0142
0.380933
0.068615
0.055422
2.59136
4.46746
-0.259976
-0.550367
0.0581667
0.480433
0.097234
0.031486
2.60383
4.47418
-0.248923
-0.4635
0.110267
0.559833
0.129034
0.014999
2.61807
4.48184
-0.24071
-0.366833
0.168267
0.617367
0.162792
0.006593
2.63351
4.49015
-0.235653
-0.2639
0.23
0.652133
0.197212
0.006593
2.64958
4.49879
-0.233945
-0.157967
0.293533
0.663733
0.23097
0.014998
2.66564
4.50744
-0.235653
-0.0520333
0.357067
0.652133
0.26277
0.031486
2.68109
4.51575
-0.24071
0.0509
0.4188
0.617367
0.291389
0.055422
2.69532
4.52341
-0.248923
0.147567
0.4768
0.559833
0.315727
0.085887
2.7078
4.53012
-0.259976
0.234433
0.5289
0.480433
0.33485
0.121709
2.71804
4.53563
-0.273443
0.307733
0.572867
0.380967
0.348021
0.161514
2.72565
4.53973
-0.288809
0.363633
0.6064
0.2645
0.354736
0.203769
2.73033
4.54225
-0.305481
0.398733
0.627433
0.135567
0.354736
0.246853
2.73191
4.5431
-0.322819
0.4107
0.6346
0
0.348021
0.289109
2.73033
4.54225
-0.340158
0.398733
0.627433
-0.135567
0.334849
0.328913
2.72565
4.53973
-0.35683
0.363633
0.6064
-0.2645
0.315727
0.364736
2.71804
4.53563
-0.372195
0.307733
0.572867
-0.380967
0.291389
0.395201
2.7078
4.53012
-0.385663
0.234433
0.5289
-0.480433
0.26277
0.419137
2.69532
4.52341
-0.396716
0.147567
0.4768
-0.559833
0.23097
0.435624
2.68109
4.51575
-0.404928
0.0509
0.4188
-0.617367
0.197212
0.444029
3.31677
3.31693
-0.404928
-0.0509
-0.4188
-0.617367
0.400266
0.528387
2.61807
4.48184
-0.404928
-0.366833
0.168267
-0.617367
0.400266
0.959364
2.63351
4.49015
-0.409986
-0.2639
0.23
-0.652133
0.368485
0.945134
3.33222
3.32524
-0.409986
0.0520333
-0.357067
-0.652133
0.368485
0.514157
3.33222
3.32524
-0.409986
0.0520333
-0.357067
-0.652133
0.368485
0.514157
2.63351
4.49015
-0.409986
-0.2639
0.23
-0.652133
0.368485
0.945134
2.64958
4.49879
-0.411694
-0.157967
0.293533
-0.663733
0.336159
0.930336
3.34828
3.33388
-0.411694
0.157967
-0.293533
-0.663733
0.336159
0.499358
3.34828
3.33388
-0.411694
0.157967
-0.293533
-0.663733
0.365271
0.20377
3.36434
3.34253
-0.409986
0.2639
-0.23
-0.652133
0.371986
0.161514
3.37979
3.35084
-0.404928
0.366833
-0.168267
-0.617367
0.385158
0.12171
3.39402
3.3585
-0.396716
0.4635
-0.110267
-0.559833
0.40428
0.085887
3.4065
3.36521
-0.385663
0.550367
-0.0581667
-0.480433
0.428619
0.055422
3.41674
3.37072
-0.372195
0.623667
-0.0142
-0.380967
0.457238
0.031486
3.42435
3.37482
-0.35683
0.679567
0.0193333
-0.2645
0.489037
0.014999
3.42904
3.37734
-0.340158
0.714667
0.0403666
-0.135567
0.522796
0.006593
3.43062
3.37819
-0.322819
0.726633
0.0475333
0
0.557215
0.006593
3.42904
3.37734
-0.305481
0.714667
0.0403666
0.135567
0.590974
0.014998
3.42435
3.37482
-0.288809
0.679567
0.0193333
0.2645
0.622773
0.031486
3.41674
3.37072
-0.273443
0.623667
-0.0142
0.380967
0.651392
0.055422
3.4065
3.36521
-0.259976
0.550367
-0.0581667
0.480433
0.675731
0.085887
3.39402
3.3585
-0.248923
0.4635
-0.110267
0.559833
0.694853
0.121709
3.37979
3.35084
-0.24071
0.366833
-0.168267
0.617367
0.708025
0.161514
3.36434
3.34253
-0.235653
0.2639
-0.23
0.652133
0.71474
0.203769
3.34828
3.33388
-0.233945
0.157967
-0.293533
0.663733
0.71474
0.246853
3.33222
3.32524
-0.235653
0.0520333
-0.357067
0.652133
0.708025
0.289109
3.31677
3.31693
-0.24071
-0.0509
-0.4188
0.617367
0.694853
0.328913
3.30254
3.30927
-0.248923
-0.147567
-0.4768
0.559833
0.675731
0.364736
3.29006
3.30255
-0.259976
-0.234433
-0.5289
0.480433
0.651392
0.395201
3.27982
3.29704
-0.273443
-0.307733
-0.572867
0.380933
0.622773
0.419137
3.27221
3.29295
-0.288809
-0.363633
-0.6064
0.264467
0.590974
0.435624
3.26752
3.29043
-0.305481
-0.398733
-0.627433
0.135567
0.557215
0.444029
3.26594
3.28958
-0.322819
-0.4107
-0.6346
0
0.522796
0.444029
3.26752
3.29043
-0.340158
-0.398733
-0.627433
-0.135567
0.489037
0.435624
3.27221
3.29295
-0.35683
-0.363633
-0.6064
-0.2645
0.457238
0.419137
3.27982
3.29704
-0.372195
-0.307733
-0.572867
-0.380967
0.428619
0.3952
3.29006
3.30255
-0.385663
-0.234433
-0.5289
-0.480433
0.40428
0.364736
3.30254
3.30927
-0.396716
-0.147567
-0.4768
-0.559833
0.385158
0.328913
3.31677
3.31693
-0.404928
-0.0509
-0.4188
-0.617367
0.371986
0.289109
3.33222
3.32524
-0.409986
0.0520333
-0.357067
-0.652133
0.365271
0.246853
