1.7075
4.00216
0.266637
-0.8807
-0.3893
0.189
0.700189
0.208347
1.59877
4.24816
0.266637
-0.90835
-0.297475
0.1944
0.698584
0.348801
1.59877
4.24816
-0
-0.94565
-0.30945
0
0.475148
0.349225
1.7075
4.00216
-0
-0.9146
-0.4043
0
0.476753
0.208772
1.93543
4.65084
-0
-0.00295
0.99995
0
0.258859
0.776411
1.50945
4.65472
-0
-0.4838
0.3927
0
0.259253
0.999966
1.50945
4.65472
0.266637
-0.463625
0.37745
0.1972
0.035801
1
1.93543
4.65084
0.266637
-0.002825
0.9605
0.1946
0.035407
0.776445
2.09346
3.75617
-0
0.7136
-0.64005
0
0.737049
0.421672
2.20995
4.00216
-0
0.9038
-0.428
0
0.741565
0.301672
2.20995
4.00216
0.266637
0.8699
-0.41195
0.18995
0.964654
0.29075
2.09346
3.75617
0.266637
0.6857
-0.614675
0.19415
0.960138
0.41075
2.04106
3.8079
0.311976
0.096
-0.0845
0.9899
0.245931
0.070594
2.12603
3.98733
0.311976
0.0908
-0.0492667
0.9934
0.294635
0.163186
1.93543
3.95362
0.322895
-0.0092
-0.038475
0.9969
0.19193
0.148839
1.93543
3.74676
0.311976
-0.0125
-0.0884
0.99155
0.18826
0.040385
2.31343
4.45272
0.311976
0.0756333
0.00473333
0.9945
0.403279
0.403919
2.35491
4.5856
0.311976
0.0571
0.0574
0.9903
0.427861
0.472863
1.93543
4.57933
0.311976
-0.00145
0.1106
0.992125
0.203033
0.476888
1.93543
4.4495
0.32676
-0.004125
0.031925
0.99825
0.200729
0.408819
1.93543
3.74676
0.311976
-0.0125
-0.0884
0.99155
0.18826
0.040385
1.93543
3.95362
0.322895
-0.0092
-0.038475
0.9969
0.19193
0.148839
1.79088
3.98441
0.311976
-0.104
-0.0499333
0.992467
0.11504
0.1675
1.87055
3.80414
0.311976
-0.1136
-0.0812667
0.988833
0.154526
0.071598
1.93543
4.24816
0.334026
-0.007
-0.013
0.9973
0.197156
0.30326
1.93543
4.4495
0.32676
-0.004125
0.031925
0.99825
0.200729
0.408819
1.62972
4.45105
0.311976
-0.0820667
0.00996667
0.994267
0.036991
0.414965
1.6743
4.24816
0.311976
-0.116425
-0.03285
0.9913
0.057269
0.307813
2.39053
4.45338
-0
0.9546
-0.298
0
0.75184
0.096297
2.4546
4.6586
-0
0.4698
0.35095
0
0.757599
0.010922
2.4546
4.6586
0.266637
0.450375
0.337375
0.1968
0.980688
0
2.39053
4.45338
0.266637
0.91515
-0.2857
0.199
0.974929
0.085375
2.24956
4.24816
0.311976
0.108025
-0.036975
0.991825
0.365435
0.297783
2.31343
4.45272
0.311976
0.0756333
0.00473333
0.9945
0.403279
0.403919
1.93543
4.4495
0.32676
-0.004125
0.031925
0.99825
0.200729
0.408819
1.93543
4.24816
0.334026
-0.007
-0.013
0.9973
0.197156
0.30326
1.59877
4.24816
0.266637
-0.90835
-0.297475
0.1944
0.698584
0.348801
1.55411
4.45144
0.266637
-0.936
-0.20565
0.1998
0.70026
0.457481
1.55411
4.45144
-0
-0.9767
-0.2146
0
0.476823
0.457906
1.59877
4.24816
-0
-0.94565
-0.30945
0
0.475148
0.349225
1.93543
4.4495
0.32676
-0.004125
0.031925
0.99825
0.200729
0.408819
1.93543
4.57933
0.311976
-0.00145
0.1106
0.992125
0.203033
0.476888
1.60087
4.58238
0.311976
-0.0599667
0.0622
0.9903
0.023866
0.484321
1.62972
4.45105
0.311976
-0.0820667
0.00996667
0.994267
0.036991
0.414965
1.93543
3.95362
0.322895
-0.0092
-0.038475
0.9969
0.19193
0.148839
1.93543
4.24816
0.334026
-0.007
-0.013
0.9973
0.197156
0.30326
1.6743
4.24816
0.311976
-0.116425
-0.03285
0.9913
0.057269
0.307813
1.79088
3.98441
0.311976
-0.104
-0.0499333
0.992467
0.11504
0.1675
2.12603
3.98733
0.311976
0.0908
-0.0492667
0.9934
0.294635
0.163186
2.24956
4.24816
0.311976
0.108025
-0.036975
0.991825
0.365435
0.297783
1.93543
4.24816
0.334026
-0.007
-0.013
0.9973
0.197156
0.30326
1.93543
3.95362
0.322895
-0.0092
-0.038475
0.9969
0.19193
0.148839
2.32645
4.24816
-0
0.9292
-0.363
0
0.746081
0.181672
2.39053
4.45338
-0
0.9546
-0.298
0
0.75184
0.096297
2.39053
4.45338
0.266637
0.91515
-0.2857
0.199
0.974929
0.085375
2.32645
4.24816
0.266637
0.892525
-0.348825
0.194475
0.96917
0.17075
2.20995
4.00216
-0
0.9038
-0.428
0
0.741565
0.301672
2.32645
4.24816
-0
0.9292
-0.363
0
0.746081
0.181672
2.32645
4.24816
0.266637
0.892525
-0.348825
0.194475
0.96917
0.17075
2.20995
4.00216
0.266637
0.8699
-0.41195
0.18995
0.964654
0.29075
1.81623
3.75617
-0
-0.77305
-0.58985
0
0.478357
0.068318
1.93543
3.65909
-0
-0.05405
-0.81375
0
0.484058
0.000424
1.93543
3.65909
0.266637
-0.053375
-0.78155
0.1944
0.707494
0
1.81623
3.75617
0.266637
-0.744475
-0.5675
0.189725
0.701794
0.067894
2.4546
4.6586
-0
0.4698
0.35095
0
0.259253
0.503926
1.93543
4.65084
-0
-0.00295
0.99995
0
0.258859
0.776411
1.93543
4.65084
0.266637
-0.002825
0.9605
0.1946
0.035407
0.776445
2.4546
4.6586
0.266637
0.450375
0.337375
0.1968
0.035801
0.50396
1.93543
3.65909
-0
-0.05405
-0.81375
0
0.742006
0.518888
2.09346
3.75617
-0
0.7136
-0.64005
0
0.737049
0.421672
2.09346
3.75617
0.266637
0.6857
-0.614675
0.19415
0.960138
0.41075
1.93543
3.65909
0.266637
-0.053375
-0.78155
0.1944
0.965095
0.507966
1.55411
4.45144
0.266637
-0.936
-0.20565
0.1998
0.70026
0.457481
1.50945
4.65472
0.266637
-0.463625
0.37745
0.1972
0.701936
0.566161
1.50945
4.65472
-0
-0.4838
0.3927
0
0.478499
0.566586
1.55411
4.45144
-0
-0.9767
-0.2146
0
0.476823
0.457906
1.62972
4.45105
0.311976
-0.0820667
0.00996667
0.994267
0.036991
0.414965
1.60087
4.58238
0.311976
-0.0599667
0.0622
0.9903
0.023866
0.484321
1.55516
4.61855
0.305902
-0.165925
0.138925
0.91725
0
0.503926
1.59192
4.45125
0.305902
-0.33505
-0.07365
0.9193
0.01672
0.415571
1.59192
4.45125
0.305902
-0.33505
-0.07365
0.9193
0.73567
0.451146
1.55516
4.61855
0.305902
-0.165925
0.138925
0.91725
0.737049
0.540592
1.5217
4.64503
0.289307
-0.34835
0.286875
0.6213
0.721524
0.559291
1.56424
4.45139
0.289307
-0.70335
-0.15455
0.62575
0.719928
0.455764
1.56424
4.45139
0.289307
-0.70335
-0.15455
0.62575
0.719928
0.455764
1.5217
4.64503
0.289307
-0.34835
0.286875
0.6213
0.721524
0.559291
1.50945
4.65472
0.266637
-0.463625
0.37745
0.1972
0.701936
0.566161
1.55411
4.45144
0.266637
-0.936
-0.20565
0.1998
0.70026
0.457481
2.12603
3.98733
0.311976
0.0908
-0.0492667
0.9934
0.294635
0.163186
2.04106
3.8079
0.311976
0.096
-0.0845
0.9899
0.245931
0.070594
2.06726
3.78203
0.305902
0.25135
-0.224675
0.914825
0.259484
0.056423
2.16799
3.99475
0.305902
0.3247
-0.1538
0.9113
0.317223
0.166189
2.16799
3.99475
0.305902
0.3247
-0.1538
0.9113
0.317223
0.166189
2.06726
3.78203
0.305902
0.25135
-0.224675
0.914825
0.259484
0.056423
2.08644
3.7631
0.289307
0.520575
-0.465725
0.61605
0.269362
0.045741
2.19871
4.00018
0.289307
0.6649
-0.3149
0.6087
0.333714
0.168079
2.19871
4.00018
0.289307
0.6649
-0.3149
0.6087
0.984204
0.295375
2.08644
3.7631
0.289307
0.520575
-0.465725
0.61605
0.979852
0.411024
2.09346
3.75617
0.266637
0.6857
-0.614675
0.19415
0.960138
0.41075
2.20995
4.00216
0.266637
0.8699
-0.41195
0.18995
0.964654
0.29075
1.93543
3.65909
0.266637
-0.053375
-0.78155
0.1944
0.965095
0.507966
2.09346
3.75617
0.266637
0.6857
-0.614675
0.19415
0.960138
0.41075
2.08644
3.7631
0.289307
0.520575
-0.465725
0.61605
0.979852
0.411024
1.93543
3.67084
0.289307
-0.045225
-0.5924
0.61635
0.984612
0.503783
1.93543
3.67084
0.289307
-0.045225
-0.5924
0.61635
0.984612
0.503783
2.08644
3.7631
0.289307
0.520575
-0.465725
0.61605
0.979852
0.411024
2.06726
3.78203
0.305902
0.25135
-0.224675
0.914825
0.995777
0.413632
1.93543
3.70293
0.305902
-0.02625
-0.285725
0.914825
1
0.494211
1.93543
3.70293
0.305902
-0.02625
-0.285725
0.914825
0.18746
0.017247
2.06726
3.78203
0.305902
0.25135
-0.224675
0.914825
0.259484
0.056423
2.04106
3.8079
0.311976
0.096
-0.0845
0.9899
0.245931
0.070594
1.93543
3.74676
0.311976
-0.0125
-0.0884
0.99155
0.18826
0.040385
1.93543
4.65084
0.266637
-0.002825
0.9605
0.1946
0.035407
0.776445
1.50945
4.65472
0.266637
-0.463625
0.37745
0.1972
0.035801
1
1.5217
4.64503
0.289307
-0.34835
0.286875
0.6213
0.016122
0.99359
1.93543
4.64125
0.289307
-0.002125
0.728275
0.61685
0.015739
0.776463
1.93543
4.64125
0.289307
-0.002125
0.728275
0.61685
0.015739
0.776463
1.5217
4.64503
0.289307
-0.34835
0.286875
0.6213
0.016122
0.99359
1.55516
4.61855
0.305902
-0.165925
0.138925
0.91725
0.000352
0.976072
1.93543
4.61508
0.305902
-0.001025
0.3515
0.9152
0
0.776506
1.93543
4.61508
0.305902
-0.001025
0.3515
0.9152
0.203645
0.495478
1.55516
4.61855
0.305902
-0.165925
0.138925
0.91725
0
0.503926
1.60087
4.58238
0.311976
-0.0599667
0.0622
0.9903
0.023866
0.484321
1.93543
4.57933
0.311976
-0.00145
0.1106
0.992125
0.203033
0.476888
1.79088
3.98441
0.311976
-0.104
-0.0499333
0.992467
0.11504
0.1675
1.6743
4.24816
0.311976
-0.116425
-0.03285
0.9913
0.057269
0.307813
1.63653
4.24816
0.305902
-0.3326
-0.109775
0.914875
0.037017
0.308317
1.74919
3.99329
0.305902
-0.33015
-0.1459
0.91045
0.092844
0.172727
1.74919
3.99329
0.305902
-0.33015
-0.1459
0.91045
0.735659
0.197046
1.63653
4.24816
0.305902
-0.3326
-0.109775
0.914875
0.733996
0.342568
1.60889
4.24816
0.289307
-0.68885
-0.2263
0.616375
0.718253
0.347111
1.71867
3.99979
0.289307
-0.67435
-0.29805
0.607
0.719873
0.2053
1.71867
3.99979
0.289307
-0.67435
-0.29805
0.607
0.719873
0.2053
1.60889
4.24816
0.289307
-0.68885
-0.2263
0.616375
0.718253
0.347111
1.59877
4.24816
0.266637
-0.90835
-0.297475
0.1944
0.698584
0.348801
1.7075
4.00216
0.266637
-0.8807
-0.3893
0.189
0.700189
0.208347
2.31343
4.45272
0.311976
0.0756333
0.00473333
0.9945
0.403279
0.403919
2.24956
4.24816
0.311976
0.108025
-0.036975
0.991825
0.365435
0.297783
2.28801
4.24816
0.305902
0.326725
-0.128225
0.915
0.386009
0.296959
2.35198
4.45305
0.305902
0.32875
-0.10265
0.9187
0.423914
0.403265
2.35198
4.45305
0.305902
0.32875
-0.10265
0.9187
0.423914
0.403265
2.28801
4.24816
0.305902
0.326725
-0.128225
0.915
0.386009
0.296959
2.31615
4.24816
0.289307
0.676775
-0.26495
0.61655
0.401026
0.296046
2.3802
4.45329
0.289307
0.68865
-0.215
0.6244
0.438975
0.402477
2.3802
4.45329
0.289307
0.68865
-0.215
0.6244
0.994513
0.089067
2.31615
4.24816
0.289307
0.676775
-0.26495
0.61655
0.988757
0.174405
2.32645
4.24816
0.266637
0.892525
-0.348825
0.194475
0.96917
0.17075
2.39053
4.45338
0.266637
0.91515
-0.2857
0.199
0.974929
0.085375
1.81623
3.75617
0.266637
-0.744475
-0.5675
0.189725
0.701794
0.067894
1.93543
3.65909
0.266637
-0.053375
-0.78155
0.1944
0.707494
0
1.93543
3.67084
0.289307
-0.045225
-0.5924
0.61635
0.726759
0.005822
1.82351
3.7626
0.289307
-0.570525
-0.43315
0.60815
0.721421
0.069874
1.82351
3.7626
0.289307
-0.570525
-0.43315
0.60815
0.128504
0.050061
1.93543
3.67084
0.289307
-0.045225
-0.5924
0.61635
0.18683
0
1.93543
3.70293
0.305902
-0.02625
-0.285725
0.914825
0.18746
0.017247
1.84339
3.78016
0.305902
-0.280325
-0.2109
0.910875
0.139528
0.059342
1.84339
3.78016
0.305902
-0.280325
-0.2109
0.910875
0.139528
0.059342
1.93543
3.70293
0.305902
-0.02625
-0.285725
0.914825
0.18746
0.017247
1.93543
3.74676
0.311976
-0.0125
-0.0884
0.99155
0.18826
0.040385
1.87055
3.80414
0.311976
-0.1136
-0.0812667
0.988833
0.154526
0.071598
2.4546
4.6586
0.266637
0.450375
0.337375
0.1968
0.035801
0.50396
1.93543
4.65084
0.266637
-0.002825
0.9605
0.1946
0.035407
0.776445
1.93543
4.64125
0.289307
-0.002125
0.728275
0.61685
0.015739
0.776463
2.44125
4.64882
0.289307
0.338875
0.256625
0.620625
0.016123
0.510987
2.44125
4.64882
0.289307
0.338875
0.256625
0.620625
0.016123
0.510987
1.93543
4.64125
0.289307
-0.002125
0.728275
0.61685
0.015739
0.776463
1.93543
4.61508
0.305902
-0.001025
0.3515
0.9152
0
0.776506
2.40476
4.6221
0.305902
0.16175
0.124425
0.91695
0.000356
0.53018
2.40476
4.6221
0.305902
0.16175
0.124425
0.91695
0.455188
0.490975
1.93543
4.61508
0.305902
-0.001025
0.3515
0.9152
0.203645
0.495478
1.93543
4.57933
0.311976
-0.00145
0.1106
0.992125
0.203033
0.476888
2.35491
4.5856
0.311976
0.0571
0.0574
0.9903
0.427861
0.472863
1.6743
4.24816
0.311976
-0.116425
-0.03285
0.9913
0.057269
0.307813
1.62972
4.45105
0.311976
-0.0820667
0.00996667
0.994267
0.036991
0.414965
1.59192
4.45125
0.305902
-0.33505
-0.07365
0.9193
0.01672
0.415571
1.63653
4.24816
0.305902
-0.3326
-0.109775
0.914875
0.037017
0.308317
1.63653
4.24816
0.305902
-0.3326
-0.109775
0.914875
0.733996
0.342568
1.59192
4.45125
0.305902
-0.33505
-0.07365
0.9193
0.73567
0.451146
1.56424
4.45139
0.289307
-0.70335
-0.15455
0.62575
0.719928
0.455764
1.60889
4.24816
0.289307
-0.68885
-0.2263
0.616375
0.718253
0.347111
1.60889
4.24816
0.289307
-0.68885
-0.2263
0.616375
0.718253
0.347111
1.56424
4.45139
0.289307
-0.70335
-0.15455
0.62575
0.719928
0.455764
1.55411
4.45144
0.266637
-0.936
-0.20565
0.1998
0.70026
0.457481
1.59877
4.24816
0.266637
-0.90835
-0.297475
0.1944
0.698584
0.348801
2.35491
4.5856
0.311976
0.0571
0.0574
0.9903
0.427861
0.472863
2.31343
4.45272
0.311976
0.0756333
0.00473333
0.9945
0.403279
0.403919
2.35198
4.45305
0.305902
0.32875
-0.10265
0.9187
0.423914
0.403265
2.40476
4.6221
0.305902
0.16175
0.124425
0.91695
0.455188
0.490975
2.40476
4.6221
0.305902
0.16175
0.124425
0.91695
0.455188
0.490975
2.35198
4.45305
0.305902
0.32875
-0.10265
0.9187
0.423914
0.403265
2.3802
4.45329
0.289307
0.68865
-0.215
0.6244
0.438975
0.402477
2.44125
4.64882
0.289307
0.338875
0.256625
0.620625
0.475148
0.503926
2.44125
4.64882
0.289307
0.338875
0.256625
0.620625
1
0.007724
2.3802
4.45329
0.289307
0.68865
-0.215
0.6244
0.994513
0.089067
2.39053
4.45338
0.266637
0.91515
-0.2857
0.199
0.974929
0.085375
2.4546
4.6586
0.266637
0.450375
0.337375
0.1968
0.980688
0
2.24956
4.24816
0.311976
0.108025
-0.036975
0.991825
0.365435
0.297783
2.12603
3.98733
0.311976
0.0908
-0.0492667
0.9934
0.294635
0.163186
2.16799
3.99475
0.305902
0.3247
-0.1538
0.9113
0.317223
0.166189
2.28801
4.24816
0.305902
0.326725
-0.128225
0.915
0.386009
0.296959
2.28801
4.24816
0.305902
0.326725
-0.128225
0.915
0.386009
0.296959
2.16799
3.99475
0.305902
0.3247
-0.1538
0.9113
0.317223
0.166189
2.19871
4.00018
0.289307
0.6649
-0.3149
0.6087
0.333714
0.168079
2.31615
4.24816
0.289307
0.676775
-0.26495
0.61655
0.401026
0.296046
2.31615
4.24816
0.289307
0.676775
-0.26495
0.61655
0.988757
0.174405
2.19871
4.00018
0.289307
0.6649
-0.3149
0.6087
0.984204
0.295375
2.20995
4.00216
0.266637
0.8699
-0.41195
0.18995
0.964654
0.29075
2.32645
4.24816
0.266637
0.892525
-0.348825
0.194475
0.96917
0.17075
1.87055
3.80414
0.311976
-0.1136
-0.0812667
0.988833
0.154526
0.071598
1.79088
3.98441
0.311976
-0.104
-0.0499333
0.992467
0.11504
0.1675
1.74919
3.99329
0.305902
-0.33015
-0.1459
0.91045
0.092844
0.172727
1.84339
3.78016
0.305902
-0.280325
-0.2109
0.910875
0.139528
0.059342
1.84339
3.78016
0.305902
-0.280325
-0.2109
0.910875
0.737049
0.075356
1.74919
3.99329
0.305902
-0.33015
-0.1459
0.91045
0.735659
0.197046
1.71867
3.99979
0.289307
-0.67435
-0.29805
0.607
0.719873
0.2053
1.82351
3.7626
0.289307
-0.570525
-0.43315
0.60815
0.721421
0.069874
1.82351
3.7626
0.289307
-0.570525
-0.43315
0.60815
0.721421
0.069874
1.71867
3.99979
0.289307
-0.67435
-0.29805
0.607
0.719873
0.2053
1.7075
4.00216
0.266637
-0.8807
-0.3893
0.189
0.700189
0.208347
1.81623
3.75617
0.266637
-0.744475
-0.5675
0.189725
0.701794
0.067894
1.81623
3.75617
0.266637
-0.744475
-0.5675
0.189725
0.701794
0.067894
1.7075
4.00216
0.266637
-0.8807
-0.3893
0.189
0.700189
0.208347
1.7075
4.00216
-0
-0.9146
-0.4043
0
0.476753
0.208772
1.81623
3.75617
-0
-0.77305
-0.58985
0
0.478357
0.068318
1.7075
4.00216
-0.266638
-0.8807
-0.3893
-0.189
0.700189
0.208347
1.7075
4.00216
-0
-0.9146
-0.4043
0
0.476753
0.208772
1.59877
4.24816
-0
-0.94565
-0.30945
0
0.475148
0.349225
1.59877
4.24816
-0.266638
-0.90835
-0.297475
-0.1944
0.698584
0.348801
1.93543
4.65084
-0
-0.00295
0.99995
0
0.258859
0.776411
1.93543
4.65084
-0.266638
-0.002825
0.9605
-0.1946
0.035407
0.776445
1.50945
4.65472
-0.266638
-0.463625
0.37745
-0.1972
0.035801
1
1.50945
4.65472
-0
-0.4838
0.3927
0
0.259253
0.999966
2.09346
3.75617
-0
0.7136
-0.64005
0
0.737049
0.421672
2.09346
3.75617
-0.266638
0.6857
-0.614675
-0.19415
0.960138
0.41075
2.20995
4.00216
-0.266638
0.8699
-0.41195
-0.18995
0.964654
0.29075
2.20995
4.00216
-0
0.9038
-0.428
0
0.741565
0.301672
2.04106
3.8079
-0.311977
0.0928667
-0.0820333
-0.990133
0.245931
0.070594
1.93543
3.74676
-0.311977
-0.01155
-0.084525
-0.992
0.18826
0.040385
1.93543
3.95362
-0.32082
-0.0072
-0.028575
-0.9982
0.19193
0.148839
2.12603
3.98733
-0.311977
0.0818
-0.0428667
-0.9941
0.294635
0.163186
2.31343
4.45272
-0.311977
0.0672667
-0.00186667
-0.9951
0.403279
0.403919
1.93543
4.4495
-0.32082
-0.002675
0.021825
-0.999275
0.200729
0.408819
1.93543
4.57933
-0.311977
-0.000975
0.099825
-0.99265
0.203033
0.476888
2.35491
4.5856
-0.311977
0.0547
0.0502667
-0.990633
0.427861
0.472863
1.93543
3.74676
-0.311977
-0.01155
-0.084525
-0.992
0.18826
0.040385
1.87055
3.80414
-0.311977
-0.1092
-0.0785667
-0.9892
0.154526
0.071598
1.79088
3.98441
-0.311977
-0.0923333
-0.0431333
-0.9935
0.11504
0.1675
1.93543
3.95362
-0.32082
-0.0072
-0.028575
-0.9982
0.19193
0.148839
1.93543
4.24816
-0.327572
-0.004975
-0.0063
-0.99865
0.197156
0.30326
1.6743
4.24816
-0.311977
-0.105525
-0.0295
-0.9921
0.057269
0.307813
1.62972
4.45105
-0.311977
-0.0717667
0.0031
-0.995033
0.036991
0.414965
1.93543
4.4495
-0.32082
-0.002675
0.021825
-0.999275
0.200729
0.408819
2.39053
4.45338
-0
0.9546
-0.298
0
0.75184
0.096297
2.39053
4.45338
-0.266638
0.91515
-0.2857
-0.199
0.974929
0.085375
2.4546
4.6586
-0.266638
0.450375
0.337375
-0.1968
0.980688
0
2.4546
4.6586
-0
0.4698
0.35095
0
0.757599
0.010922
2.24956
4.24816
-0.311977
0.09915
-0.033625
-0.992375
0.365435
0.297783
1.93543
4.24816
-0.327572
-0.004975
-0.0063
-0.99865
0.197156
0.30326
1.93543
4.4495
-0.32082
-0.002675
0.021825
-0.999275
0.200729
0.408819
2.31343
4.45272
-0.311977
0.0672667
-0.00186667
-0.9951
0.403279
0.403919
1.59877
4.24816
-0.266638
-0.90835
-0.297475
-0.1944
0.698584
0.348801
1.59877
4.24816
-0
-0.94565
-0.30945
0
0.475148
0.349225
1.55411
4.45144
-0
-0.9767
-0.2146
0
0.476823
0.457906
1.55411
4.45144
-0.266638
-0.936
-0.20565
-0.1998
0.70026
0.457481
1.93543
4.4495
-0.32082
-0.002675
0.021825
-0.999275
0.200729
0.408819
1.62972
4.45105
-0.311977
-0.0717667
0.0031
-0.995033
0.036991
0.414965
1.60087
4.58238
-0.311977
-0.0569333
0.0549667
-0.990667
0.023866
0.484321
1.93543
4.57933
-0.311977
-0.000975
0.099825
-0.99265
0.203033
0.476888
1.93543
3.95362
-0.32082
-0.0072
-0.028575
-0.9982
0.19193
0.148839
1.79088
3.98441
-0.311977
-0.0923333
-0.0431333
-0.9935
0.11504
0.1675
1.6743
4.24816
-0.311977
-0.105525
-0.0295
-0.9921
0.057269
0.307813
1.93543
4.24816
-0.327572
-0.004975
-0.0063
-0.99865
0.197156
0.30326
2.12603
3.98733
-0.311977
0.0818
-0.0428667
-0.9941
0.294635
0.163186
1.93543
3.95362
-0.32082
-0.0072
-0.028575
-0.9982
0.19193
0.148839
1.93543
4.24816
-0.327572
-0.004975
-0.0063
-0.99865
0.197156
0.30326
2.24956
4.24816
-0.311977
0.09915
-0.033625
-0.992375
0.365435
0.297783
2.32645
4.24816
-0
0.9292
-0.363
0
0.746081
0.181672
2.32645
4.24816
-0.266638
0.892525
-0.348825
-0.194475
0.96917
0.17075
2.39053
4.45338
-0.266638
0.91515
-0.2857
-0.199
0.974929
0.085375
2.39053
4.45338
-0
0.9546
-0.298
0
0.75184
0.096297
2.20995
4.00216
-0
0.9038
-0.428
0
0.741565
0.301672
2.20995
4.00216
-0.266638
0.8699
-0.41195
-0.18995
0.964654
0.29075
2.32645
4.24816
-0.266638
0.892525
-0.348825
-0.194475
0.96917
0.17075
2.32645
4.24816
-0
0.9292
-0.363
0
0.746081
0.181672
1.81623
3.75617
-0
-0.77305
-0.58985
0
0.478357
0.068318
1.81623
3.75617
-0.266638
-0.744475
-0.5675
-0.189725
0.701794
0.067894
1.93543
3.65909
-0.266638
-0.053375
-0.78155
-0.1944
0.707494
0
1.93543
3.65909
-0
-0.05405
-0.81375
0
0.484058
0.000424
2.4546
4.6586
-0
0.4698
0.35095
0
0.259253
0.503926
2.4546
4.6586
-0.266638
0.450375
0.337375
-0.1968
0.035801
0.50396
1.93543
4.65084
-0.266638
-0.002825
0.9605
-0.1946
0.035407
0.776445
1.93543
4.65084
-0
-0.00295
0.99995
0
0.258859
0.776411
1.93543
3.65909
-0
-0.05405
-0.81375
0
0.742006
0.518888
1.93543
3.65909
-0.266638
-0.053375
-0.78155
-0.1944
0.965095
0.507966
2.09346
3.75617
-0.266638
0.6857
-0.614675
-0.19415
0.960138
0.41075
2.09346
3.75617
-0
0.7136
-0.64005
0
0.737049
0.421672
1.55411
4.45144
-0.266638
-0.936
-0.20565
-0.1998
0.70026
0.457481
1.55411
4.45144
-0
-0.9767
-0.2146
0
0.476823
0.457906
1.50945
4.65472
-0
-0.4838
0.3927
0
0.478499
0.566586
1.50945
4.65472
-0.266638
-0.463625
0.37745
-0.1972
0.701936
0.566161
1.62972
4.45105
-0.311977
-0.0717667
0.0031
-0.995033
0.036991
0.414965
1.59192
4.45125
-0.305903
-0.33505
-0.07365
-0.9193
0.01672
0.415571
1.55516
4.61855
-0.305903
-0.165925
0.138925
-0.91725
0
0.503926
1.60087
4.58238
-0.311977
-0.0569333
0.0549667
-0.990667
0.023866
0.484321
1.59192
4.45125
-0.305903
-0.33505
-0.07365
-0.9193
0.73567
0.451146
1.56424
4.45139
-0.289307
-0.70335
-0.15455
-0.62575
0.719928
0.455764
1.5217
4.64503
-0.289307
-0.34835
0.286875
-0.6213
0.721524
0.559291
1.55516
4.61855
-0.305903
-0.165925
0.138925
-0.91725
0.737049
0.540592
1.56424
4.45139
-0.289307
-0.70335
-0.15455
-0.62575
0.719928
0.455764
1.55411
4.45144
-0.266638
-0.936
-0.20565
-0.1998
0.70026
0.457481
1.50945
4.65472
-0.266638
-0.463625
0.37745
-0.1972
0.701936
0.566161
1.5217
4.64503
-0.289307
-0.34835
0.286875
-0.6213
0.721524
0.559291
2.12603
3.98733
-0.311977
0.0818
-0.0428667
-0.9941
0.294635
0.163186
2.16799
3.99475
-0.305903
0.3247
-0.1538
-0.9113
0.317223
0.166189
2.06726
3.78203
-0.305903
0.25135
-0.224675
-0.914825
0.259484
0.056423
2.04106
3.8079
-0.311977
0.0928667
-0.0820333
-0.990133
0.245931
0.070594
2.16799
3.99475
-0.305903
0.3247
-0.1538
-0.9113
0.317223
0.166189
2.19871
4.00018
-0.289307
0.6649
-0.3149
-0.6087
0.333714
0.168079
2.08644
3.7631
-0.289307
0.520575
-0.465725
-0.61605
0.269362
0.045741
2.06726
3.78203
-0.305903
0.25135
-0.224675
-0.914825
0.259484
0.056423
2.19871
4.00018
-0.289307
0.6649
-0.3149
-0.6087
0.984204
0.295375
2.20995
4.00216
-0.266638
0.8699
-0.41195
-0.18995
0.964654
0.29075
2.09346
3.75617
-0.266638
0.6857
-0.614675
-0.19415
0.960138
0.41075
2.08644
3.7631
-0.289307
0.520575
-0.465725
-0.61605
0.979852
0.411024
1.93543
3.65909
-0.266638
-0.053375
-0.78155
-0.1944
0.965095
0.507966
1.93543
3.67084
-0.289307
-0.045225
-0.5924
-0.61635
0.984612
0.503783
2.08644
3.7631
-0.289307
0.520575
-0.465725
-0.61605
0.979852
0.411024
2.09346
3.75617
-0.266638
0.6857
-0.614675
-0.19415
0.960138
0.41075
1.93543
3.67084
-0.289307
-0.045225
-0.5924
-0.61635
0.984612
0.503783
1.93543
3.70293
-0.305903
-0.02625
-0.285725
-0.914825
1
0.494211
2.06726
3.78203
-0.305903
0.25135
-0.224675
-0.914825
0.995777
0.413632
2.08644
3.7631
-0.289307
0.520575
-0.465725
-0.61605
0.979852
0.411024
1.93543
3.70293
-0.305903
-0.02625
-0.285725
-0.914825
0.18746
0.017247
1.93543
3.74676
-0.311977
-0.01155
-0.084525
-0.992
0.18826
0.040385
2.04106
3.8079
-0.311977
0.0928667
-0.0820333
-0.990133
0.245931
0.070594
2.06726
3.78203
-0.305903
0.25135
-0.224675
-0.914825
0.259484
0.056423
1.93543
4.65084
-0.266638
-0.002825
0.9605
-0.1946
0.035407
0.776445
1.93543
4.64125
-0.289307
-0.002125
0.728275
-0.61685
0.015739
0.776463
1.5217
4.64503
-0.289307
-0.34835
0.286875
-0.6213
0.016122
0.99359
1.50945
4.65472
-0.266638
-0.463625
0.37745
-0.1972
0.035801
1
1.93543
4.64125
-0.289307
-0.002125
0.728275
-0.61685
0.015739
0.776463
1.93543
4.61508
-0.305903
-0.001025
0.3515
-0.9152
0
0.776506
1.55516
4.61855
-0.305903
-0.165925
0.138925
-0.91725
0.000352
0.976072
1.5217
4.64503
-0.289307
-0.34835
0.286875
-0.6213
0.016122
0.99359
1.93543
4.61508
-0.305903
-0.001025
0.3515
-0.9152
0.203645
0.495478
1.93543
4.57933
-0.311977
-0.000975
0.099825
-0.99265
0.203033
0.476888
1.60087
4.58238
-0.311977
-0.0569333
0.0549667
-0.990667
0.023866
0.484321
1.55516
4.61855
-0.305903
-0.165925
0.138925
-0.91725
0
0.503926
1.79088
3.98441
-0.311977
-0.0923333
-0.0431333
-0.9935
0.11504
0.1675
1.74919
3.99329
-0.305903
-0.33015
-0.1459
-0.91045
0.092844
0.172727
1.63653
4.24816
-0.305903
-0.3326
-0.109775
-0.914875
0.037017
0.308317
1.6743
4.24816
-0.311977
-0.105525
-0.0295
-0.9921
0.057269
0.307813
1.74919
3.99329
-0.305903
-0.33015
-0.1459
-0.91045
0.735659
0.197046
1.71867
3.99979
-0.289307
-0.67435
-0.29805
-0.607
0.719873
0.2053
1.60889
4.24816
-0.289307
-0.68885
-0.2263
-0.616375
0.718253
0.347111
1.63653
4.24816
-0.305903
-0.3326
-0.109775
-0.914875
0.733996
0.342568
1.71867
3.99979
-0.289307
-0.67435
-0.29805
-0.607
0.719873
0.2053
1.7075
4.00216
-0.266638
-0.8807
-0.3893
-0.189
0.700189
0.208347
1.59877
4.24816
-0.266638
-0.90835
-0.297475
-0.1944
0.698584
0.348801
1.60889
4.24816
-0.289307
-0.68885
-0.2263
-0.616375
0.718253
0.347111
2.31343
4.45272
-0.311977
0.0672667
-0.00186667
-0.9951
0.403279
0.403919
2.35198
4.45305
-0.305903
0.32875
-0.10265
-0.9187
0.423914
0.403265
2.28801
4.24816
-0.305903
0.326725
-0.128225
-0.915
0.386009
0.296959
2.24956
4.24816
-0.311977
0.09915
-0.033625
-0.992375
0.365435
0.297783
2.35198
4.45305
-0.305903
0.32875
-0.10265
-0.9187
0.423914
0.403265
2.3802
4.45329
-0.289307
0.68865
-0.215
-0.6244
0.438975
0.402477
2.31615
4.24816
-0.289307
0.676775
-0.26495
-0.61655
0.401026
0.296046
2.28801
4.24816
-0.305903
0.326725
-0.128225
-0.915
0.386009
0.296959
2.3802
4.45329
-0.289307
0.68865
-0.215
-0.6244
0.994513
0.089067
2.39053
4.45338
-0.266638
0.91515
-0.2857
-0.199
0.974929
0.085375
2.32645
4.24816
-0.266638
0.892525
-0.348825
-0.194475
0.96917
0.17075
2.31615
4.24816
-0.289307
0.676775
-0.26495
-0.61655
0.988757
0.174405
1.81623
3.75617
-0.266638
-0.744475
-0.5675
-0.189725
0.701794
0.067894
1.82351
3.7626
-0.289307
-0.570525
-0.43315
-0.60815
0.721421
0.069874
1.93543
3.67084
-0.289307
-0.045225
-0.5924
-0.61635
0.726759
0.005822
1.93543
3.65909
-0.266638
-0.053375
-0.78155
-0.1944
0.707494
0
1.82351
3.7626
-0.289307
-0.570525
-0.43315
-0.60815
0.128504
0.050061
1.84339
3.78016
-0.305903
-0.280325
-0.2109
-0.910875
0.139528
0.059342
1.93543
3.70293
-0.305903
-0.02625
-0.285725
-0.914825
0.18746
0.017247
1.93543
3.67084
-0.289307
-0.045225
-0.5924
-0.61635
0.18683
0
1.84339
3.78016
-0.305903
-0.280325
-0.2109
-0.910875
0.139528
0.059342
1.87055
3.80414
-0.311977
-0.1092
-0.0785667
-0.9892
0.154526
0.071598
1.93543
3.74676
-0.311977
-0.01155
-0.084525
-0.992
0.18826
0.040385
1.93543
3.70293
-0.305903
-0.02625
-0.285725
-0.914825
0.18746
0.017247
2.4546
4.6586
-0.266638
0.450375
0.337375
-0.1968
0.035801
0.50396
2.44125
4.64882
-0.289307
0.338875
0.256625
-0.620625
0.016123
0.510987
1.93543
4.64125
-0.289307
-0.002125
0.728275
-0.61685
0.015739
0.776463
1.93543
4.65084
-0.266638
-0.002825
0.9605
-0.1946
0.035407
0.776445
2.44125
4.64882
-0.289307
0.338875
0.256625
-0.620625
0.016123
0.510987
2.40476
4.6221
-0.305903
0.16175
0.124425
-0.91695
0.000356
0.53018
1.93543
4.61508
-0.305903
-0.001025
0.3515
-0.9152
0
0.776506
1.93543
4.64125
-0.289307
-0.002125
0.728275
-0.61685
0.015739
0.776463
2.40476
4.6221
-0.305903
0.16175
0.124425
-0.91695
0.455188
0.490975
2.35491
4.5856
-0.311977
0.0547
0.0502667
-0.990633
0.427861
0.472863
1.93543
4.57933
-0.311977
-0.000975
0.099825
-0.99265
0.203033
0.476888
1.93543
4.61508
-0.305903
-0.001025
0.3515
-0.9152
0.203645
0.495478
1.6743
4.24816
-0.311977
-0.105525
-0.0295
-0.9921
0.057269
0.307813
1.63653
4.24816
-0.305903
-0.3326
-0.109775
-0.914875
0.037017
0.308317
1.59192
4.45125
-0.305903
-0.33505
-0.07365
-0.9193
0.01672
0.415571
1.62972
4.45105
-0.311977
-0.0717667
0.0031
-0.995033
0.036991
0.414965
1.63653
4.24816
-0.305903
-0.3326
-0.109775
-0.914875
0.733996
0.342568
1.60889
4.24816
-0.289307
-0.68885
-0.2263
-0.616375
0.718253
0.347111
1.56424
4.45139
-0.289307
-0.70335
-0.15455
-0.62575
0.719928
0.455764
1.59192
4.45125
-0.305903
-0.33505
-0.07365
-0.9193
0.73567
0.451146
1.60889
4.24816
-0.289307
-0.68885
-0.2263
-0.616375
0.718253
0.347111
1.59877
4.24816
-0.266638
-0.90835
-0.297475
-0.1944
0.698584
0.348801
1.55411
4.45144
-0.266638
-0.936
-0.20565
-0.1998
0.70026
0.457481
1.56424
4.45139
-0.289307
-0.70335
-0.15455
-0.62575
0.719928
0.455764
2.35491
4.5856
-0.311977
0.0547
0.0502667
-0.990633
0.427861
0.472863
2.40476
4.6221
-0.305903
0.16175
0.124425
-0.91695
0.455188
0.490975
2.35198
4.45305
-0.305903
0.32875
-0.10265
-0.9187
0.423914
0.403265
2.31343
4.45272
-0.311977
0.0672667
-0.00186667
-0.9951
0.403279
0.403919
2.40476
4.6221
-0.305903
0.16175
0.124425
-0.91695
0.455188
0.490975
2.44125
4.64882
-0.289307
0.338875
0.256625
-0.620625
0.475148
0.503926
2.3802
4.45329
-0.289307
0.68865
-0.215
-0.6244
0.438975
0.402477
2.35198
4.45305
-0.305903
0.32875
-0.10265
-0.9187
0.423914
0.403265
2.44125
4.64882
-0.289307
0.338875
0.256625
-0.620625
1
0.007724
2.4546
4.6586
-0.266638
0.450375
0.337375
-0.1968
0.980688
0
2.39053
4.45338
-0.266638
0.91515
-0.2857
-0.199
0.974929
0.085375
2.3802
4.45329
-0.289307
0.68865
-0.215
-0.6244
0.994513
0.089067
2.24956
4.24816
-0.311977
0.09915
-0.033625
-0.992375
0.365435
0.297783
2.28801
4.24816
-0.305903
0.326725
-0.128225
-0.915
0.386009
0.296959
2.16799
3.99475
-0.305903
0.3247
-0.1538
-0.9113
0.317223
0.166189
2.12603
3.98733
-0.311977
0.0818
-0.0428667
-0.9941
0.294635
0.163186
2.28801
4.24816
-0.305903
0.326725
-0.128225
-0.915
0.386009
0.296959
2.31615
4.24816
-0.289307
0.676775
-0.26495
-0.61655
0.401026
0.296046
2.19871
4.00018
-0.289307
0.6649
-0.3149
-0.6087
0.333714
0.168079
2.16799
3.99475
-0.305903
0.3247
-0.1538
-0.9113
0.317223
0.166189
2.31615
4.24816
-0.289307
0.676775
-0.26495
-0.61655
0.988757
0.174405
2.32645
4.24816
-0.266638
0.892525
-0.348825
-0.194475
0.96917
0.17075
2.20995
4.00216
-0.266638
0.8699
-0.41195
-0.18995
0.964654
0.29075
2.19871
4.00018
-0.289307
0.6649
-0.3149
-0.6087
0.984204
0.295375
1.87055
3.80414
-0.311977
-0.1092
-0.0785667
-0.9892
0.154526
0.071598
1.84339
3.78016
-0.305903
-0.280325
-0.2109
-0.910875
0.139528
0.059342
1.74919
3.99329
-0.305903
-0.33015
-0.1459
-0.91045
0.092844
0.172727
1.79088
3.98441
-0.311977
-0.0923333
-0.0431333
-0.9935
0.11504
0.1675
1.84339
3.78016
-0.305903
-0.280325
-0.2109
-0.910875
0.737049
0.075356
1.82351
3.7626
-0.289307
-0.570525
-0.43315
-0.60815
0.721421
0.069874
1.71867
3.99979
-0.289307
-0.67435
-0.29805
-0.607
0.719873
0.2053
1.74919
3.99329
-0.305903
-0.33015
-0.1459
-0.91045
0.735659
0.197046
1.82351
3.7626
-0.289307
-0.570525
-0.43315
-0.60815
0.721421
0.069874
1.81623
3.75617
-0.266638
-0.744475
-0.5675
-0.189725
0.701794
0.067894
1.7075
4.00216
-0.266638
-0.8807
-0.3893
-0.189
0.700189
0.208347
1.71867
3.99979
-0.289307
-0.67435
-0.29805
-0.607
0.719873
0.2053
1.81623
3.75617
-0.266638
-0.744475
-0.5675
-0.189725
0.701794
0.067894
1.81623
3.75617
-0
-0.77305
-0.58985
0
0.478357
0.068318
1.7075
4.00216
-0
-0.9146
-0.4043
0
0.476753
0.208772
1.7075
4.00216
-0.266638
-0.8807
-0.3893
-0.189
0.700189
0.208347
