4.34843
4.44386
-0.125548
0.97455
-0.12595
-0.174
0.740066
0.665558
4.34843
4.50157
-0.14497
0.9772
0
-0.2014
0.771261
0.627382
4.36042
4.50157
-0.086812
0.9848
0
-0.134267
0.791145
0.684774
4.36042
4.46701
-0.075181
0.983033
-0.0839667
-0.116
0.772465
0.707635
4.34843
4.40161
-0.072485
0.9693
-0.21715
-0.1
0.73364
0.728911
4.34843
4.44386
-0.125548
0.97455
-0.12595
-0.174
0.740066
0.665558
4.36042
4.46701
-0.075181
0.983033
-0.0839667
-0.116
0.772465
0.707635
4.36042
4.44171
-0.043406
0.979533
-0.144767
-0.0666667
0.768617
0.745572
4.34843
4.38615
0
0.9667
-0.2502
0
0.753706
0.800466
4.34843
4.40161
-0.072485
0.9693
-0.21715
-0.1
0.73364
0.728911
4.36042
4.44171
-0.043406
0.979533
-0.144767
-0.0666667
0.768617
0.745572
4.36042
4.43245
0
0.9778
-0.1668
0
0.780633
0.788422
4.34843
4.40161
0.072485
0.9693
-0.21715
0.1
0.794886
0.86105
4.34843
4.38615
0
0.9667
-0.2502
0
0.753706
0.800466
4.36042
4.43245
0
0.9778
-0.1668
0
0.780633
0.788422
4.36042
4.44171
0.043406
0.979533
-0.144767
0.0666667
0.805293
0.824701
4.34843
4.44386
0.125548
0.97455
-0.12595
0.174
0.846147
0.89443
4.34843
4.40161
0.072485
0.9693
-0.21715
0.1
0.794886
0.86105
4.36042
4.44171
0.043406
0.979533
-0.144767
0.0666667
0.805293
0.824701
4.36042
4.46701
0.075182
0.983033
-0.0839667
0.116
0.835989
0.84469
4.34843
4.50157
0.14497
0.9772
0
0.2014
0.893753
0.891661
4.34843
4.44386
0.125548
0.97455
-0.12595
0.174
0.846147
0.89443
4.36042
4.46701
0.075182
0.983033
-0.0839667
0.116
0.835989
0.84469
4.36042
4.50157
0.086812
0.9848
0
0.134267
0.864497
0.843032
4.34843
4.55929
0.125548
0.97455
0.12595
0.174
0.924948
0.853485
4.34843
4.50157
0.14497
0.9772
0
0.2014
0.893753
0.891661
4.36042
4.50157
0.086812
0.9848
0
0.134267
0.864497
0.843032
4.36042
4.53614
0.075182
0.983033
0.0839667
0.116
0.883178
0.820171
4.34843
4.60154
0.072485
0.9693
0.21715
0.1
0.931374
0.790132
4.34843
4.55929
0.125548
0.97455
0.12595
0.174
0.924948
0.853485
4.36042
4.53614
0.075182
0.983033
0.0839667
0.116
0.883178
0.820171
4.36042
4.56144
0.043406
0.979533
0.144767
0.0666667
0.887026
0.782233
4.34843
4.617
0
0.9667
0.2502
0
0.911308
0.718577
4.34843
4.60154
0.072485
0.9693
0.21715
0.1
0.931374
0.790132
4.36042
4.56144
0.043406
0.979533
0.144767
0.0666667
0.887026
0.782233
4.36042
4.5707
0
0.9778
0.1668
0
0.87501
0.739384
4.34843
4.60154
-0.072485
0.9693
0.21715
-0.1
0.870128
0.657992
4.34843
4.617
0
0.9667
0.2502
0
0.911308
0.718577
4.36042
4.5707
0
0.9778
0.1668
0
0.87501
0.739384
4.36042
4.56144
-0.043406
0.979533
0.144767
-0.0666667
0.85035
0.703104
4.34843
4.55929
-0.125548
0.97455
0.12595
-0.174
0.818867
0.624613
4.34843
4.60154
-0.072485
0.9693
0.21715
-0.1
0.870128
0.657992
4.36042
4.56144
-0.043406
0.979533
0.144767
-0.0666667
0.85035
0.703104
4.36042
4.53614
-0.075181
0.983033
0.0839667
-0.116
0.819653
0.683116
4.34843
4.50157
-0.14497
0.9772
0
-0.2014
0.771261
0.627382
4.34843
4.55929
-0.125548
0.97455
0.12595
-0.174
0.818867
0.624613
4.36042
4.53614
-0.075181
0.983033
0.0839667
-0.116
0.819653
0.683116
4.36042
4.50157
-0.086812
0.9848
0
-0.134267
0.791145
0.684774
4.36042
4.46701
-0.075181
0.983033
-0.0839667
-0.116
0.772465
0.707635
4.36042
4.50157
-0.086812
0.9848
0
-0.134267
0.791145
0.684774
4.36042
4.53614
-0.075181
0.983033
0.0839667
-0.116
0.819653
0.683116
4.36042
4.56144
-0.043406
0.979533
0.144767
-0.0666667
0.85035
0.703104
4.36042
4.5707
0
0.9778
0.1668
0
0.87501
0.739384
4.36042
4.56144
0.043406
0.979533
0.144767
0.0666667
0.887026
0.782233
4.36042
4.53614
0.075182
0.983033
0.0839667
0.116
0.883178
0.820171
4.36042
4.50157
0.086812
0.9848
0
0.134267
0.864497
0.843032
4.36042
4.46701
0.075182
0.983033
-0.0839667
0.116
0.835989
0.84469
4.36042
4.44171
0.043406
0.979533
-0.144767
0.0666667
0.805293
0.824701
4.36042
4.43245
0
0.9778
-0.1668
0
0.780633
0.788422
4.36042
4.44171
-0.043406
0.979533
-0.144767
-0.0666667
0.768617
0.745572
