1.48667
4.40308
-0.154293
-0.36818
-0.06454
-0.34624
0.641418
0.731911
1.62475
4.42739
-0.157624
0.304667
0.0991667
-0.6561
0.565803
0.718358
1.64411
4.34825
-0.140855
0.36
-0.205767
-0.588933
0.565803
0.643801
1.50603
4.32394
-0.137523
-0.31804
-0.32442
-0.28526
0.641418
0.657354
1.50603
4.32394
-0.137523
-0.31804
-0.32442
-0.28526
0.641418
0.657354
1.64411
4.34825
-0.140855
0.36
-0.205767
-0.588933
0.565803
0.643801
1.65979
4.28903
-0.088575
0.4083
-0.449733
-0.367367
0.567037
0.579251
1.52172
4.26472
-0.085243
-0.27642
-0.52842
-0.09286
0.642652
0.592805
1.52172
4.26472
-0.085243
-0.27642
-0.52842
-0.09286
0.276006
0.783322
1.65979
4.28903
-0.088575
0.4083
-0.449733
-0.367367
0.19907
0.785544
1.6676
4.26559
-0.014793
0.434533
-0.5532
-0.0342667
0.191666
0.720874
1.52953
4.24128
-0.011462
-0.25412
-0.6135
0.1898
0.268602
0.718651
1.52953
4.24128
-0.011462
-0.25412
-0.6135
0.1898
0.268602
0.718651
1.6676
4.26559
-0.014793
0.434533
-0.5532
-0.0342667
0.191666
0.720874
1.66544
4.28422
0.06072
0.4285
-0.472433
0.305867
0.191666
0.646179
1.52736
4.25991
0.064052
-0.2583
-0.54712
0.47802
0.268602
0.643956
1.52736
4.25991
0.064052
-0.2583
-0.54712
0.47802
0.268602
0.643956
1.66544
4.28422
0.06072
0.4285
-0.472433
0.305867
0.191666
0.646179
1.65388
4.33992
0.117732
0.394133
-0.244233
0.545733
0.19907
0.581474
1.51581
4.31561
0.121064
-0.2871
-0.35656
0.6853
0.276006
0.579251
1.51581
4.31561
0.121064
-0.2871
-0.35656
0.6853
0.825165
0.592805
1.65388
4.33992
0.117732
0.394133
-0.244233
0.545733
0.90078
0.579251
1.63604
4.41778
0.140965
0.3436
0.0552333
0.636567
0.899546
0.643839
1.49796
4.39347
0.144297
-0.33256
-0.10186
0.76636
0.823931
0.657393
1.49796
4.39347
0.144297
-0.33256
-0.10186
0.76636
0.823931
0.657393
1.63604
4.41778
0.140965
0.3436
0.0552333
0.636567
0.899546
0.643839
1.61668
4.49692
0.124196
0.288267
0.360167
0.5694
0.899546
0.718397
1.4786
4.47261
0.127527
-0.38492
0.15854
0.70858
0.823931
0.73195
1.4786
4.47261
0.127527
-0.38492
0.15854
0.70858
0.823931
0.73195
1.61668
4.49692
0.124196
0.288267
0.360167
0.5694
0.899546
0.718397
1.60099
4.55614
0.071916
0.239967
0.604133
0.347833
0.90078
0.782946
1.46292
4.53183
0.075248
-0.43142
0.36458
0.51692
0.825165
0.796499
1.46292
4.53183
0.075248
-0.43142
0.36458
0.51692
0.292604
0.579251
1.60099
4.55614
0.071916
0.239967
0.604133
0.347833
0.369541
0.581474
1.59319
4.57958
-0.001866
0.213733
0.7076
0.0147333
0.362136
0.646144
1.45511
4.55527
0.001466
-0.45638
0.45118
0.23174
0.2852
0.643922
1.45511
4.55527
0.001466
-0.45638
0.45118
0.23174
0.2852
0.643922
1.59319
4.57958
-0.001866
0.213733
0.7076
0.0147333
0.362136
0.646144
1.59535
4.56095
-0.077379
0.219767
0.626867
-0.3254
0.362136
0.720839
1.45727
4.53664
-0.074047
-0.44994
0.38424
-0.05972
0.2852
0.718617
1.64411
4.34825
-0.140855
0.36
-0.205767
-0.588933
0.112742
0.004366
1.62475
4.42739
-0.157624
0.304667
0.0991667
-0.6561
0.19191
0.004329
1.6069
4.50525
-0.134391
0.254133
0.398667
-0.565267
0.260472
0.041644
1.59535
4.56095
-0.077379
0.219767
0.626867
-0.3254
0.300056
0.106313
1.59319
4.57958
-0.001866
0.213733
0.7076
0.0147333
0.300056
0.181008
1.60099
4.55614
0.071916
0.239967
0.604133
0.347833
0.260472
0.245715
1.61668
4.49692
0.124196
0.288267
0.360167
0.5694
0.19191
0.283095
1.63604
4.41778
0.140965
0.3436
0.0552333
0.636567
0.112742
0.283132
1.65388
4.33992
0.117732
0.394133
-0.244233
0.545733
0.044181
0.245817
1.66544
4.28422
0.06072
0.4285
-0.472433
0.305867
0.004597
0.181148
1.6676
4.26559
-0.014793
0.434533
-0.5532
-0.0342667
0.004597
0.106453
1.65979
4.28903
-0.088575
0.4083
-0.449733
-0.367367
0.044181
0.041746
1.45727
4.53664
-0.074047
-0.44994
0.38424
-0.05972
0.2852
0.718617
1.59535
4.56095
-0.077379
0.219767
0.626867
-0.3254
0.362136
0.720839
1.6069
4.50525
-0.134391
0.254133
0.398667
-0.565267
0.369541
0.785544
1.46883
4.48094
-0.131059
-0.41626
0.19164
-0.26768
0.292604
0.783322
1.46883
4.48094
-0.131059
-0.41626
0.19164
-0.26768
0.642652
0.796499
1.6069
4.50525
-0.134391
0.254133
0.398667
-0.565267
0.567037
0.782946
1.62475
4.42739
-0.157624
0.304667
0.0991667
-0.6561
0.565803
0.718358
1.48667
4.40308
-0.154293
-0.36818
-0.06454
-0.34624
0.641418
0.731911
0.934373
4.30585
-0.140965
-0.3436
-0.0552333
-0.636567
0.722047
0.004329
0.953733
4.22671
-0.124196
-0.288267
-0.360167
-0.5694
0.801215
0.004366
0.969417
4.16748
-0.071916
-0.239967
-0.604133
-0.347833
0.869777
0.041746
0.977223
4.14405
0.001866
-0.213733
-0.7076
-0.0147333
0.909361
0.106453
0.97506
4.16267
0.077379
-0.219767
-0.626867
0.3254
0.909361
0.181148
0.963508
4.21838
0.134391
-0.254133
-0.398667
0.565267
0.869777
0.245817
0.94566
4.29623
0.157624
-0.304667
-0.0991667
0.6561
0.801215
0.283132
0.926301
4.37537
0.140855
-0.36
0.205767
0.588933
0.722047
0.283095
0.910617
4.4346
0.088575
-0.4083
0.449733
0.367367
0.653486
0.245715
0.90281
4.45803
0.014793
-0.434533
0.5532
0.0342667
0.613902
0.181008
0.904973
4.4394
-0.06072
-0.4285
0.472467
-0.305867
0.613902
0.106313
0.916526
4.3837
-0.117732
-0.394133
0.244267
-0.545733
0.653486
0.041644
0.916526
4.3837
-0.117732
-0.394133
0.244267
-0.545733
0.814737
0.796499
1.0546
4.40801
-0.121064
0.358875
0.445725
-0.606625
0.739122
0.782946
1.07245
4.33016
-0.144297
0.4157
0.127325
-0.70795
0.737888
0.718358
0.934373
4.30585
-0.140965
-0.3436
-0.0552333
-0.636567
0.813504
0.731911
1.18677
4.48321
0.081911
-0.43142
0.36458
0.51692
0.653486
0.533176
1.17896
4.50665
0.00813
-0.45638
0.45118
0.23176
0.613902
0.46847
1.17504
4.48584
0.007539
-0.570475
0.563975
0.039675
0.631222
0.464015
1.18189
4.46528
0.072241
-0.539275
0.455725
0.39615
0.665935
0.520759
1.17896
4.50665
0.00813
-0.45638
0.45118
0.23176
0
0
1.18677
4.48321
0.081911
-0.43142
0.36458
0.51692
0
0
1.18677
4.48321
0.081911
-0.43142
0.36458
0.51692
0
0
1.17896
4.50665
0.00813
-0.45638
0.45118
0.23176
0
0
1.38364
4.24041
-0.081911
0.43142
-0.36458
-0.11694
0
0
1.36796
4.29963
-0.134191
0.38492
-0.15854
-0.30858
0
0
1.36796
4.29963
-0.134191
0.38492
-0.15854
-0.30858
0
0
1.38364
4.24041
-0.081911
0.43142
-0.36458
-0.11694
0
0
0.904973
4.4394
-0.06072
-0.4285
0.472467
-0.305867
0.378734
0.718617
1.04305
4.46371
-0.064052
0.322875
0.683925
-0.347525
0.455671
0.720839
1.0546
4.40801
-0.121064
0.358875
0.445725
-0.606625
0.463075
0.785544
0.916526
4.3837
-0.117732
-0.394133
0.244267
-0.545733
0.386139
0.783322
1.06438
4.39968
0.137523
0.39755
0.405525
0.606575
0.417395
0.004366
1.08374
4.32054
0.154293
0.460225
0.080675
0.6828
0.496563
0.004329
1.09154
4.32263
0.135715
0.460225
0.080675
0.6828
0.492551
0.021616
1.07456
4.39203
0.121009
0.39755
0.405525
0.606575
0.423126
0.021649
1.19268
4.43232
-0.124395
-0.41626
0.19164
-0.26768
0
0
1.18112
4.48802
-0.067384
-0.44994
0.38424
-0.0597
0
0
1.18112
4.48802
-0.067384
-0.44994
0.38424
-0.0597
0
0
1.19268
4.43232
-0.124395
-0.41626
0.19164
-0.26768
0
0
1.51581
4.31561
0.121064
-0.2871
-0.35656
0.6853
0
0
1.49796
4.39347
0.144297
-0.33256
-0.10186
0.76636
0
0
1.49796
4.39347
0.144297
-0.33256
-0.10186
0.76636
0
0
1.51581
4.31561
0.121064
-0.2871
-0.35656
0.6853
0
0
0.90281
4.45803
0.014793
-0.434533
0.5532
0.0342667
0.378734
0.643922
1.04089
4.48234
0.011462
0.31765
0.766875
0.01275
0.455671
0.646144
1.04305
4.46371
-0.064052
0.322875
0.683925
-0.347525
0.455671
0.720839
0.904973
4.4394
-0.06072
-0.4285
0.472467
-0.305867
0.378734
0.718617
1.18112
4.48802
-0.067384
-0.44994
0.38424
-0.0597
0.613902
0.393775
1.19268
4.43232
-0.124395
-0.41626
0.19164
-0.26768
0.653486
0.329105
1.18707
4.42065
-0.108677
-0.520325
0.23955
-0.5846
0.665934
0.341801
1.17694
4.4695
-0.058681
-0.562425
0.4803
-0.32465
0.631222
0.398512
1.36796
4.29963
-0.134191
0.38492
-0.15854
-0.30858
0
0
1.38364
4.24041
-0.081911
0.43142
-0.36458
-0.11694
0
0
1.38364
4.24041
-0.081911
0.43142
-0.36458
-0.11694
0
0
1.36796
4.29963
-0.134191
0.38492
-0.15854
-0.30858
0
0
1.38929
4.2356
0.067384
0.44994
-0.38424
0.45972
0
0
1.39145
4.21697
-0.00813
0.45638
-0.45118
0.16824
0
0
1.39145
4.21697
-0.00813
0.45638
-0.45118
0.16824
0
0
1.38929
4.2356
0.067384
0.44994
-0.38424
0.45972
0
0
0.910617
4.4346
0.088575
-0.4083
0.449733
0.367367
0.386138
0.579251
1.04869
4.4589
0.085243
0.345525
0.660525
0.366075
0.463075
0.581474
1.04089
4.48234
0.011462
0.31765
0.766875
0.01275
0.455671
0.646144
0.90281
4.45803
0.014793
-0.434533
0.5532
0.0342667
0.378734
0.643922
1.04089
4.48234
0.011462
0.31765
0.766875
0.01275
0.309249
0.106453
1.04869
4.4589
0.085243
0.345525
0.660525
0.366075
0.348833
0.041746
1.06081
4.44396
0.075163
0.345525
0.660525
0.366075
0.363001
0.054429
1.05396
4.46452
0.010461
0.31765
0.766875
0.01275
0.328288
0.111173
1.39145
4.21697
-0.00813
0.45638
-0.45118
0.16824
0
0
1.38929
4.2356
0.067384
0.44994
-0.38424
0.45972
0
0
1.38929
4.2356
0.067384
0.44994
-0.38424
0.45972
0
0
1.39145
4.21697
-0.00813
0.45638
-0.45118
0.16824
0
0
1.4786
4.47261
0.127527
-0.38492
0.15854
0.70858
0
0
1.46292
4.53183
0.075248
-0.43142
0.36458
0.51692
0
0
1.46292
4.53183
0.075248
-0.43142
0.36458
0.51692
0
0
1.4786
4.47261
0.127527
-0.38492
0.15854
0.70858
0
0
0.926301
4.37537
0.140855
-0.36
0.205767
0.588933
0.995403
0.068878
1.06438
4.39968
0.137523
0.39755
0.405525
0.606575
0.919788
0.082432
1.04869
4.4589
0.085243
0.345525
0.660525
0.366075
0.918554
0.017883
0.910617
4.4346
0.088575
-0.4083
0.449733
0.367367
0.99417
0.004329
1.0546
4.40801
-0.121064
0.358875
0.445725
-0.606625
0.348833
0.245817
1.04305
4.46371
-0.064052
0.322875
0.683925
-0.347525
0.309249
0.181148
1.05586
4.44818
-0.05576
0.322875
0.683925
-0.347525
0.328288
0.176676
1.06599
4.39933
-0.105755
0.358875
0.445725
-0.606625
0.363001
0.233387
1.24557
4.2161
-0.078579
-0.27642
-0.52842
-0.09286
0
0
1.22988
4.27533
-0.130859
-0.31804
-0.32442
-0.28526
0
0
1.22988
4.27533
-0.130859
-0.31804
-0.32442
-0.28526
0
0
1.24557
4.2161
-0.078579
-0.27642
-0.52842
-0.09286
0
0
1.35989
4.36916
0.147629
0.36818
0.06454
0.74624
0
0
1.37773
4.29131
0.124395
0.41626
-0.19164
0.66768
0
0
1.37773
4.29131
0.124395
0.41626
-0.19164
0.66768
0
0
1.35989
4.36916
0.147629
0.36818
0.06454
0.74624
0
0
0.94566
4.29623
0.157624
-0.304667
-0.0991667
0.6561
0.995403
0.143436
1.08374
4.32054
0.154293
0.460225
0.080675
0.6828
0.919788
0.156989
1.06438
4.39968
0.137523
0.39755
0.405525
0.606575
0.919788
0.082432
0.926301
4.37537
0.140855
-0.36
0.205767
0.588933
0.995403
0.068878
1.22988
4.27533
-0.130859
-0.31804
-0.32442
-0.28526
0.801215
0.291827
1.24557
4.2161
-0.078579
-0.27642
-0.52842
-0.09286
0.869777
0.329207
1.23345
4.23104
-0.0685
-0.345525
-0.660525
-0.366075
0.855609
0.34189
1.2197
4.28298
-0.114346
-0.39755
-0.405525
-0.606575
0.795484
0.30911
1.37773
4.29131
0.124395
0.41626
-0.19164
0.66768
0
0
1.35989
4.36916
0.147629
0.36818
0.06454
0.74624
0
0
1.35989
4.36916
0.147629
0.36818
0.06454
0.74624
0
0
1.37773
4.29131
0.124395
0.41626
-0.19164
0.66768
0
0
1.45511
4.55527
0.001466
-0.45638
0.45118
0.23174
0
0
1.45727
4.53664
-0.074047
-0.44994
0.38424
-0.05972
0
0
1.45727
4.53664
-0.074047
-0.44994
0.38424
-0.05972
0
0
1.45511
4.55527
0.001466
-0.45638
0.45118
0.23174
0
0
0.963508
4.21838
0.134391
-0.254133
-0.398667
0.565267
0.99417
0.208023
1.10158
4.24269
0.131059
0.520325
-0.23955
0.5846
0.918554
0.221577
1.08374
4.32054
0.154293
0.460225
0.080675
0.6828
0.919788
0.156989
0.94566
4.29623
0.157624
-0.304667
-0.0991667
0.6561
0.995403
0.143436
1.25337
4.19266
-0.004798
-0.25412
-0.6135
0.1898
0.909361
0.393914
1.25121
4.21129
0.070715
-0.2583
-0.54714
0.47802
0.909361
0.468609
1.2384
4.22682
0.062423
-0.322875
-0.683925
0.347525
0.890322
0.464137
1.2403
4.21049
-0.003798
-0.31765
-0.766875
-0.01275
0.890322
0.398634
1.25121
4.21129
0.070715
-0.2583
-0.54714
0.47802
0
0
1.25337
4.19266
-0.004798
-0.25412
-0.6135
0.1898
0
0
1.25337
4.19266
-0.004798
-0.25412
-0.6135
0.1898
0
0
1.25121
4.21129
0.070715
-0.2583
-0.54714
0.47802
0
0
1.32484
4.50752
0.07858
0.27642
0.52842
0.49286
0
0
1.34053
4.4483
0.130859
0.31804
0.32442
0.68526
0
0
1.34053
4.4483
0.130859
0.31804
0.32442
0.68526
0
0
1.32484
4.50752
0.07858
0.27642
0.52842
0.49286
0
0
0.97506
4.16267
0.077379
-0.219767
-0.626867
0.3254
0.012001
0.720839
1.11314
4.18698
0.074047
0.562425
-0.4803
0.32465
0.088938
0.718617
1.10158
4.24269
0.131059
0.520325
-0.23955
0.5846
0.081533
0.783322
0.963508
4.21838
0.134391
-0.254133
-0.398667
0.565267
0.004597
0.785544
1.10749
4.19179
-0.075248
0.539275
-0.455725
-0.39615
0.565124
0.245715
1.09181
4.25102
-0.127527
0.48115
-0.198175
-0.635725
0.496563
0.283095
1.09862
4.26166
-0.111424
0.48115
-0.198175
-0.635725
0.492551
0.266077
1.11237
4.20972
-0.065578
0.539275
-0.455725
-0.39615
0.552675
0.233297
1.34053
4.4483
0.130859
0.31804
0.32442
0.68526
0
0
1.32484
4.50752
0.07858
0.27642
0.52842
0.49286
0
0
1.32484
4.50752
0.07858
0.27642
0.52842
0.49286
0
0
1.34053
4.4483
0.130859
0.31804
0.32442
0.68526
0
0
1.46883
4.48094
-0.131059
-0.41626
0.19164
-0.26768
0
0
1.48667
4.40308
-0.154293
-0.36818
-0.06454
-0.34624
0
0
1.48667
4.40308
-0.154293
-0.36818
-0.06454
-0.34624
0
0
1.46883
4.48094
-0.131059
-0.41626
0.19164
-0.26768
0
0
0.977223
4.14405
0.001866
-0.213733
-0.7076
-0.0147333
0.012001
0.646144
1.1153
4.16835
-0.001466
0.570475
-0.563975
-0.039675
0.088938
0.643922
1.11314
4.18698
0.074047
0.562425
-0.4803
0.32465
0.088938
0.718617
0.97506
4.16267
0.077379
-0.219767
-0.626867
0.3254
0.012001
0.720839
1.23966
4.267
0.127727
-0.2871
-0.35658
0.6853
0.869777
0.533278
1.22181
4.34485
0.150961
-0.33256
-0.10186
0.76636
0.801215
0.570593
1.21262
4.34395
0.132794
-0.4157
-0.127325
0.70795
0.795485
0.553571
1.22827
4.27567
0.112419
-0.358875
-0.445725
0.606625
0.855609
0.520848
1.22181
4.34485
0.150961
-0.33256
-0.10186
0.76636
0
0
1.23966
4.267
0.127727
-0.2871
-0.35658
0.6853
0
0
1.23966
4.267
0.127727
-0.2871
-0.35658
0.6853
0
0
1.22181
4.34485
0.150961
-0.33256
-0.10186
0.76636
0
0
1.3192
4.51233
-0.070715
0.2583
0.54712
-0.078
0
0
1.31704
4.53096
0.004798
0.25412
0.61348
0.21022
0
0
1.31704
4.53096
0.004798
0.25412
0.61348
0.21022
0
0
1.3192
4.51233
-0.070715
0.2583
0.54712
-0.078
0
0
0.969417
4.16748
-0.071916
-0.239967
-0.604133
-0.347833
0.004597
0.581474
1.10749
4.19179
-0.075248
0.539275
-0.455725
-0.39615
0.081533
0.579251
1.1153
4.16835
-0.001466
0.570475
-0.563975
-0.039675
0.088938
0.643922
0.977223
4.14405
0.001866
-0.213733
-0.7076
-0.0147333
0.012001
0.646144
1.11314
4.18698
0.074047
0.562425
-0.4803
0.32465
0.604708
0.106313
1.1153
4.16835
-0.001466
0.570475
-0.563975
-0.039675
0.604708
0.181008
1.11922
4.18917
-0.000876
0.570475
-0.563975
-0.039675
0.587388
0.176554
1.11732
4.20551
0.065345
0.562425
-0.4803
0.32465
0.587388
0.111051
1.31704
4.53096
0.004798
0.25412
0.61348
0.21022
0
0
1.3192
4.51233
-0.070715
0.2583
0.54712
-0.078
0
0
1.3192
4.51233
-0.070715
0.2583
0.54712
-0.078
0
0
1.31704
4.53096
0.004798
0.25412
0.61348
0.21022
0
0
1.48667
4.40308
-0.154293
-0.36818
-0.06454
-0.34624
0
0
1.50603
4.32394
-0.137523
-0.31804
-0.32442
-0.28526
0
0
1.50603
4.32394
-0.137523
-0.31804
-0.32442
-0.28526
0
0
1.48667
4.40308
-0.154293
-0.36818
-0.06454
-0.34624
0
0
0.953733
4.22671
-0.124196
-0.288267
-0.360167
-0.5694
0.813504
0.657354
1.09181
4.25102
-0.127527
0.48115
-0.198175
-0.635725
0.737888
0.6438
1.10749
4.19179
-0.075248
0.539275
-0.455725
-0.39615
0.739122
0.579251
0.969417
4.16748
-0.071916
-0.239967
-0.604133
-0.347833
0.814737
0.592805
1.20245
4.42399
0.134191
-0.38492
0.15854
0.70858
0.722047
0.570556
1.18677
4.48321
0.081911
-0.43142
0.36458
0.51692
0.653486
0.533176
1.18189
4.46528
0.072241
-0.539275
0.455725
0.39615
0.665935
0.520759
1.19564
4.41335
0.118088
-0.48115
0.198175
0.635725
0.726059
0.553539
1.18677
4.48321
0.081911
-0.43142
0.36458
0.51692
0
0
1.20245
4.42399
0.134191
-0.38492
0.15854
0.70858
0
0
1.20245
4.42399
0.134191
-0.38492
0.15854
0.70858
0
0
1.18677
4.48321
0.081911
-0.43142
0.36458
0.51692
0
0
1.3486
4.37878
-0.150961
0.33256
0.10186
-0.36636
0
0
1.33075
4.45663
-0.127727
0.2871
0.35658
-0.2853
0
0
1.33075
4.45663
-0.127727
0.2871
0.35658
-0.2853
0
0
1.3486
4.37878
-0.150961
0.33256
0.10186
-0.36636
0
0
0.934373
4.30585
-0.140965
-0.3436
-0.0552333
-0.636567
0.813504
0.731911
1.07245
4.33016
-0.144297
0.4157
0.127325
-0.70795
0.737888
0.718358
1.09181
4.25102
-0.127527
0.48115
-0.198175
-0.635725
0.737888
0.6438
0.953733
4.22671
-0.124196
-0.288267
-0.360167
-0.5694
0.813504
0.657354
1.08374
4.32054
0.154293
0.460225
0.080675
0.6828
0.496563
0.004329
1.10158
4.24269
0.131059
0.520325
-0.23955
0.5846
0.565124
0.041644
1.10719
4.25435
0.115341
0.520325
-0.23955
0.5846
0.552675
0.05434
1.09154
4.32263
0.135715
0.460225
0.080675
0.6828
0.492551
0.021616
1.33075
4.45663
-0.127727
0.2871
0.35658
-0.2853
0
0
1.3486
4.37878
-0.150961
0.33256
0.10186
-0.36636
0
0
1.3486
4.37878
-0.150961
0.33256
0.10186
-0.36636
0
0
1.33075
4.45663
-0.127727
0.2871
0.35658
-0.2853
0
0
1.52172
4.26472
-0.085243
-0.27642
-0.52842
-0.09286
0
0
1.52953
4.24128
-0.011462
-0.25412
-0.6135
0.1898
0
0
1.52953
4.24128
-0.011462
-0.25412
-0.6135
0.1898
0
0
1.52172
4.26472
-0.085243
-0.27642
-0.52842
-0.09286
0
0
1.22181
4.34485
0.150961
-0.33256
-0.10186
0.76636
0
0
1.23966
4.267
0.127727
-0.2871
-0.35658
0.6853
0
0
1.23966
4.267
0.127727
-0.2871
-0.35658
0.6853
0
0
1.22181
4.34485
0.150961
-0.33256
-0.10186
0.76636
0
0
1.38364
4.24041
-0.081911
0.43142
-0.36458
-0.11694
0
0
1.39145
4.21697
-0.00813
0.45638
-0.45118
0.16824
0
0
1.39145
4.21697
-0.00813
0.45638
-0.45118
0.16824
0
0
1.38364
4.24041
-0.081911
0.43142
-0.36458
-0.11694
0
0
1.18112
4.48802
-0.067384
-0.44994
0.38424
-0.0597
0
0
1.17896
4.50665
0.00813
-0.45638
0.45118
0.23176
0
0
1.17896
4.50665
0.00813
-0.45638
0.45118
0.23176
0
0
1.18112
4.48802
-0.067384
-0.44994
0.38424
-0.0597
0
0
1.35989
4.36916
0.147629
0.36818
0.06454
0.74624
0
0
1.34053
4.4483
0.130859
0.31804
0.32442
0.68526
0
0
1.34053
4.4483
0.130859
0.31804
0.32442
0.68526
0
0
1.35989
4.36916
0.147629
0.36818
0.06454
0.74624
0
0
1.25337
4.19266
-0.004798
-0.25412
-0.6135
0.1898
0
0
1.24557
4.2161
-0.078579
-0.27642
-0.52842
-0.09286
0
0
1.24557
4.2161
-0.078579
-0.27642
-0.52842
-0.09286
0
0
1.25337
4.19266
-0.004798
-0.25412
-0.6135
0.1898
0
0
1.3192
4.51233
-0.070715
0.2583
0.54712
-0.078
0
0
1.33075
4.45663
-0.127727
0.2871
0.35658
-0.2853
0
0
1.33075
4.45663
-0.127727
0.2871
0.35658
-0.2853
0
0
1.3192
4.51233
-0.070715
0.2583
0.54712
-0.078
0
0
1.20245
4.42399
0.134191
-0.38492
0.15854
0.70858
0
0
1.22181
4.34485
0.150961
-0.33256
-0.10186
0.76636
0
0
1.22181
4.34485
0.150961
-0.33256
-0.10186
0.76636
0
0
1.20245
4.42399
0.134191
-0.38492
0.15854
0.70858
0
0
1.39145
4.21697
-0.00813
0.45638
-0.45118
0.16824
0
0
1.38929
4.2356
0.067384
0.44994
-0.38424
0.45972
0
0
1.38929
4.2356
0.067384
0.44994
-0.38424
0.45972
0
0
1.39145
4.21697
-0.00813
0.45638
-0.45118
0.16824
0
0
1.19268
4.43232
-0.124395
-0.41626
0.19164
-0.26768
0
0
1.18112
4.48802
-0.067384
-0.44994
0.38424
-0.0597
0
0
1.18112
4.48802
-0.067384
-0.44994
0.38424
-0.0597
0
0
1.19268
4.43232
-0.124395
-0.41626
0.19164
-0.26768
0
0
1.34053
4.4483
0.130859
0.31804
0.32442
0.68526
0
0
1.32484
4.50752
0.07858
0.27642
0.52842
0.49286
0
0
1.32484
4.50752
0.07858
0.27642
0.52842
0.49286
0
0
1.34053
4.4483
0.130859
0.31804
0.32442
0.68526
0
0
1.25121
4.21129
0.070715
-0.2583
-0.54714
0.47802
0
0
1.25337
4.19266
-0.004798
-0.25412
-0.6135
0.1898
0
0
1.25337
4.19266
-0.004798
-0.25412
-0.6135
0.1898
0
0
1.25121
4.21129
0.070715
-0.2583
-0.54714
0.47802
0
0
1.33075
4.45663
-0.127727
0.2871
0.35658
-0.2853
0
0
1.3486
4.37878
-0.150961
0.33256
0.10186
-0.36636
0
0
1.3486
4.37878
-0.150961
0.33256
0.10186
-0.36636
0
0
1.33075
4.45663
-0.127727
0.2871
0.35658
-0.2853
0
0
1.3192
4.51233
-0.070715
0.2583
0.54712
-0.078
0
0
1.33075
4.45663
-0.127727
0.2871
0.35658
-0.2853
0
0
1.33075
4.45663
-0.127727
0.2871
0.35658
-0.2853
0
0
1.3192
4.51233
-0.070715
0.2583
0.54712
-0.078
0
0
1.20245
4.42399
0.134191
-0.38492
0.15854
0.70858
0
0
1.22181
4.34485
0.150961
-0.33256
-0.10186
0.76636
0
0
1.22181
4.34485
0.150961
-0.33256
-0.10186
0.76636
0
0
1.20245
4.42399
0.134191
-0.38492
0.15854
0.70858
0
0
1.32484
4.50752
0.07858
0.27642
0.52842
0.49286
0
0
1.31704
4.53096
0.004798
0.25412
0.61348
0.21022
0
0
1.31704
4.53096
0.004798
0.25412
0.61348
0.21022
0
0
1.32484
4.50752
0.07858
0.27642
0.52842
0.49286
0
0
1.23966
4.267
0.127727
-0.2871
-0.35658
0.6853
0
0
1.25121
4.21129
0.070715
-0.2583
-0.54714
0.47802
0
0
1.25121
4.21129
0.070715
-0.2583
-0.54714
0.47802
0
0
1.23966
4.267
0.127727
-0.2871
-0.35658
0.6853
0
0
1.35989
4.36916
0.147629
0.36818
0.06454
0.74624
0
0
1.34053
4.4483
0.130859
0.31804
0.32442
0.68526
0
0
1.34053
4.4483
0.130859
0.31804
0.32442
0.68526
0
0
1.35989
4.36916
0.147629
0.36818
0.06454
0.74624
0
0
1.25337
4.19266
-0.004798
-0.25412
-0.6135
0.1898
0
0
1.24557
4.2161
-0.078579
-0.27642
-0.52842
-0.09286
0
0
1.24557
4.2161
-0.078579
-0.27642
-0.52842
-0.09286
0
0
1.25337
4.19266
-0.004798
-0.25412
-0.6135
0.1898
0
0
1.38929
4.2356
0.067384
0.44994
-0.38424
0.45972
0
0
1.37773
4.29131
0.124395
0.41626
-0.19164
0.66768
0
0
1.37773
4.29131
0.124395
0.41626
-0.19164
0.66768
0
0
1.38929
4.2356
0.067384
0.44994
-0.38424
0.45972
0
0
1.22988
4.27533
-0.130859
-0.31804
-0.32442
-0.28526
0
0
1.21052
4.35447
-0.147629
-0.36818
-0.06454
-0.34624
0
0
1.21052
4.35447
-0.147629
-0.36818
-0.06454
-0.34624
0
0
1.22988
4.27533
-0.130859
-0.31804
-0.32442
-0.28526
0
0
1.38364
4.24041
-0.081911
0.43142
-0.36458
-0.11694
0
0
1.39145
4.21697
-0.00813
0.45638
-0.45118
0.16824
0
0
1.39145
4.21697
-0.00813
0.45638
-0.45118
0.16824
0
0
1.38364
4.24041
-0.081911
0.43142
-0.36458
-0.11694
0
0
1.21052
4.35447
-0.147629
-0.36818
-0.06454
-0.34624
0
0
1.19268
4.43232
-0.124395
-0.41626
0.19164
-0.26768
0
0
1.19268
4.43232
-0.124395
-0.41626
0.19164
-0.26768
0
0
1.21052
4.35447
-0.147629
-0.36818
-0.06454
-0.34624
0
0
1.3486
4.37878
-0.150961
0.33256
0.10186
-0.36636
0
0
1.36796
4.29963
-0.134191
0.38492
-0.15854
-0.30858
0
0
1.36796
4.29963
-0.134191
0.38492
-0.15854
-0.30858
0
0
1.3486
4.37878
-0.150961
0.33256
0.10186
-0.36636
0
0
1.18112
4.48802
-0.067384
-0.44994
0.38424
-0.0597
0
0
1.17896
4.50665
0.00813
-0.45638
0.45118
0.23176
0
0
1.17896
4.50665
0.00813
-0.45638
0.45118
0.23176
0
0
1.18112
4.48802
-0.067384
-0.44994
0.38424
-0.0597
0
0
1.19268
4.43232
-0.124395
-0.41626
0.19164
-0.26768
0.728695
0.796499
1.33075
4.45663
-0.127727
0.2871
0.35658
-0.2853
0.653079
0.782946
1.3486
4.37878
-0.150961
0.33256
0.10186
-0.36636
0.651846
0.718358
1.21052
4.35447
-0.147629
-0.36818
-0.06454
-0.34624
0.727461
0.731911
1.18112
4.48802
-0.067384
-0.44994
0.38424
-0.0597
0.472269
0.718617
1.3192
4.51233
-0.070715
0.2583
0.54712
-0.078
0.549205
0.720839
1.33075
4.45663
-0.127727
0.2871
0.35658
-0.2853
0.556609
0.785544
1.19268
4.43232
-0.124395
-0.41626
0.19164
-0.26768
0.479673
0.783322
1.17896
4.50665
0.00813
-0.45638
0.45118
0.23176
0.472269
0.643922
1.31704
4.53096
0.004798
0.25412
0.61348
0.21022
0.549205
0.646144
1.3192
4.51233
-0.070715
0.2583
0.54712
-0.078
0.549205
0.720839
1.18112
4.48802
-0.067384
-0.44994
0.38424
-0.0597
0.472269
0.718617
1.18677
4.48321
0.081911
-0.43142
0.36458
0.51692
0.479673
0.579251
1.32484
4.50752
0.07858
0.27642
0.52842
0.49286
0.556609
0.581474
1.31704
4.53096
0.004798
0.25412
0.61348
0.21022
0.549205
0.646144
1.17896
4.50665
0.00813
-0.45638
0.45118
0.23176
0.472269
0.643922
1.20245
4.42399
0.134191
-0.38492
0.15854
0.70858
0.986823
0.6438
1.34053
4.4483
0.130859
0.31804
0.32442
0.68526
0.911207
0.657354
1.32484
4.50752
0.07858
0.27642
0.52842
0.49286
0.909974
0.592805
1.18677
4.48321
0.081911
-0.43142
0.36458
0.51692
0.985589
0.579251
1.22181
4.34485
0.150961
-0.33256
-0.10186
0.76636
0.986823
0.718358
1.35989
4.36916
0.147629
0.36818
0.06454
0.74624
0.911207
0.731911
1.34053
4.4483
0.130859
0.31804
0.32442
0.68526
0.911207
0.657354
1.20245
4.42399
0.134191
-0.38492
0.15854
0.70858
0.986823
0.6438
1.23966
4.267
0.127727
-0.2871
-0.35658
0.6853
0.985589
0.782946
1.37773
4.29131
0.124395
0.41626
-0.19164
0.66768
0.909974
0.796499
1.35989
4.36916
0.147629
0.36818
0.06454
0.74624
0.911207
0.731911
1.22181
4.34485
0.150961
-0.33256
-0.10186
0.76636
0.986823
0.718358
1.25121
4.21129
0.070715
-0.2583
-0.54714
0.47802
0.175068
0.643956
1.38929
4.2356
0.067384
0.44994
-0.38424
0.45972
0.098131
0.646179
1.37773
4.29131
0.124395
0.41626
-0.19164
0.66768
0.105535
0.581474
1.23966
4.267
0.127727
-0.2871
-0.35658
0.6853
0.182472
0.579251
1.25337
4.19266
-0.004798
-0.25412
-0.6135
0.1898
0.175068
0.718651
1.39145
4.21697
-0.00813
0.45638
-0.45118
0.16824
0.098131
0.720874
1.38929
4.2356
0.067384
0.44994
-0.38424
0.45972
0.098131
0.646179
1.25121
4.21129
0.070715
-0.2583
-0.54714
0.47802
0.175068
0.643956
1.24557
4.2161
-0.078579
-0.27642
-0.52842
-0.09286
0.182472
0.783322
1.38364
4.24041
-0.081911
0.43142
-0.36458
-0.11694
0.105535
0.785544
1.39145
4.21697
-0.00813
0.45638
-0.45118
0.16824
0.098131
0.720874
1.25337
4.19266
-0.004798
-0.25412
-0.6135
0.1898
0.175068
0.718651
1.22988
4.27533
-0.130859
-0.31804
-0.32442
-0.28526
0.727461
0.657354
1.36796
4.29963
-0.134191
0.38492
-0.15854
-0.30858
0.651846
0.643801
1.38364
4.24041
-0.081911
0.43142
-0.36458
-0.11694
0.653079
0.579251
1.24557
4.2161
-0.078579
-0.27642
-0.52842
-0.09286
0.728695
0.592805
1.21052
4.35447
-0.147629
-0.36818
-0.06454
-0.34624
0.727461
0.731911
1.3486
4.37878
-0.150961
0.33256
0.10186
-0.36636
0.651846
0.718358
1.36796
4.29963
-0.134191
0.38492
-0.15854
-0.30858
0.651846
0.643801
1.22988
4.27533
-0.130859
-0.31804
-0.32442
-0.28526
0.727461
0.657354
1.31704
4.53096
0.004798
0.25412
0.61348
0.21022
0
0
1.3192
4.51233
-0.070715
0.2583
0.54712
-0.078
0
0
1.3192
4.51233
-0.070715
0.2583
0.54712
-0.078
0
0
1.31704
4.53096
0.004798
0.25412
0.61348
0.21022
0
0
1.24557
4.2161
-0.078579
-0.27642
-0.52842
-0.09286
0
0
1.22988
4.27533
-0.130859
-0.31804
-0.32442
-0.28526
0
0
1.22988
4.27533
-0.130859
-0.31804
-0.32442
-0.28526
0
0
1.24557
4.2161
-0.078579
-0.27642
-0.52842
-0.09286
0
0
1.37773
4.29131
0.124395
0.41626
-0.19164
0.66768
0
0
1.35989
4.36916
0.147629
0.36818
0.06454
0.74624
0
0
1.35989
4.36916
0.147629
0.36818
0.06454
0.74624
0
0
1.37773
4.29131
0.124395
0.41626
-0.19164
0.66768
0
0
1.17896
4.50665
0.00813
-0.45638
0.45118
0.23176
0
0
1.18677
4.48321
0.081911
-0.43142
0.36458
0.51692
0
0
1.18677
4.48321
0.081911
-0.43142
0.36458
0.51692
0
0
1.17896
4.50665
0.00813
-0.45638
0.45118
0.23176
0
0
1.36796
4.29963
-0.134191
0.38492
-0.15854
-0.30858
0
0
1.38364
4.24041
-0.081911
0.43142
-0.36458
-0.11694
0
0
1.38364
4.24041
-0.081911
0.43142
-0.36458
-0.11694
0
0
1.36796
4.29963
-0.134191
0.38492
-0.15854
-0.30858
0
0
1.23966
4.267
0.127727
-0.2871
-0.35658
0.6853
0
0
1.25121
4.21129
0.070715
-0.2583
-0.54714
0.47802
0
0
1.25121
4.21129
0.070715
-0.2583
-0.54714
0.47802
0
0
1.23966
4.267
0.127727
-0.2871
-0.35658
0.6853
0
0
1.32484
4.50752
0.07858
0.27642
0.52842
0.49286
0
0
1.31704
4.53096
0.004798
0.25412
0.61348
0.21022
0
0
1.31704
4.53096
0.004798
0.25412
0.61348
0.21022
0
0
1.32484
4.50752
0.07858
0.27642
0.52842
0.49286
0
0
1.22988
4.27533
-0.130859
-0.31804
-0.32442
-0.28526
0
0
1.21052
4.35447
-0.147629
-0.36818
-0.06454
-0.34624
0
0
1.21052
4.35447
-0.147629
-0.36818
-0.06454
-0.34624
0
0
1.22988
4.27533
-0.130859
-0.31804
-0.32442
-0.28526
0
0
1.21052
4.35447
-0.147629
-0.36818
-0.06454
-0.34624
0
0
1.19268
4.43232
-0.124395
-0.41626
0.19164
-0.26768
0
0
1.19268
4.43232
-0.124395
-0.41626
0.19164
-0.26768
0
0
1.21052
4.35447
-0.147629
-0.36818
-0.06454
-0.34624
0
0
1.38929
4.2356
0.067384
0.44994
-0.38424
0.45972
0
0
1.37773
4.29131
0.124395
0.41626
-0.19164
0.66768
0
0
1.37773
4.29131
0.124395
0.41626
-0.19164
0.66768
0
0
1.38929
4.2356
0.067384
0.44994
-0.38424
0.45972
0
0
1.18677
4.48321
0.081911
-0.43142
0.36458
0.51692
0
0
1.20245
4.42399
0.134191
-0.38492
0.15854
0.70858
0
0
1.20245
4.42399
0.134191
-0.38492
0.15854
0.70858
0
0
1.18677
4.48321
0.081911
-0.43142
0.36458
0.51692
0
0
1.3486
4.37878
-0.150961
0.33256
0.10186
-0.36636
0
0
1.36796
4.29963
-0.134191
0.38492
-0.15854
-0.30858
0
0
1.36796
4.29963
-0.134191
0.38492
-0.15854
-0.30858
0
0
1.3486
4.37878
-0.150961
0.33256
0.10186
-0.36636
0
0
1.45511
4.55527
0.001466
-0.45638
0.45118
0.23174
0.604708
0.393914
1.45727
4.53664
-0.074047
-0.44994
0.38424
-0.05972
0.604708
0.468609
1.45417
4.52288
-0.067581
-0.562425
0.480275
-0.324625
0.591839
0.465089
1.4522
4.5398
0.001028
-0.570475
0.563975
0.0397
0.591839
0.397224
1.35989
4.36916
0.147629
0.36818
0.06454
0.74624
0.19191
0.29179
1.37773
4.29131
0.124395
0.41626
-0.19164
0.66768
0.260472
0.329105
1.3819
4.29997
0.112717
0.520325
-0.23955
0.5846
0.251222
0.338538
1.36568
4.37071
0.133826
0.460225
0.080675
0.6828
0.18893
0.304635
1.52172
4.26472
-0.085243
-0.27642
-0.52842
-0.09286
0.348833
0.533176
1.52953
4.24128
-0.011462
-0.25412
-0.6135
0.1898
0.309249
0.468469
1.51981
4.25453
-0.010718
-0.31765
-0.766875
-0.01275
0.323395
0.464962
1.51272
4.27582
-0.077754
-0.345525
-0.660525
-0.366075
0.35936
0.523753
1.3192
4.51233
-0.070715
0.2583
0.54712
-0.078
0.004597
0.468609
1.31704
4.53096
0.004798
0.25412
0.61348
0.21022
0.004597
0.393914
1.32675
4.51772
0.004055
0.31765
0.76685
0.012775
0.018743
0.397421
1.32872
4.50079
-0.064554
0.322875
0.683875
-0.3475
0.018743
0.465286
1.49796
4.39347
0.144297
-0.33256
-0.10186
0.76636
0.417395
0.29179
1.4786
4.47261
0.127527
-0.38492
0.15854
0.70858
0.496563
0.291828
1.47354
4.4647
0.115563
-0.48115
0.198175
0.635725
0.493582
0.304472
1.49113
4.3928
0.130799
-0.4157
-0.127325
0.70795
0.421653
0.304438
1.39145
4.21697
-0.00813
0.45638
-0.45118
0.16824
0.300056
0.46847
1.38364
4.24041
-0.081911
0.43142
-0.36458
-0.11694
0.260472
0.533176
1.38727
4.25373
-0.074726
0.539275
-0.455725
-0.396175
0.251222
0.52395
1.39436
4.23244
-0.007691
0.570475
-0.563975
-0.0397
0.287187
0.46516
1.45727
4.53664
-0.074047
-0.44994
0.38424
-0.05972
0.604708
0.468609
1.46883
4.48094
-0.131059
-0.41626
0.19164
-0.26768
0.565124
0.533278
1.46466
4.47227
-0.11938
-0.520325
0.239525
-0.5846
0.555875
0.523845
1.45417
4.52288
-0.067581
-0.562425
0.480275
-0.324625
0.591839
0.465089
1.34053
4.4483
0.130859
0.31804
0.32442
0.68526
0.112742
0.291827
1.35989
4.36916
0.147629
0.36818
0.06454
0.74624
0.19191
0.29179
1.36568
4.37071
0.133826
0.460225
0.080675
0.6828
0.18893
0.304635
1.34809
4.44261
0.11859
0.39755
0.405525
0.606575
0.117
0.304669
1.52953
4.24128
-0.011462
-0.25412
-0.6135
0.1898
0.309249
0.468469
1.52736
4.25991
0.064052
-0.2583
-0.54712
0.47802
0.309249
0.393774
1.51784
4.27145
0.057891
-0.322875
-0.683925
0.347525
0.323395
0.397097
1.51981
4.25453
-0.010718
-0.31765
-0.766875
-0.01275
0.323395
0.464962
1.33075
4.45663
-0.127727
0.2871
0.35658
-0.2853
0.044181
0.533278
1.3192
4.51233
-0.070715
0.2583
0.54712
-0.078
0.004597
0.468609
1.32872
4.50079
-0.064554
0.322875
0.683875
-0.3475
0.018743
0.465286
1.33921
4.45018
-0.116353
0.358875
0.4457
-0.606625
0.054707
0.524042
1.4786
4.47261
0.127527
-0.38492
0.15854
0.70858
0.496563
0.291828
1.46292
4.53183
0.075248
-0.43142
0.36458
0.51692
0.565124
0.329207
1.45929
4.51851
0.068063
-0.539275
0.455725
0.39615
0.555875
0.338434
1.47354
4.4647
0.115563
-0.48115
0.198175
0.635725
0.493582
0.304472
1.38929
4.2356
0.067384
0.44994
-0.38424
0.45972
0.300056
0.393775
1.39145
4.21697
-0.00813
0.45638
-0.45118
0.16824
0.300056
0.46847
1.39436
4.23244
-0.007691
0.570475
-0.563975
-0.0397
0.287187
0.46516
1.3924
4.24936
0.060918
0.562425
-0.4803
0.32465
0.287187
0.397294
1.52953
4.24128
-0.011462
-0.25412
-0.6135
0.1898
0
0
1.52736
4.25991
0.064052
-0.2583
-0.54712
0.47802
0
0
1.52736
4.25991
0.064052
-0.2583
-0.54712
0.47802
0
0
1.52953
4.24128
-0.011462
-0.25412
-0.6135
0.1898
0
0
1.50603
4.32394
-0.137523
-0.31804
-0.32442
-0.28526
0
0
1.52172
4.26472
-0.085243
-0.27642
-0.52842
-0.09286
0
0
1.52172
4.26472
-0.085243
-0.27642
-0.52842
-0.09286
0
0
1.50603
4.32394
-0.137523
-0.31804
-0.32442
-0.28526
0
0
1.33075
4.45663
-0.127727
0.2871
0.35658
-0.2853
0
0
1.3192
4.51233
-0.070715
0.2583
0.54712
-0.078
0
0
1.3192
4.51233
-0.070715
0.2583
0.54712
-0.078
0
0
1.33075
4.45663
-0.127727
0.2871
0.35658
-0.2853
0
0
1.31704
4.53096
0.004798
0.25412
0.61348
0.21022
0
0
1.32484
4.50752
0.07858
0.27642
0.52842
0.49286
0
0
1.32484
4.50752
0.07858
0.27642
0.52842
0.49286
0
0
1.31704
4.53096
0.004798
0.25412
0.61348
0.21022
0
0
1.45727
4.53664
-0.074047
-0.44994
0.38424
-0.05972
0
0
1.46883
4.48094
-0.131059
-0.41626
0.19164
-0.26768
0
0
1.46883
4.48094
-0.131059
-0.41626
0.19164
-0.26768
0
0
1.45727
4.53664
-0.074047
-0.44994
0.38424
-0.05972
0
0
1.34053
4.4483
0.130859
0.31804
0.32442
0.68526
0
0
1.35989
4.36916
0.147629
0.36818
0.06454
0.74624
0
0
1.35989
4.36916
0.147629
0.36818
0.06454
0.74624
0
0
1.34053
4.4483
0.130859
0.31804
0.32442
0.68526
0
0
1.46292
4.53183
0.075248
-0.43142
0.36458
0.51692
0
0
1.45511
4.55527
0.001466
-0.45638
0.45118
0.23174
0
0
1.45511
4.55527
0.001466
-0.45638
0.45118
0.23174
0
0
1.46292
4.53183
0.075248
-0.43142
0.36458
0.51692
0
0
1.37773
4.29131
0.124395
0.41626
-0.19164
0.66768
0
0
1.38929
4.2356
0.067384
0.44994
-0.38424
0.45972
0
0
1.38929
4.2356
0.067384
0.44994
-0.38424
0.45972
0
0
1.37773
4.29131
0.124395
0.41626
-0.19164
0.66768
0
0
1.49796
4.39347
0.144297
-0.33256
-0.10186
0.76636
0
0
1.4786
4.47261
0.127527
-0.38492
0.15854
0.70858
0
0
1.4786
4.47261
0.127527
-0.38492
0.15854
0.70858
0
0
1.49796
4.39347
0.144297
-0.33256
-0.10186
0.76636
0
0
1.39145
4.21697
-0.00813
0.45638
-0.45118
0.16824
0
0
1.38364
4.24041
-0.081911
0.43142
-0.36458
-0.11694
0
0
1.38364
4.24041
-0.081911
0.43142
-0.36458
-0.11694
0
0
1.39145
4.21697
-0.00813
0.45638
-0.45118
0.16824
0
0
1.52736
4.25991
0.064052
-0.2583
-0.54712
0.47802
0
0
1.51581
4.31561
0.121064
-0.2871
-0.35656
0.6853
0
0
1.51581
4.31561
0.121064
-0.2871
-0.35656
0.6853
0
0
1.52736
4.25991
0.064052
-0.2583
-0.54712
0.47802
0
0
1.36796
4.29963
-0.134191
0.38492
-0.15854
-0.30858
0
0
1.3486
4.37878
-0.150961
0.33256
0.10186
-0.36636
0
0
1.3486
4.37878
-0.150961
0.33256
0.10186
-0.36636
0
0
1.36796
4.29963
-0.134191
0.38492
-0.15854
-0.30858
0
0
1.33921
4.45018
-0.116353
0.358875
0.4457
-0.606625
0.160242
0.991587
1.46466
4.47227
-0.11938
-0.520325
0.239525
-0.5846
0.09154
0.979272
1.48088
4.40153
-0.14049
-0.460225
-0.080675
-0.6828
0.09042
0.92059
1.35543
4.37945
-0.137463
0.4157
0.127325
-0.70795
0.159121
0.932904
1.32872
4.50079
-0.064554
0.322875
0.683875
-0.3475
0.004597
0.920825
1.45417
4.52288
-0.067581
-0.562425
0.480275
-0.324625
0.074499
0.922844
1.46466
4.47227
-0.11938
-0.520325
0.239525
-0.5846
0.081226
0.981633
1.33921
4.45018
-0.116353
0.358875
0.4457
-0.606625
0.011324
0.979614
1.32675
4.51772
0.004055
0.31765
0.76685
0.012775
0.004597
0.85296
1.4522
4.5398
0.001028
-0.570475
0.563975
0.0397
0.074499
0.854979
1.45417
4.52288
-0.067581
-0.562425
0.480275
-0.324625
0.074499
0.922844
1.32872
4.50079
-0.064554
0.322875
0.683875
-0.3475
0.004597
0.920825
1.33384
4.49642
0.07109
0.345525
0.660525
0.366075
0.011324
0.794202
1.45929
4.51851
0.068063
-0.539275
0.455725
0.39615
0.081226
0.796221
1.4522
4.5398
0.001028
-0.570475
0.563975
0.0397
0.074499
0.854979
1.32675
4.51772
0.004055
0.31765
0.76685
0.012775
0.004597
0.85296
1.34809
4.44261
0.11859
0.39755
0.405525
0.606575
0.169436
0.932939
1.47354
4.4647
0.115563
-0.48115
0.198175
0.635725
0.238137
0.920625
1.45929
4.51851
0.068063
-0.539275
0.455725
0.39615
0.239258
0.979272
1.33384
4.49642
0.07109
0.345525
0.660525
0.366075
0.170556
0.991586
1.36568
4.37071
0.133826
0.460225
0.080675
0.6828
0.169436
0.865199
1.49113
4.3928
0.130799
-0.4157
-0.127325
0.70795
0.238137
0.852885
1.47354
4.4647
0.115563
-0.48115
0.198175
0.635725
0.238137
0.920625
1.34809
4.44261
0.11859
0.39755
0.405525
0.606575
0.169436
0.932939
1.3819
4.29997
0.112717
0.520325
-0.23955
0.5846
0.170556
0.806517
1.50735
4.32206
0.10969
-0.358875
-0.445725
0.606625
0.239258
0.794202
1.49113
4.3928
0.130799
-0.4157
-0.127325
0.70795
0.238137
0.852885
1.36568
4.37071
0.133826
0.460225
0.080675
0.6828
0.169436
0.865199
1.3924
4.24936
0.060918
0.562425
-0.4803
0.32465
0.925281
0.358877
1.51784
4.27145
0.057891
-0.322875
-0.683925
0.347525
0.995183
0.356858
1.50735
4.32206
0.10969
-0.358875
-0.445725
0.606625
0.988456
0.415647
1.3819
4.29997
0.112717
0.520325
-0.23955
0.5846
0.918554
0.417666
1.39436
4.23244
-0.007691
0.570475
-0.563975
-0.0397
0.925281
0.291012
1.51981
4.25453
-0.010718
-0.31765
-0.766875
-0.01275
0.995183
0.288992
1.51784
4.27145
0.057891
-0.322875
-0.683925
0.347525
0.995183
0.356858
1.3924
4.24936
0.060918
0.562425
-0.4803
0.32465
0.925281
0.358877
1.38727
4.25373
-0.074726
0.539275
-0.455725
-0.396175
0.918554
0.232254
1.51272
4.27582
-0.077754
-0.345525
-0.660525
-0.366075
0.988456
0.230235
1.51981
4.25453
-0.010718
-0.31765
-0.766875
-0.01275
0.995183
0.288992
1.39436
4.23244
-0.007691
0.570475
-0.563975
-0.0397
0.925281
0.291012
1.37302
4.30754
-0.122226
0.48115
-0.198175
-0.635725
0.159121
0.865164
1.49847
4.32963
-0.125253
-0.39755
-0.405525
-0.606575
0.09042
0.85285
1.51272
4.27582
-0.077754
-0.345525
-0.660525
-0.366075
0.09154
0.794202
1.38727
4.25373
-0.074726
0.539275
-0.455725
-0.396175
0.160242
0.806517
1.35543
4.37945
-0.137463
0.4157
0.127325
-0.70795
0.159121
0.932904
1.48088
4.40153
-0.14049
-0.460225
-0.080675
-0.6828
0.09042
0.92059
1.49847
4.32963
-0.125253
-0.39755
-0.405525
-0.606575
0.09042
0.85285
1.37302
4.30754
-0.122226
0.48115
-0.198175
-0.635725
0.159121
0.865164
1.38364
4.24041
-0.081911
0.43142
-0.36458
-0.11694
0.260472
0.533176
1.36796
4.29963
-0.134191
0.38492
-0.15854
-0.30858
0.19191
0.570556
1.37302
4.30754
-0.122226
0.48115
-0.198175
-0.635725
0.188929
0.557912
1.38727
4.25373
-0.074726
0.539275
-0.455725
-0.396175
0.251222
0.52395
1.51581
4.31561
0.121064
-0.2871
-0.35656
0.6853
0.348833
0.329105
1.49796
4.39347
0.144297
-0.33256
-0.10186
0.76636
0.417395
0.29179
1.49113
4.3928
0.130799
-0.4157
-0.127325
0.70795
0.421653
0.304438
1.50735
4.32206
0.10969
-0.358875
-0.445725
0.606625
0.35936
0.338341
1.31704
4.53096
0.004798
0.25412
0.61348
0.21022
0.004597
0.393914
1.32484
4.50752
0.07858
0.27642
0.52842
0.49286
0.044181
0.329207
1.33384
4.49642
0.07109
0.345525
0.660525
0.366075
0.054708
0.338631
1.32675
4.51772
0.004055
0.31765
0.76685
0.012775
0.018743
0.397421
1.50603
4.32394
-0.137523
-0.31804
-0.32442
-0.28526
0.417395
0.570556
1.52172
4.26472
-0.085243
-0.27642
-0.52842
-0.09286
0.348833
0.533176
1.51272
4.27582
-0.077754
-0.345525
-0.660525
-0.366075
0.35936
0.523753
1.49847
4.32963
-0.125253
-0.39755
-0.405525
-0.606575
0.421653
0.557715
1.37773
4.29131
0.124395
0.41626
-0.19164
0.66768
0.260472
0.329105
1.38929
4.2356
0.067384
0.44994
-0.38424
0.45972
0.300056
0.393775
1.3924
4.24936
0.060918
0.562425
-0.4803
0.32465
0.287187
0.397294
1.3819
4.29997
0.112717
0.520325
-0.23955
0.5846
0.251222
0.338538
1.46292
4.53183
0.075248
-0.43142
0.36458
0.51692
0.565124
0.329207
1.45511
4.55527
0.001466
-0.45638
0.45118
0.23174
0.604708
0.393914
1.4522
4.5398
0.001028
-0.570475
0.563975
0.0397
0.591839
0.397224
1.45929
4.51851
0.068063
-0.539275
0.455725
0.39615
0.555875
0.338434
1.36796
4.29963
-0.134191
0.38492
-0.15854
-0.30858
0.19191
0.570556
1.3486
4.37878
-0.150961
0.33256
0.10186
-0.36636
0.112742
0.570593
1.35543
4.37945
-0.137463
0.4157
0.127325
-0.70795
0.117
0.557946
1.37302
4.30754
-0.122226
0.48115
-0.198175
-0.635725
0.188929
0.557912
1.3486
4.37878
-0.150961
0.33256
0.10186
-0.36636
0.112742
0.570593
1.33075
4.45663
-0.127727
0.2871
0.35658
-0.2853
0.044181
0.533278
1.33921
4.45018
-0.116353
0.358875
0.4457
-0.606625
0.054707
0.524042
1.35543
4.37945
-0.137463
0.4157
0.127325
-0.70795
0.117
0.557946
1.52736
4.25991
0.064052
-0.2583
-0.54712
0.47802
0.309249
0.393774
1.51581
4.31561
0.121064
-0.2871
-0.35656
0.6853
0.348833
0.329105
1.50735
4.32206
0.10969
-0.358875
-0.445725
0.606625
0.35936
0.338341
1.51784
4.27145
0.057891
-0.322875
-0.683925
0.347525
0.323395
0.397097
1.32484
4.50752
0.07858
0.27642
0.52842
0.49286
0.044181
0.329207
1.34053
4.4483
0.130859
0.31804
0.32442
0.68526
0.112742
0.291827
1.34809
4.44261
0.11859
0.39755
0.405525
0.606575
0.117
0.304669
1.33384
4.49642
0.07109
0.345525
0.660525
0.366075
0.054708
0.338631
1.48667
4.40308
-0.154293
-0.36818
-0.06454
-0.34624
0.496563
0.570593
1.50603
4.32394
-0.137523
-0.31804
-0.32442
-0.28526
0.417395
0.570556
1.49847
4.32963
-0.125253
-0.39755
-0.405525
-0.606575
0.421653
0.557715
1.48088
4.40153
-0.14049
-0.460225
-0.080675
-0.6828
0.493582
0.557749
1.46883
4.48094
-0.131059
-0.41626
0.19164
-0.26768
0.565124
0.533278
1.48667
4.40308
-0.154293
-0.36818
-0.06454
-0.34624
0.496563
0.570593
1.48088
4.40153
-0.14049
-0.460225
-0.080675
-0.6828
0.493582
0.557749
1.46466
4.47227
-0.11938
-0.520325
0.239525
-0.5846
0.555875
0.523845
1.06599
4.39933
-0.105755
0.358875
0.445725
-0.606625
0.565803
0.805157
1.18707
4.42065
-0.108677
-0.520325
0.23955
-0.5846
0.632113
0.817043
1.20272
4.35238
-0.129052
-0.460225
-0.080675
-0.6828
0.633195
0.873683
1.08164
4.33106
-0.12613
0.4157
0.127325
-0.70795
0.566885
0.861797
1.05586
4.44818
-0.05576
0.322875
0.683925
-0.347525
0.331607
0.916418
1.17694
4.4695
-0.058681
-0.562425
0.4803
-0.32465
0.399076
0.918366
1.18707
4.42065
-0.108677
-0.520325
0.23955
-0.5846
0.405569
0.975109
1.06599
4.39933
-0.105755
0.358875
0.445725
-0.606625
0.3381
0.97316
1.05396
4.46452
0.010461
0.31765
0.766875
0.01275
0.331607
0.850914
1.17504
4.48584
0.007539
-0.570475
0.563975
0.039675
0.399076
0.852863
1.17694
4.4695
-0.058681
-0.562425
0.4803
-0.32465
0.399076
0.918366
1.05586
4.44818
-0.05576
0.322875
0.683925
-0.347525
0.331607
0.916418
1.06081
4.44396
0.075163
0.345525
0.660525
0.366075
0.3381
0.794202
1.18189
4.46528
0.072241
-0.539275
0.455725
0.39615
0.405569
0.796151
1.17504
4.48584
0.007539
-0.570475
0.563975
0.039675
0.399076
0.852863
1.05396
4.46452
0.010461
0.31765
0.766875
0.01275
0.331607
0.850914
1.07456
4.39203
0.121009
0.39755
0.405525
0.606575
0.414762
0.92811
1.19564
4.41335
0.118088
-0.48115
0.198175
0.635725
0.481073
0.916224
1.18189
4.46528
0.072241
-0.539275
0.455725
0.39615
0.482155
0.97283
1.06081
4.44396
0.075163
0.345525
0.660525
0.366075
0.415844
0.984716
1.09154
4.32263
0.135715
0.460225
0.080675
0.6828
0.414763
0.862728
1.21262
4.34395
0.132794
-0.4157
-0.127325
0.70795
0.481073
0.850842
1.19564
4.41335
0.118088
-0.48115
0.198175
0.635725
0.481073
0.916224
1.07456
4.39203
0.121009
0.39755
0.405525
0.606575
0.414762
0.92811
1.10719
4.25435
0.115341
0.520325
-0.23955
0.5846
0.415844
0.806088
1.22827
4.27567
0.112419
-0.358875
-0.445725
0.606625
0.482155
0.794202
1.21262
4.34395
0.132794
-0.4157
-0.127325
0.70795
0.481073
0.850842
1.09154
4.32263
0.135715
0.460225
0.080675
0.6828
0.414763
0.862728
1.11732
4.20551
0.065345
0.562425
-0.4803
0.32465
0.31592
0.850945
1.2384
4.22682
0.062423
-0.322875
-0.683925
0.347525
0.248452
0.852894
1.22827
4.27567
0.112419
-0.358875
-0.445725
0.606625
0.254945
0.796151
1.10719
4.25435
0.115341
0.520325
-0.23955
0.5846
0.322413
0.794202
1.11922
4.18917
-0.000876
0.570475
-0.563975
-0.039675
0.31592
0.916448
1.2403
4.21049
-0.003798
-0.31765
-0.766875
-0.01275
0.248452
0.918397
1.2384
4.22682
0.062423
-0.322875
-0.683925
0.347525
0.248452
0.852894
1.11732
4.20551
0.065345
0.562425
-0.4803
0.32465
0.31592
0.850945
1.11237
4.20972
-0.065578
0.539275
-0.455725
-0.39615
0.322413
0.97316
1.23345
4.23104
-0.0685
-0.345525
-0.660525
-0.366075
0.254945
0.975109
1.2403
4.21049
-0.003798
-0.31765
-0.766875
-0.01275
0.248452
0.918397
1.11922
4.18917
-0.000876
0.570475
-0.563975
-0.039675
0.31592
0.916448
1.09862
4.26166
-0.111424
0.48115
-0.198175
-0.635725
0.566885
0.92718
1.2197
4.28298
-0.114346
-0.39755
-0.405525
-0.606575
0.633195
0.939065
1.23345
4.23104
-0.0685
-0.345525
-0.660525
-0.366075
0.632113
0.995671
1.11237
4.20972
-0.065578
0.539275
-0.455725
-0.39615
0.565803
0.983785
1.08164
4.33106
-0.12613
0.4157
0.127325
-0.70795
0.566885
0.861797
1.20272
4.35238
-0.129052
-0.460225
-0.080675
-0.6828
0.633195
0.873683
1.2197
4.28298
-0.114346
-0.39755
-0.405525
-0.606575
0.633195
0.939065
1.09862
4.26166
-0.111424
0.48115
-0.198175
-0.635725
0.566885
0.92718
1.10158
4.24269
0.131059
0.520325
-0.23955
0.5846
0.565124
0.041644
1.11314
4.18698
0.074047
0.562425
-0.4803
0.32465
0.604708
0.106313
1.11732
4.20551
0.065345
0.562425
-0.4803
0.32465
0.587388
0.111051
1.10719
4.25435
0.115341
0.520325
-0.23955
0.5846
0.552675
0.05434
1.22181
4.34485
0.150961
-0.33256
-0.10186
0.76636
0.801215
0.570593
1.20245
4.42399
0.134191
-0.38492
0.15854
0.70858
0.722047
0.570556
1.19564
4.41335
0.118088
-0.48115
0.198175
0.635725
0.726059
0.553539
1.21262
4.34395
0.132794
-0.4157
-0.127325
0.70795
0.795485
0.553571
1.1153
4.16835
-0.001466
0.570475
-0.563975
-0.039675
0.604708
0.181008
1.10749
4.19179
-0.075248
0.539275
-0.455725
-0.39615
0.565124
0.245715
1.11237
4.20972
-0.065578
0.539275
-0.455725
-0.39615
0.552675
0.233297
1.11922
4.18917
-0.000876
0.570475
-0.563975
-0.039675
0.587388
0.176554
1.25121
4.21129
0.070715
-0.2583
-0.54714
0.47802
0.909361
0.468609
1.23966
4.267
0.127727
-0.2871
-0.35658
0.6853
0.869777
0.533278
1.22827
4.27567
0.112419
-0.358875
-0.445725
0.606625
0.855609
0.520848
1.2384
4.22682
0.062423
-0.322875
-0.683925
0.347525
0.890322
0.464137
1.09181
4.25102
-0.127527
0.48115
-0.198175
-0.635725
0.496563
0.283095
1.07245
4.33016
-0.144297
0.4157
0.127325
-0.70795
0.417395
0.283132
1.08164
4.33106
-0.12613
0.4157
0.127325
-0.70795
0.423125
0.26611
1.09862
4.26166
-0.111424
0.48115
-0.198175
-0.635725
0.492551
0.266077
1.24557
4.2161
-0.078579
-0.27642
-0.52842
-0.09286
0.869777
0.329207
1.25337
4.19266
-0.004798
-0.25412
-0.6135
0.1898
0.909361
0.393914
1.2403
4.21049
-0.003798
-0.31765
-0.766875
-0.01275
0.890322
0.398634
1.23345
4.23104
-0.0685
-0.345525
-0.660525
-0.366075
0.855609
0.34189
1.07245
4.33016
-0.144297
0.4157
0.127325
-0.70795
0.417395
0.283132
1.0546
4.40801
-0.121064
0.358875
0.445725
-0.606625
0.348833
0.245817
1.06599
4.39933
-0.105755
0.358875
0.445725
-0.606625
0.363001
0.233387
1.08164
4.33106
-0.12613
0.4157
0.127325
-0.70795
0.423125
0.26611
1.21052
4.35447
-0.147629
-0.36818
-0.06454
-0.34624
0.722047
0.29179
1.22988
4.27533
-0.130859
-0.31804
-0.32442
-0.28526
0.801215
0.291827
1.2197
4.28298
-0.114346
-0.39755
-0.405525
-0.606575
0.795484
0.30911
1.20272
4.35238
-0.129052
-0.460225
-0.080675
-0.6828
0.726059
0.309078
1.04305
4.46371
-0.064052
0.322875
0.683925
-0.347525
0.309249
0.181148
1.04089
4.48234
0.011462
0.31765
0.766875
0.01275
0.309249
0.106453
1.05396
4.46452
0.010461
0.31765
0.766875
0.01275
0.328288
0.111173
1.05586
4.44818
-0.05576
0.322875
0.683925
-0.347525
0.328288
0.176676
1.19268
4.43232
-0.124395
-0.41626
0.19164
-0.26768
0.653486
0.329105
1.21052
4.35447
-0.147629
-0.36818
-0.06454
-0.34624
0.722047
0.29179
1.20272
4.35238
-0.129052
-0.460225
-0.080675
-0.6828
0.726059
0.309078
1.18707
4.42065
-0.108677
-0.520325
0.23955
-0.5846
0.665934
0.341801
1.04869
4.4589
0.085243
0.345525
0.660525
0.366075
0.348833
0.041746
1.06438
4.39968
0.137523
0.39755
0.405525
0.606575
0.417395
0.004366
1.07456
4.39203
0.121009
0.39755
0.405525
0.606575
0.423126
0.021649
1.06081
4.44396
0.075163
0.345525
0.660525
0.366075
0.363001
0.054429
1.17896
4.50665
0.00813
-0.45638
0.45118
0.23176
0.613902
0.46847
1.18112
4.48802
-0.067384
-0.44994
0.38424
-0.0597
0.613902
0.393775
1.17694
4.4695
-0.058681
-0.562425
0.4803
-0.32465
0.631222
0.398512
1.17504
4.48584
0.007539
-0.570475
0.563975
0.039675
0.631222
0.464015
