1.35453
5.27073
0
0.62695
0.7771
0
0.887623
0.20441
1.1756
5.39741
0
0.4504
0.8802
0
0.887623
0.285773
1.1756
5.39741
0.291622
0.378767
0.7114
0.2987
0.805277
0.285773
1.34911
5.27073
0.306228
0.4253
0.565675
0.4566
0.801153
0.205922
-0.024662
5.38833
0.40057
-0.051825
0.1869
0.9808
0.365324
0.104776
0.003231
5.61218
0.36574
-0.1524
0.56465
0.492375
0.295033
0.115632
-0.200675
5.53716
0.36574
-0.447967
0.4785
0.334467
0.318259
0.037221
-0.256981
5.3553
0.394009
-0.5128
0.193775
0.501975
0.375362
0.015447
1.12325
4.83247
0
0.0261
-0.9997
0
0.662607
0.220445
1.67187
4.84681
0
0.44085
-0.241
0
0.662607
0.010535
1.67187
4.84681
0.285976
0.349267
-0.1779
0.328267
0.743359
0.010535
1.12325
4.83247
0.366671
0.0757
-0.406567
0.656633
0.766145
0.220445
0.003231
5.61218
0
-0.25645
0.9622
0
0.781655
0.851448
-0.200675
5.53716
0
-0.743767
0.534367
0
0.744228
0.851448
-0.200675
5.53716
0.36574
-0.447967
0.4785
0.334467
0.744228
0.73191
0.003231
5.61218
0.36574
-0.1524
0.56465
0.492375
0.781655
0.73191
0.871287
5.49726
0
0.3117
0.9501
0
0.887623
0.39539
0.566973
5.59711
0
0.249767
0.9648
0
0.887623
0.505006
0.566973
5.59711
0.357078
0.15435
0.606275
0.480925
0.786794
0.505006
0.899424
5.49198
0.332096
0.2501
0.63635
0.4594
0.793848
0.386238
0.196685
4.81812
0
-0.13895
-0.9803
0
0.662607
0.575306
0.574636
4.81812
0
0.01305
-0.99985
0
0.662607
0.430356
0.574636
4.81812
0.36574
0.0138
-0.593475
0.490925
0.765882
0.430356
0.196685
4.81812
0.36574
-0.08475
-0.5916
0.489225
0.765882
0.575306
0.04794
4.86116
0.36574
-0.1296
-0.4542
0.652033
0.527543
0.13383
-0.030574
5.22196
0.4354
-0.055375
0.00285
0.97745
0.417817
0.102307
-0.269328
5.22196
0.422278
-0.496675
-0.100425
0.4978
0.417445
0.010535
-0.100806
4.90419
0.36574
-0.404
-0.5468
0.3289
0.51422
0.076502
1.12325
4.83247
0.366671
0.0757
-0.406567
0.656633
0.536452
0.547882
1.02949
5.18301
0.411943
0.1324
0.095625
0.961125
0.429212
0.510789
0.566973
5.22196
0.452907
0.03665
0.029625
0.973625
0.418314
0.332174
0.574636
4.81812
0.36574
0.0138
-0.593475
0.490925
0.540866
0.336679
0.964457
5.33749
0.37202
0.1764
0.311925
0.930925
0.380252
0.486017
0.899424
5.49198
0.332096
0.2501
0.63635
0.4594
0.331292
0.461245
0.566973
5.59711
0.357078
0.15435
0.606275
0.480925
0.299454
0.332811
0.566973
5.40953
0.404992
0.07295
0.243825
0.964925
0.358884
0.332492
1.67187
4.84681
0
0.44085
-0.241
0
0.887623
0.010535
1.49201
5.14405
0
0.732067
0.6673
0
0.887623
0.134594
1.49201
5.14405
0.320833
0.47595
0.3857
0.4772
0.797029
0.134594
1.67187
4.84681
0.285976
0.349267
-0.1779
0.328267
0.806871
0.010535
-0.100806
4.90419
0.36574
-0.404
-0.5468
0.3289
0.559069
0.73191
-0.269328
5.22196
0.422278
-0.496675
-0.100425
0.4978
0.643529
0.713431
-0.277324
5.22196
0
-0.93785
-0.20425
4.65661e-10
0.642955
0.851448
-0.100806
4.90419
0
-0.6783
-0.638667
0
0.559069
0.851448
-0.256981
5.3553
0.394009
-0.5128
0.193775
0.501975
0.68493
0.72267
-0.200675
5.53716
0.36574
-0.447967
0.4785
0.334467
0.744228
0.73191
-0.200675
5.53716
0
-0.743767
0.534367
0
0.744228
0.851448
-0.271969
5.3553
0
-0.9701
0.20075
4.65661e-10
0.683855
0.851448
0.574636
4.81812
0.36574
0.0138
-0.593475
0.490925
0.540866
0.336679
0.566973
5.22196
0.452907
0.03665
0.029625
0.973625
0.418314
0.332174
0.208179
5.22196
0.448521
-0.0289
0.0059
0.97715
0.418189
0.19408
0.196685
4.81812
0.36574
-0.08475
-0.5916
0.489225
0.540866
0.191157
0.04794
4.86116
0
-0.2779
-0.9606
0
0.662607
0.633834
0.196685
4.81812
0
-0.13895
-0.9803
0
0.662607
0.575306
0.196685
4.81812
0.36574
-0.08475
-0.5916
0.489225
0.765882
0.575306
0.04794
4.86116
0.36574
-0.1296
-0.4542
0.652033
0.765882
0.633834
0.566973
5.59711
0
0.249767
0.9648
0
0.887623
0.505006
0.207137
5.64684
0
-0.01535
0.98825
0
0.887623
0.617621
0.207137
5.64684
0.36574
-0.00975
0.5893
0.4904
0.784348
0.617621
0.566973
5.59711
0.357078
0.15435
0.606275
0.480925
0.786794
0.505006
0.566973
5.40953
0.404992
0.07295
0.243825
0.964925
0.358884
0.332492
0.566973
5.59711
0.357078
0.15435
0.606275
0.480925
0.299454
0.332811
0.207137
5.64684
0.36574
-0.00975
0.5893
0.4904
0.284302
0.194097
0.207658
5.42135
0.407131
-0.0157
0.202525
0.978325
0.355285
0.194105
1.34911
5.27073
0.306228
0.4253
0.565675
0.4566
0.399054
0.634979
1.1756
5.39741
0.291622
0.378767
0.7114
0.2987
0.359421
0.568182
0.899424
5.49198
0.332096
0.2501
0.63635
0.4594
0.331292
0.461245
0.964457
5.33749
0.37202
0.1764
0.311925
0.930925
0.380252
0.486017
1.67187
4.84681
0.285976
0.349267
-0.1779
0.328267
0.529722
0.760047
1.49201
5.14405
0.320833
0.47595
0.3857
0.4772
0.438687
0.689995
1.02949
5.18301
0.411943
0.1324
0.095625
0.961125
0.429212
0.510789
1.12325
4.83247
0.366671
0.0757
-0.406567
0.656633
0.536452
0.547882
1.1756
5.39741
0
0.4504
0.8802
0
0.887623
0.285773
0.871287
5.49726
0
0.3117
0.9501
0
0.887623
0.39539
0.899424
5.49198
0.332096
0.2501
0.63635
0.4594
0.793848
0.386238
1.1756
5.39741
0.291622
0.378767
0.7114
0.2987
0.805277
0.285773
0.574636
4.81812
0
0.01305
-0.99985
0
0.662607
0.430356
1.12325
4.83247
0
0.0261
-0.9997
0
0.662607
0.220445
1.12325
4.83247
0.366671
0.0757
-0.406567
0.656633
0.766145
0.220445
0.574636
4.81812
0.36574
0.0138
-0.593475
0.490925
0.765882
0.430356
1.49201
5.14405
0.320833
0.47595
0.3857
0.4772
0.438687
0.689995
1.34911
5.27073
0.306228
0.4253
0.565675
0.4566
0.399054
0.634979
0.964457
5.33749
0.37202
0.1764
0.311925
0.930925
0.380252
0.486017
1.02949
5.18301
0.411943
0.1324
0.095625
0.961125
0.429212
0.510789
0.566973
5.22196
0.452907
0.03665
0.029625
0.973625
0.418314
0.332174
0.566973
5.40953
0.404992
0.07295
0.243825
0.964925
0.358884
0.332492
0.207658
5.42135
0.407131
-0.0157
0.202525
0.978325
0.355285
0.194105
0.208179
5.22196
0.448521
-0.0289
0.0059
0.97715
0.418189
0.19408
-0.269328
5.22196
0.422278
-0.496675
-0.100425
0.4978
0.643529
0.713431
-0.256981
5.3553
0.394009
-0.5128
0.193775
0.501975
0.68493
0.72267
-0.271969
5.3553
0
-0.9701
0.20075
4.65661e-10
0.683855
0.851448
-0.277324
5.22196
0
-0.93785
-0.20425
4.65661e-10
0.642955
0.851448
1.02949
5.18301
0.411943
0.1324
0.095625
0.961125
0.429212
0.510789
0.964457
5.33749
0.37202
0.1764
0.311925
0.930925
0.380252
0.486017
0.566973
5.40953
0.404992
0.07295
0.243825
0.964925
0.358884
0.332492
0.566973
5.22196
0.452907
0.03665
0.029625
0.973625
0.418314
0.332174
-0.030574
5.22196
0.4354
-0.055375
0.00285
0.97745
0.417817
0.102307
-0.024662
5.38833
0.40057
-0.051825
0.1869
0.9808
0.365324
0.104776
-0.256981
5.3553
0.394009
-0.5128
0.193775
0.501975
0.375362
0.015447
-0.269328
5.22196
0.422278
-0.496675
-0.100425
0.4978
0.417445
0.010535
1.49201
5.14405
0
0.732067
0.6673
0
0.887623
0.134594
1.35453
5.27073
0
0.62695
0.7771
0
0.887623
0.20441
1.34911
5.27073
0.306228
0.4253
0.565675
0.4566
0.801153
0.205922
1.49201
5.14405
0.320833
0.47595
0.3857
0.4772
0.797029
0.134594
0.208179
5.22196
0.448521
-0.0289
0.0059
0.97715
0.418189
0.19408
0.207658
5.42135
0.407131
-0.0157
0.202525
0.978325
0.355285
0.194105
-0.024662
5.38833
0.40057
-0.051825
0.1869
0.9808
0.365324
0.104776
-0.030574
5.22196
0.4354
-0.055375
0.00285
0.97745
0.417817
0.102307
-0.100806
4.90419
0
-0.6783
-0.638667
0
0.662607
0.692362
0.04794
4.86116
0
-0.2779
-0.9606
0
0.662607
0.633834
0.04794
4.86116
0.36574
-0.1296
-0.4542
0.652033
0.765882
0.633834
-0.100806
4.90419
0.36574
-0.404
-0.5468
0.3289
0.765882
0.692362
0.196685
4.81812
0.36574
-0.08475
-0.5916
0.489225
0.540866
0.191157
0.208179
5.22196
0.448521
-0.0289
0.0059
0.97715
0.418189
0.19408
-0.030574
5.22196
0.4354
-0.055375
0.00285
0.97745
0.417817
0.102307
0.04794
4.86116
0.36574
-0.1296
-0.4542
0.652033
0.527543
0.13383
0.207137
5.64684
0
-0.01535
0.98825
0
0.887623
0.617621
0.003231
5.61218
0
-0.25645
0.9622
0
0.887623
0.6658
0.003231
5.61218
0.36574
-0.1524
0.56465
0.492375
0.784348
0.6658
0.207137
5.64684
0.36574
-0.00975
0.5893
0.4904
0.784348
0.617621
0.207658
5.42135
0.407131
-0.0157
0.202525
0.978325
0.355285
0.194105
0.207137
5.64684
0.36574
-0.00975
0.5893
0.4904
0.284302
0.194097
0.003231
5.61218
0.36574
-0.1524
0.56465
0.492375
0.295033
0.115632
-0.024662
5.38833
0.40057
-0.051825
0.1869
0.9808
0.365324
0.104776
1.35453
5.27073
0
0.62695
0.7771
0
0.887623
0.20441
1.34911
5.27073
-0.306228
0.4253
0.565675
-0.4566
0.974094
0.205922
1.1756
5.39741
-0.291622
0.378767
0.7114
-0.2987
0.96997
0.285773
1.1756
5.39741
0
0.4504
0.8802
0
0.887623
0.285773
-0.024662
5.38833
-0.40057
-0.051825
0.1869
-0.9808
0.090078
0.665262
-0.256981
5.3553
-0.394009
-0.5128
0.193775
-0.501975
0.100168
0.75467
-0.200675
5.53716
-0.36574
-0.447967
0.4785
-0.334467
0.043116
0.732892
0.003231
5.61218
-0.36574
-0.1524
0.56465
-0.492375
0.01985
0.654406
1.12325
4.83247
0
0.0261
-0.9997
0
0.662607
0.220445
1.12325
4.83247
-0.366671
0.0757
-0.406567
-0.656633
0.559069
0.220445
1.67187
4.84681
-0.285976
0.349267
-0.1779
-0.328267
0.581855
0.010535
1.67187
4.84681
0
0.44085
-0.241
0
0.662607
0.010535
0.003231
5.61218
0
-0.25645
0.9622
0
0.781655
0.851448
0.003231
5.61218
-0.36574
-0.1524
0.56465
-0.492375
0.781655
0.970987
-0.200675
5.53716
-0.36574
-0.447967
0.4785
-0.334467
0.744228
0.970987
-0.200675
5.53716
0
-0.743767
0.534367
0
0.744228
0.851448
0.871287
5.49726
0
0.3117
0.9501
0
0.887623
0.39539
0.899424
5.49198
-0.332096
0.2501
0.63635
-0.4594
0.981399
0.386238
0.566973
5.59711
-0.357078
0.15435
0.606275
-0.480925
0.988453
0.505006
0.566973
5.59711
0
0.249767
0.9648
0
0.887623
0.505006
0.196685
4.81812
0
-0.13895
-0.9803
0
0.662607
0.575306
0.196685
4.81812
-0.36574
-0.08475
-0.5916
-0.489225
0.559332
0.575306
0.574636
4.81812
-0.36574
0.0138
-0.593475
-0.490925
0.559332
0.430356
0.574636
4.81812
0
0.01305
-0.99985
0
0.662607
0.430356
0.04794
4.86116
-0.36574
-0.1296
-0.4542
-0.652033
0.252753
0.636656
-0.100806
4.90419
-0.36574
-0.404
-0.5468
-0.3289
0.239407
0.693978
-0.269328
5.22196
-0.422278
-0.496675
-0.100425
-0.4978
0.142174
0.759552
-0.030574
5.22196
-0.4354
-0.055375
0.00285
-0.97745
0.142479
0.667693
1.12325
4.83247
-0.366671
0.0757
-0.406567
-0.656633
0.261672
0.222463
0.574636
4.81812
-0.36574
0.0138
-0.593475
-0.490925
0.266099
0.433757
0.566973
5.22196
-0.452907
0.03665
0.029625
-0.973625
0.142884
0.43767
1.02949
5.18301
-0.411943
0.1324
0.095625
-0.961125
0.154015
0.259176
0.964457
5.33749
-0.37202
0.1764
0.311925
-0.930925
0.10518
0.284024
0.566973
5.40953
-0.404992
0.07295
0.243825
-0.964925
0.083604
0.437431
0.566973
5.59711
-0.357078
0.15435
0.606275
-0.480925
0.024324
0.437191
0.899424
5.49198
-0.332096
0.2501
0.63635
-0.4594
0.056346
0.308872
1.67187
4.84681
0
0.44085
-0.241
0
0.887623
0.010535
1.67187
4.84681
-0.285976
0.349267
-0.1779
-0.328267
0.968375
0.010535
1.49201
5.14405
-0.320833
0.47595
0.3857
-0.4772
0.978218
0.134594
1.49201
5.14405
0
0.732067
0.6673
0
0.887623
0.134594
-0.100806
4.90419
-0.36574
-0.404
-0.5468
-0.3289
0.559069
0.970987
-0.100806
4.90419
0
-0.6783
-0.638667
0
0.559069
0.851448
-0.277324
5.22196
0
-0.93785
-0.20425
4.65661e-10
0.642955
0.851448
-0.269328
5.22196
-0.422278
-0.496675
-0.100425
-0.4978
0.643529
0.989465
-0.256981
5.3553
-0.394009
-0.5128
0.193775
-0.501975
0.68493
0.980226
-0.271969
5.3553
0
-0.9701
0.20075
4.65661e-10
0.683855
0.851448
-0.200675
5.53716
0
-0.743767
0.534367
0
0.744228
0.851448
-0.200675
5.53716
-0.36574
-0.447967
0.4785
-0.334467
0.744228
0.970987
0.574636
4.81812
-0.36574
0.0138
-0.593475
-0.490925
0.266099
0.433757
0.196685
4.81812
-0.36574
-0.08475
-0.5916
-0.489225
0.266099
0.579333
0.208179
5.22196
-0.448521
-0.0289
0.0059
-0.97715
0.142783
0.575833
0.566973
5.22196
-0.452907
0.03665
0.029625
-0.973625
0.142884
0.43767
0.04794
4.86116
0
-0.2779
-0.9606
0
0.662607
0.633834
0.04794
4.86116
-0.36574
-0.1296
-0.4542
-0.652033
0.559332
0.633834
0.196685
4.81812
-0.36574
-0.08475
-0.5916
-0.489225
0.559332
0.575306
0.196685
4.81812
0
-0.13895
-0.9803
0
0.662607
0.575306
0.566973
5.59711
0
0.249767
0.9648
0
0.887623
0.505006
0.566973
5.59711
-0.357078
0.15435
0.606275
-0.480925
0.988453
0.505006
0.207137
5.64684
-0.36574
-0.00975
0.5893
-0.4904
0.990899
0.617621
0.207137
5.64684
0
-0.01535
0.98825
0
0.887623
0.617621
0.566973
5.40953
-0.404992
0.07295
0.243825
-0.964925
0.083604
0.437431
0.207658
5.42135
-0.407131
-0.0157
0.202525
-0.978325
0.079988
0.575853
0.207137
5.64684
-0.36574
-0.00975
0.5893
-0.4904
0.009101
0.575891
0.566973
5.59711
-0.357078
0.15435
0.606275
-0.480925
0.024324
0.437191
1.34911
5.27073
-0.306228
0.4253
0.565675
-0.4566
0.124358
0.135311
0.964457
5.33749
-0.37202
0.1764
0.311925
-0.930925
0.10518
0.284024
0.899424
5.49198
-0.332096
0.2501
0.63635
-0.4594
0.056346
0.308872
1.1756
5.39741
-0.291622
0.378767
0.7114
-0.2987
0.084735
0.202115
1.67187
4.84681
-0.285976
0.349267
-0.1779
-0.328267
0.255352
0.010535
1.12325
4.83247
-0.366671
0.0757
-0.406567
-0.656633
0.261672
0.222463
1.02949
5.18301
-0.411943
0.1324
0.095625
-0.961125
0.154015
0.259176
1.49201
5.14405
-0.320833
0.47595
0.3857
-0.4772
0.163982
0.080293
1.1756
5.39741
0
0.4504
0.8802
0
0.887623
0.285773
1.1756
5.39741
-0.291622
0.378767
0.7114
-0.2987
0.96997
0.285773
0.899424
5.49198
-0.332096
0.2501
0.63635
-0.4594
0.981399
0.386238
0.871287
5.49726
0
0.3117
0.9501
0
0.887623
0.39539
0.574636
4.81812
0
0.01305
-0.99985
0
0.662607
0.430356
0.574636
4.81812
-0.36574
0.0138
-0.593475
-0.490925
0.559332
0.430356
1.12325
4.83247
-0.366671
0.0757
-0.406567
-0.656633
0.559069
0.220445
1.12325
4.83247
0
0.0261
-0.9997
0
0.662607
0.220445
1.49201
5.14405
-0.320833
0.47595
0.3857
-0.4772
0.163982
0.080293
1.02949
5.18301
-0.411943
0.1324
0.095625
-0.961125
0.154015
0.259176
0.964457
5.33749
-0.37202
0.1764
0.311925
-0.930925
0.10518
0.284024
1.34911
5.27073
-0.306228
0.4253
0.565675
-0.4566
0.124358
0.135311
0.566973
5.22196
-0.452907
0.03665
0.029625
-0.973625
0.142884
0.43767
0.208179
5.22196
-0.448521
-0.0289
0.0059
-0.97715
0.142783
0.575833
0.207658
5.42135
-0.407131
-0.0157
0.202525
-0.978325
0.079988
0.575853
0.566973
5.40953
-0.404992
0.07295
0.243825
-0.964925
0.083604
0.437431
-0.269328
5.22196
-0.422278
-0.496675
-0.100425
-0.4978
0.643529
0.989465
-0.277324
5.22196
0
-0.93785
-0.20425
4.65661e-10
0.642955
0.851448
-0.271969
5.3553
0
-0.9701
0.20075
4.65661e-10
0.683855
0.851448
-0.256981
5.3553
-0.394009
-0.5128
0.193775
-0.501975
0.68493
0.980226
1.02949
5.18301
-0.411943
0.1324
0.095625
-0.961125
0.154015
0.259176
0.566973
5.22196
-0.452907
0.03665
0.029625
-0.973625
0.142884
0.43767
0.566973
5.40953
-0.404992
0.07295
0.243825
-0.964925
0.083604
0.437431
0.964457
5.33749
-0.37202
0.1764
0.311925
-0.930925
0.10518
0.284024
-0.030574
5.22196
-0.4354
-0.055375
0.00285
-0.97745
0.142479
0.667693
-0.269328
5.22196
-0.422278
-0.496675
-0.100425
-0.4978
0.142174
0.759552
-0.256981
5.3553
-0.394009
-0.5128
0.193775
-0.501975
0.100168
0.75467
-0.024662
5.38833
-0.40057
-0.051825
0.1869
-0.9808
0.090078
0.665262
1.49201
5.14405
0
0.732067
0.6673
0
0.887623
0.134594
1.49201
5.14405
-0.320833
0.47595
0.3857
-0.4772
0.978218
0.134594
1.34911
5.27073
-0.306228
0.4253
0.565675
-0.4566
0.974094
0.205922
1.35453
5.27073
0
0.62695
0.7771
0
0.887623
0.20441
0.208179
5.22196
-0.448521
-0.0289
0.0059
-0.97715
0.142783
0.575833
-0.030574
5.22196
-0.4354
-0.055375
0.00285
-0.97745
0.142479
0.667693
-0.024662
5.38833
-0.40057
-0.051825
0.1869
-0.9808
0.090078
0.665262
0.207658
5.42135
-0.407131
-0.0157
0.202525
-0.978325
0.079988
0.575853
-0.100806
4.90419
0
-0.6783
-0.638667
0
0.662607
0.692362
-0.100806
4.90419
-0.36574
-0.404
-0.5468
-0.3289
0.559332
0.692362
0.04794
4.86116
-0.36574
-0.1296
-0.4542
-0.652033
0.559332
0.633834
0.04794
4.86116
0
-0.2779
-0.9606
0
0.662607
0.633834
0.196685
4.81812
-0.36574
-0.08475
-0.5916
-0.489225
0.266099
0.579333
0.04794
4.86116
-0.36574
-0.1296
-0.4542
-0.652033
0.252753
0.636656
-0.030574
5.22196
-0.4354
-0.055375
0.00285
-0.97745
0.142479
0.667693
0.208179
5.22196
-0.448521
-0.0289
0.0059
-0.97715
0.142783
0.575833
0.207137
5.64684
0
-0.01535
0.98825
0
0.887623
0.617621
0.207137
5.64684
-0.36574
-0.00975
0.5893
-0.4904
0.990899
0.617621
0.003231
5.61218
-0.36574
-0.1524
0.56465
-0.492375
0.990899
0.6658
0.003231
5.61218
0
-0.25645
0.9622
0
0.887623
0.6658
0.207658
5.42135
-0.407131
-0.0157
0.202525
-0.978325
0.079988
0.575853
-0.024662
5.38833
-0.40057
-0.051825
0.1869
-0.9808
0.090078
0.665262
0.003231
5.61218
-0.36574
-0.1524
0.56465
-0.492375
0.01985
0.654406
0.207137
5.64684
-0.36574
-0.00975
0.5893
-0.4904
0.009101
0.575891
