0.832274
3.75903
0.005694
-0.254167
0.601233
-0.333333
0.934241
0.237478
0.832274
3.75903
0.20481
-0.3657
0.865825
0.19605
0.825836
0.237478
0.999573
3.79212
0.20481
0
0.94325
0.19235
0.825836
0.147842
0.999573
3.79212
0.005694
0
0.654
-0.333333
0.934241
0.147842
1.30103
3.66631
0.005694
0.480867
0.436133
-0.333333
0.827793
0.994221
1.30103
3.66631
0.20481
0.6892
0.6258
0.20505
0.719388
0.994221
1.37549
3.53232
0.20481
0.892325
0.2316
0.212975
0.719388
0.923797
1.37549
3.53232
0.005694
0.6247
0.1619
-0.333333
0.827793
0.923797
1.37549
3.53232
0.005694
0.6247
0.1619
-0.333333
0.827793
0.923797
1.37549
3.53232
0.20481
0.892325
0.2316
0.212975
0.719388
0.923797
1.37549
3.38361
0.20481
0.892325
-0.2316
0.212975
0.719388
0.845633
1.37549
3.38361
0.005694
0.6247
-0.1619
-0.333333
0.827793
0.845633
1.37549
3.38361
0.005694
0.6247
-0.1619
-0.333333
0.827793
0.845633
1.37549
3.38361
0.20481
0.892325
-0.2316
0.212975
0.719388
0.845633
1.30103
3.24962
0.20481
0.6892
-0.6258
0.20505
0.719388
0.77521
1.30103
3.24962
0.005694
0.480867
-0.436133
-0.333333
0.827793
0.77521
1.30103
3.24962
0.005694
0.480867
-0.436133
-0.333333
0.839765
0.663436
1.30103
3.24962
0.20481
0.6892
-0.6258
0.20505
0.94817
0.663436
1.16687
3.1569
0.20481
0.3657
-0.865825
0.19605
0.94817
0.742261
1.16687
3.1569
0.005694
0.254167
-0.601233
-0.333333
0.839765
0.742261
1.16687
3.1569
0.005694
0.254167
-0.601233
-0.333333
0.839765
0.742261
1.16687
3.1569
0.20481
0.3657
-0.865825
0.19605
0.94817
0.742261
0.999573
3.12381
0.20481
0
-0.94325
0.19235
0.94817
0.831897
0.999573
3.12381
0.005694
0
-0.654
-0.333333
0.839765
0.831897
0.999573
3.12381
0.005694
0
-0.654
-0.333333
0.839765
0.831897
0.999573
3.12381
0.20481
0
-0.94325
0.19235
0.94817
0.831897
0.832274
3.1569
0.20481
-0.3657
-0.865825
0.19605
0.94817
0.914589
0.832274
3.1569
0.005694
-0.254167
-0.601233
-0.333333
0.839765
0.914589
0.832274
3.1569
0.005694
-0.254167
-0.601233
-0.333333
0.490926
0.99087
0.832274
3.1569
0.20481
-0.3657
-0.865825
0.19605
0.382521
0.990871
0.69811
3.24962
0.20481
-0.6892
-0.6258
0.20505
0.382521
0.914466
0.69811
3.24962
0.005694
-0.480867
-0.436133
-0.333333
0.490926
0.914466
0.69811
3.24962
0.005694
-0.480867
-0.436133
-0.333333
0.490926
0.914466
0.69811
3.24962
0.20481
-0.6892
-0.6258
0.20505
0.382521
0.914466
0.623655
3.38361
0.20481
-0.892325
-0.2316
0.212975
0.382521
0.833905
0.623655
3.38361
0.005694
-0.6247
-0.1619
-0.333333
0.490926
0.833905
0.623655
3.38361
0.005694
-0.6247
-0.1619
-0.333333
0.490926
0.833905
0.623655
3.38361
0.20481
-0.892325
-0.2316
0.212975
0.382521
0.833905
0.623655
3.53232
0.20481
-0.892325
0.2316
0.212975
0.382521
0.765144
0.623655
3.53232
0.005694
-0.6247
0.1619
-0.333333
0.490926
0.765144
0.623655
3.53232
0.005694
-0.6247
0.1619
-0.333333
0.934241
0.368707
0.623655
3.53232
0.20481
-0.892325
0.2316
0.212975
0.825836
0.368707
0.69811
3.66631
0.20481
-0.6892
0.6258
0.20505
0.825836
0.316303
0.69811
3.66631
0.005694
-0.480867
0.436133
-0.333333
0.934241
0.316304
0.69811
3.66631
0.005694
-0.480867
0.436133
-0.333333
0.934241
0.316304
0.69811
3.66631
0.20481
-0.6892
0.6258
0.20505
0.825836
0.316303
0.832274
3.75903
0.20481
-0.3657
0.865825
0.19605
0.825836
0.237478
0.832274
3.75903
0.005694
-0.254167
0.601233
-0.333333
0.934241
0.237478
0.999573
3.79212
0.005694
0
0.654
-0.333333
0.934241
0.147842
0.999573
3.79212
0.20481
0
0.94325
0.19235
0.825836
0.147842
1.16687
3.75903
0.20481
0.3657
0.865825
0.19605
0.825836
0.06515
1.16687
3.75903
0.005694
0.254167
0.601233
-0.333333
0.934241
0.06515
1.16687
3.75903
0.005694
0.254167
0.601233
-0.333333
0.934241
0.06515
1.16687
3.75903
0.20481
0.3657
0.865825
0.19605
0.825836
0.06515
1.30103
3.66631
0.20481
0.6892
0.6258
0.20505
0.825836
0.005779
1.30103
3.66631
0.005694
0.480867
0.436133
-0.333333
0.934241
0.005779
0.999573
3.79212
0.005694
0
0.654
-0.333333
0.034481
0.282784
1.16687
3.75903
0.005694
0.254167
0.601233
-0.333333
0.005986
0.197473
1.30103
3.66631
0.005694
0.480867
0.436133
-0.333333
0.014631
0.112161
1.37549
3.53232
0.005694
0.6247
0.1619
-0.333333
0.058704
0.043746
1.37549
3.38361
0.005694
0.6247
-0.1619
-0.333333
0.129475
0.005779
1.30103
3.24962
0.005694
0.480867
-0.436133
-0.333333
0.212927
0.005779
1.16687
3.1569
0.005694
0.254167
-0.601233
-0.333333
0.292532
0.043746
0.999573
3.12381
0.005694
0
-0.654
-0.333333
0.352523
0.112161
0.832274
3.1569
0.005694
-0.254167
-0.601233
-0.333333
0.381017
0.197472
0.69811
3.24962
0.005694
-0.480867
-0.436133
-0.333333
0.372372
0.282784
0.623655
3.38361
0.005694
-0.6247
-0.1619
-0.333333
0.328299
0.351199
0.623655
3.53232
0.005694
-0.6247
0.1619
-0.333333
0.257528
0.389166
0.69811
3.66631
0.005694
-0.480867
0.436133
-0.333333
0.174076
0.389166
0.832274
3.75903
0.005694
-0.254167
0.601233
-0.333333
0.094471
0.351199
1.16687
3.75903
0.20481
0.3657
0.865825
0.19605
0.825836
0.06515
0.999573
3.79212
0.20481
0
0.94325
0.19235
0.825836
0.147842
0.999573
3.75635
0.289014
0
0.63945
0.6547
0.779993
0.151596
1.14896
3.7268
0.289014
0.245625
0.583575
0.65985
0.779993
0.077756
1.14896
3.7268
0.289014
0.245625
0.583575
0.65985
0.324705
0.530964
0.999573
3.75635
0.289014
0
0.63945
0.6547
0.324705
0.611004
0.999573
3.66998
0.323892
0
0.248933
0.9498
0.278577
0.602195
1.10572
3.64898
0.323892
0.0940667
0.2249
0.951733
0.278577
0.545324
1.30103
3.66631
0.20481
0.6892
0.6258
0.20505
0.825836
0.005779
1.16687
3.75903
0.20481
0.3657
0.865825
0.19605
0.825836
0.06515
1.14896
3.7268
0.289014
0.245625
0.583575
0.65985
0.779993
0.077756
1.26876
3.644
0.289014
0.45645
0.416175
0.67215
0.779993
0.024742
1.26876
3.644
0.289014
0.45645
0.416175
0.67215
0.293142
0.460749
1.14896
3.7268
0.289014
0.245625
0.583575
0.65985
0.324705
0.530964
1.10572
3.64898
0.323892
0.0940667
0.2249
0.951733
0.278577
0.545324
1.19084
3.59015
0.323892
0.170533
0.156633
0.956133
0.25615
0.495434
1.37549
3.53232
0.20481
0.892325
0.2316
0.212975
0.719388
0.923797
1.30103
3.66631
0.20481
0.6892
0.6258
0.20505
0.719388
0.994221
1.26876
3.644
0.289014
0.45645
0.416175
0.67215
0.673544
0.982497
1.33524
3.52436
0.289014
0.5841
0.152325
0.68275
0.673544
0.919613
1.33524
3.52436
0.289014
0.5841
0.152325
0.68275
0.236267
0.414267
1.26876
3.644
0.289014
0.45645
0.416175
0.67215
0.293142
0.460749
1.19084
3.59015
0.323892
0.170533
0.156633
0.956133
0.25615
0.495434
1.23808
3.50514
0.323892
0.213733
0.0562
0.9597
0.215738
0.462407
1.37549
3.38361
0.20481
0.892325
-0.2316
0.212975
0.719388
0.845633
1.37549
3.53232
0.20481
0.892325
0.2316
0.212975
0.719388
0.923797
1.33524
3.52436
0.289014
0.5841
0.152325
0.68275
0.673544
0.919613
1.33524
3.39157
0.289014
0.5841
-0.152325
0.68275
0.673544
0.849817
1.33524
3.39157
0.289014
0.5841
-0.152325
0.68275
0.165346
0.400724
1.33524
3.52436
0.289014
0.5841
0.152325
0.68275
0.236267
0.414267
1.23808
3.50514
0.323892
0.213733
0.0562
0.9597
0.215738
0.462407
1.23808
3.41079
0.323892
0.213733
-0.0562
0.9597
0.165346
0.452784
1.30103
3.24962
0.20481
0.6892
-0.6258
0.20505
0.719388
0.77521
1.37549
3.38361
0.20481
0.892325
-0.2316
0.212975
0.719388
0.845633
1.33524
3.39157
0.289014
0.5841
-0.152325
0.68275
0.673544
0.849817
1.26876
3.27193
0.289014
0.45645
-0.416175
0.67215
0.673544
0.786934
1.26876
3.27193
0.289014
0.45645
-0.416175
0.67215
0.094424
0.422802
1.33524
3.39157
0.289014
0.5841
-0.152325
0.68275
0.165346
0.400724
1.23808
3.41079
0.323892
0.213733
-0.0562
0.9597
0.165346
0.452784
1.19084
3.32578
0.323892
0.170533
-0.156633
0.956133
0.114953
0.468471
1.16687
3.1569
0.20481
0.3657
-0.865825
0.19605
0.94817
0.742261
1.30103
3.24962
0.20481
0.6892
-0.6258
0.20505
0.94817
0.663436
1.26876
3.27193
0.289014
0.45645
-0.416175
0.67215
0.994014
0.677719
1.14896
3.18914
0.289014
0.245625
-0.583575
0.65985
0.994014
0.748105
1.14896
3.18914
0.289014
0.245625
-0.583575
0.65985
0.037549
0.476129
1.26876
3.27193
0.289014
0.45645
-0.416175
0.67215
0.094424
0.422802
1.19084
3.32578
0.323892
0.170533
-0.156633
0.956133
0.114953
0.468471
1.10572
3.26695
0.323892
0.0940667
-0.2249
0.951733
0.074542
0.506362
0.999573
3.12381
0.20481
0
-0.94325
0.19235
0.94817
0.831897
1.16687
3.1569
0.20481
0.3657
-0.865825
0.19605
0.94817
0.742261
1.14896
3.18914
0.289014
0.245625
-0.583575
0.65985
0.994014
0.748105
0.999573
3.15959
0.289014
0
-0.63945
0.6547
0.994014
0.828144
0.999573
3.15959
0.289014
0
-0.63945
0.6547
0.005986
0.550142
1.14896
3.18914
0.289014
0.245625
-0.583575
0.65985
0.037549
0.476129
1.10572
3.26695
0.323892
0.0940667
-0.2249
0.951733
0.074542
0.506362
0.999573
3.24596
0.323892
0
-0.248933
0.9498
0.052115
0.558951
0.832274
3.1569
0.20481
-0.3657
-0.865825
0.19605
0.94817
0.914589
0.999573
3.12381
0.20481
0
-0.94325
0.19235
0.94817
0.831897
0.999573
3.15959
0.289014
0
-0.63945
0.6547
0.994014
0.828144
0.850185
3.18914
0.289014
-0.245625
-0.583575
0.65985
0.994014
0.901983
0.850185
3.18914
0.289014
-0.245625
-0.583575
0.65985
0.005986
0.630182
0.999573
3.15959
0.289014
0
-0.63945
0.6547
0.005986
0.550142
0.999573
3.24596
0.323892
0
-0.248933
0.9498
0.052115
0.558951
0.893427
3.26695
0.323892
-0.0940667
-0.2249
0.951733
0.052115
0.615822
0.69811
3.24962
0.20481
-0.6892
-0.6258
0.20505
0.382521
0.914466
0.832274
3.1569
0.20481
-0.3657
-0.865825
0.19605
0.382521
0.990871
0.850185
3.18914
0.289014
-0.245625
-0.583575
0.65985
0.336678
0.980444
0.730386
3.27193
0.289014
-0.45645
-0.416175
0.67215
0.336678
0.912219
0.730386
3.27193
0.289014
-0.45645
-0.416175
0.67215
0.037549
0.700397
0.850185
3.18914
0.289014
-0.245625
-0.583575
0.65985
0.005986
0.630182
0.893427
3.26695
0.323892
-0.0940667
-0.2249
0.951733
0.052115
0.615822
0.808305
3.32578
0.323892
-0.170533
-0.156633
0.956133
0.074542
0.665712
0.623655
3.38361
0.20481
-0.892325
-0.2316
0.212975
0.382521
0.833905
0.69811
3.24962
0.20481
-0.6892
-0.6258
0.20505
0.382521
0.914466
0.730386
3.27193
0.289014
-0.45645
-0.416175
0.67215
0.336678
0.912219
0.663902
3.39157
0.289014
-0.5841
-0.152325
0.68275
0.336678
0.840283
0.663902
3.39157
0.289014
-0.5841
-0.152325
0.68275
0.094424
0.746879
0.730386
3.27193
0.289014
-0.45645
-0.416175
0.67215
0.037549
0.700397
0.808305
3.32578
0.323892
-0.170533
-0.156633
0.956133
0.074542
0.665712
0.761066
3.41079
0.323892
-0.213733
-0.0562
0.9597
0.114953
0.69874
0.623655
3.53232
0.20481
-0.892325
0.2316
0.212975
0.382521
0.765144
0.623655
3.38361
0.20481
-0.892325
-0.2316
0.212975
0.382521
0.833905
0.663902
3.39157
0.289014
-0.5841
-0.152325
0.68275
0.336678
0.840283
0.663902
3.52436
0.289014
-0.5841
0.152325
0.68275
0.336678
0.778884
0.663902
3.52436
0.289014
-0.5841
0.152325
0.68275
0.165346
0.760422
0.663902
3.39157
0.289014
-0.5841
-0.152325
0.68275
0.094424
0.746879
0.761066
3.41079
0.323892
-0.213733
-0.0562
0.9597
0.114953
0.69874
0.761066
3.50514
0.323892
-0.213733
0.0562
0.9597
0.165346
0.708362
0.69811
3.66631
0.20481
-0.6892
0.6258
0.20505
0.825836
0.316303
0.623655
3.53232
0.20481
-0.892325
0.2316
0.212975
0.825836
0.368707
0.663902
3.52436
0.289014
-0.5841
0.152325
0.68275
0.779993
0.348813
0.730386
3.644
0.289014
-0.45645
0.416175
0.67215
0.779993
0.302021
0.730386
3.644
0.289014
-0.45645
0.416175
0.67215
0.236268
0.738344
0.663902
3.52436
0.289014
-0.5841
0.152325
0.68275
0.165346
0.760422
0.761066
3.50514
0.323892
-0.213733
0.0562
0.9597
0.165346
0.708362
0.808305
3.59015
0.323892
-0.170533
0.156633
0.956133
0.215738
0.692675
0.832274
3.75903
0.20481
-0.3657
0.865825
0.19605
0.825836
0.237478
0.69811
3.66631
0.20481
-0.6892
0.6258
0.20505
0.825836
0.316303
0.730386
3.644
0.289014
-0.45645
0.416175
0.67215
0.779993
0.302021
0.850185
3.7268
0.289014
-0.245625
0.583575
0.65985
0.779993
0.231635
0.850185
3.7268
0.289014
-0.245625
0.583575
0.65985
0.293142
0.685017
0.730386
3.644
0.289014
-0.45645
0.416175
0.67215
0.236268
0.738344
0.808305
3.59015
0.323892
-0.170533
0.156633
0.956133
0.215738
0.692675
0.893427
3.64898
0.323892
-0.0940667
0.2249
0.951733
0.25615
0.654784
0.999573
3.79212
0.20481
0
0.94325
0.19235
0.825836
0.147842
0.832274
3.75903
0.20481
-0.3657
0.865825
0.19605
0.825836
0.237478
0.850185
3.7268
0.289014
-0.245625
0.583575
0.65985
0.779993
0.231635
0.999573
3.75635
0.289014
0
0.63945
0.6547
0.779993
0.151596
0.999573
3.75635
0.289014
0
0.63945
0.6547
0.324705
0.611004
0.850185
3.7268
0.289014
-0.245625
0.583575
0.65985
0.293142
0.685017
0.893427
3.64898
0.323892
-0.0940667
0.2249
0.951733
0.25615
0.654784
0.999573
3.66998
0.323892
0
0.248933
0.9498
0.278577
0.602195
1.10572
3.64898
0.323892
0.0940667
0.2249
0.951733
0.278577
0.545324
0.999573
3.66998
0.323892
0
0.248933
0.9498
0.278577
0.602195
0.893427
3.64898
0.323892
-0.0940667
0.2249
0.951733
0.25615
0.654784
0.808305
3.59015
0.323892
-0.170533
0.156633
0.956133
0.215738
0.692675
0.761066
3.50514
0.323892
-0.213733
0.0562
0.9597
0.165346
0.708362
0.761066
3.41079
0.323892
-0.213733
-0.0562
0.9597
0.114953
0.69874
0.808305
3.32578
0.323892
-0.170533
-0.156633
0.956133
0.074542
0.665712
0.893427
3.26695
0.323892
-0.0940667
-0.2249
0.951733
0.052115
0.615822
0.999573
3.24596
0.323892
0
-0.248933
0.9498
0.052115
0.558951
1.10572
3.26695
0.323892
0.0940667
-0.2249
0.951733
0.074542
0.506362
1.19084
3.32578
0.323892
0.170533
-0.156633
0.956133
0.114953
0.468471
1.23808
3.41079
0.323892
0.213733
-0.0562
0.9597
0.165346
0.452784
1.23808
3.50514
0.323892
0.213733
0.0562
0.9597
0.215738
0.462407
1.19084
3.59015
0.323892
0.170533
0.156633
0.956133
0.25615
0.495434
0.832274
3.75903
-0.005695
-0.254167
0.601233
0.333333
0.673544
0.632423
0.999573
3.79212
-0.005695
0
0.654
0.333333
0.673544
0.542787
0.999573
3.79212
-0.20481
0
0.94325
-0.19235
0.781949
0.542787
0.832274
3.75903
-0.20481
-0.3657
0.865825
-0.19605
0.781949
0.632423
1.30103
3.66631
-0.005695
0.480867
0.436133
0.333333
0.005986
0.990991
1.37549
3.53232
-0.005695
0.6247
0.1619
0.333333
0.005986
0.920568
1.37549
3.53232
-0.20481
0.892325
0.2316
-0.212975
0.114391
0.920568
1.30103
3.66631
-0.20481
0.6892
0.6258
-0.20505
0.114391
0.990991
1.37549
3.53232
-0.005695
0.6247
0.1619
0.333333
0.005986
0.920568
1.37549
3.38361
-0.005695
0.6247
-0.1619
0.333333
0.005986
0.842404
1.37549
3.38361
-0.20481
0.892325
-0.2316
-0.212975
0.114391
0.842404
1.37549
3.53232
-0.20481
0.892325
0.2316
-0.212975
0.114391
0.920568
1.37549
3.38361
-0.005695
0.6247
-0.1619
0.333333
0.005986
0.842404
1.30103
3.24962
-0.005695
0.480867
-0.436133
0.333333
0.005986
0.77198
1.30103
3.24962
-0.20481
0.6892
-0.6258
-0.20505
0.114391
0.77198
1.37549
3.38361
-0.20481
0.892325
-0.2316
-0.212975
0.114391
0.842404
1.30103
3.24962
-0.005695
0.480867
-0.436133
0.333333
0.839765
0.651878
1.16687
3.1569
-0.005695
0.254167
-0.601233
0.333333
0.839765
0.573052
1.16687
3.1569
-0.20481
0.3657
-0.865825
-0.19605
0.94817
0.573052
1.30103
3.24962
-0.20481
0.6892
-0.6258
-0.20505
0.94817
0.651878
1.16687
3.1569
-0.005695
0.254167
-0.601233
0.333333
0.839765
0.573052
0.999573
3.12381
-0.005695
0
-0.654
0.333333
0.839765
0.483416
0.999573
3.12381
-0.20481
0
-0.94325
-0.19235
0.94817
0.483416
1.16687
3.1569
-0.20481
0.3657
-0.865825
-0.19605
0.94817
0.573052
0.999573
3.12381
-0.005695
0
-0.654
0.333333
0.839765
0.483416
0.832274
3.1569
-0.005695
-0.254167
-0.601233
0.333333
0.839765
0.400724
0.832274
3.1569
-0.20481
-0.3657
-0.865825
-0.19605
0.948171
0.400724
0.999573
3.12381
-0.20481
0
-0.94325
-0.19235
0.94817
0.483416
0.832274
3.1569
-0.005695
-0.254167
-0.601233
0.333333
0.657147
0.765144
0.69811
3.24962
-0.005695
-0.480867
-0.436133
0.333333
0.657147
0.841549
0.69811
3.24962
-0.20481
-0.6892
-0.6258
-0.20505
0.548742
0.841549
0.832274
3.1569
-0.20481
-0.3657
-0.865825
-0.19605
0.548742
0.765144
0.69811
3.24962
-0.005695
-0.480867
-0.436133
0.333333
0.657147
0.841549
0.623655
3.38361
-0.005695
-0.6247
-0.1619
0.333333
0.657147
0.922109
0.623655
3.38361
-0.20481
-0.892325
-0.2316
-0.212975
0.548742
0.922109
0.69811
3.24962
-0.20481
-0.6892
-0.6258
-0.20505
0.548742
0.841549
0.623655
3.38361
-0.005695
-0.6247
-0.1619
0.333333
0.657147
0.922109
0.623655
3.53232
-0.005695
-0.6247
0.1619
0.333333
0.657147
0.99087
0.623655
3.53232
-0.20481
-0.892325
0.2316
-0.212975
0.548742
0.99087
0.623655
3.38361
-0.20481
-0.892325
-0.2316
-0.212975
0.548742
0.922109
0.623655
3.53232
-0.005695
-0.6247
0.1619
0.333333
0.673544
0.763651
0.69811
3.66631
-0.005695
-0.480867
0.436133
0.333333
0.673544
0.711249
0.69811
3.66631
-0.20481
-0.6892
0.6258
-0.20505
0.781949
0.711249
0.623655
3.53232
-0.20481
-0.892325
0.2316
-0.212975
0.781949
0.763651
0.69811
3.66631
-0.005695
-0.480867
0.436133
0.333333
0.673544
0.711249
0.832274
3.75903
-0.005695
-0.254167
0.601233
0.333333
0.673544
0.632423
0.832274
3.75903
-0.20481
-0.3657
0.865825
-0.19605
0.781949
0.632423
0.69811
3.66631
-0.20481
-0.6892
0.6258
-0.20505
0.781949
0.711249
0.999573
3.79212
-0.005695
0
0.654
0.333333
0.673544
0.542787
1.16687
3.75903
-0.005695
0.254167
0.601233
0.333333
0.673544
0.460095
1.16687
3.75903
-0.20481
0.3657
0.865825
-0.19605
0.781949
0.460095
0.999573
3.79212
-0.20481
0
0.94325
-0.19235
0.781949
0.542787
1.16687
3.75903
-0.005695
0.254167
0.601233
0.333333
0.673544
0.460095
1.30103
3.66631
-0.005695
0.480867
0.436133
0.333333
0.673544
0.400724
1.30103
3.66631
-0.20481
0.6892
0.6258
-0.20505
0.781949
0.400724
1.16687
3.75903
-0.20481
0.3657
0.865825
-0.19605
0.781949
0.460095
0.999573
3.79212
-0.005695
0
0.654
0.333333
0.421484
0.112161
0.832274
3.75903
-0.005695
-0.254167
0.601233
0.333333
0.481474
0.043746
0.69811
3.66631
-0.005695
-0.480867
0.436133
0.333333
0.561079
0.005779
0.623655
3.53232
-0.005695
-0.6247
0.1619
0.333333
0.644532
0.005779
0.623655
3.38361
-0.005695
-0.6247
-0.1619
0.333333
0.715303
0.043746
0.69811
3.24962
-0.005695
-0.480867
-0.436133
0.333333
0.759375
0.112161
0.832274
3.1569
-0.005695
-0.254167
-0.601233
0.333333
0.768021
0.197473
0.999573
3.12381
-0.005695
0
-0.654
0.333333
0.739526
0.282784
1.16687
3.1569
-0.005695
0.254167
-0.601233
0.333333
0.679536
0.351199
1.30103
3.24962
-0.005695
0.480867
-0.436133
0.333333
0.599931
0.389166
1.37549
3.38361
-0.005695
0.6247
-0.1619
0.333333
0.516479
0.389166
1.37549
3.53232
-0.005695
0.6247
0.1619
0.333333
0.445708
0.351199
1.30103
3.66631
-0.005695
0.480867
0.436133
0.333333
0.401635
0.282784
1.16687
3.75903
-0.005695
0.254167
0.601233
0.333333
0.39299
0.197472
1.16687
3.75903
-0.20481
0.3657
0.865825
-0.19605
0.781949
0.460095
1.14896
3.7268
-0.289014
0.245625
0.583575
-0.65985
0.827793
0.472701
0.999573
3.75635
-0.289014
0
0.63945
-0.6547
0.827793
0.546541
0.999573
3.79212
-0.20481
0
0.94325
-0.19235
0.781949
0.542787
1.14896
3.7268
-0.289014
0.245625
0.583575
-0.65985
0.352765
0.498636
1.10572
3.64898
-0.323892
0.0940667
0.2249
-0.951733
0.395131
0.521364
0.999573
3.66998
-0.323892
0
0.248933
-0.9498
0.3837
0.577155
0.999573
3.75635
-0.289014
0
0.63945
-0.6547
0.336678
0.577155
1.30103
3.66631
-0.20481
0.6892
0.6258
-0.20505
0.781949
0.400724
1.26876
3.644
-0.289014
0.45645
0.416175
-0.67215
0.827793
0.419687
1.14896
3.7268
-0.289014
0.245625
0.583575
-0.65985
0.827793
0.472701
1.16687
3.75903
-0.20481
0.3657
0.865825
-0.19605
0.781949
0.460095
1.26876
3.644
-0.289014
0.45645
0.416175
-0.67215
0.397841
0.435668
1.19084
3.59015
-0.323892
0.170533
0.156633
-0.956133
0.427159
0.476623
1.10572
3.64898
-0.323892
0.0940667
0.2249
-0.951733
0.395131
0.521364
1.14896
3.7268
-0.289014
0.245625
0.583575
-0.65985
0.352765
0.498636
1.37549
3.53232
-0.20481
0.892325
0.2316
-0.212975
0.114391
0.920568
1.33524
3.52436
-0.289014
0.5841
0.152325
-0.68275
0.160235
0.916384
1.26876
3.644
-0.289014
0.45645
0.416175
-0.67215
0.160235
0.979267
1.30103
3.66631
-0.20481
0.6892
0.6258
-0.20505
0.114391
0.990991
1.33524
3.52436
-0.289014
0.5841
0.152325
-0.68275
0.462977
0.400724
1.23808
3.50514
-0.323892
0.213733
0.0562
-0.9597
0.47344
0.451794
1.19084
3.59015
-0.323892
0.170533
0.156633
-0.956133
0.427159
0.476623
1.26876
3.644
-0.289014
0.45645
0.416175
-0.67215
0.397841
0.435668
1.37549
3.38361
-0.20481
0.892325
-0.2316
-0.212975
0.114391
0.842404
1.33524
3.39157
-0.289014
0.5841
-0.152325
-0.68275
0.160235
0.846588
1.33524
3.52436
-0.289014
0.5841
0.152325
-0.68275
0.160235
0.916384
1.37549
3.53232
-0.20481
0.892325
0.2316
-0.212975
0.114391
0.920568
1.33524
3.39157
-0.289014
0.5841
-0.152325
-0.68275
0.535273
0.400724
1.23808
3.41079
-0.323892
0.213733
-0.0562
-0.9597
0.524809
0.451794
1.23808
3.50514
-0.323892
0.213733
0.0562
-0.9597
0.47344
0.451794
1.33524
3.52436
-0.289014
0.5841
0.152325
-0.68275
0.462977
0.400724
1.30103
3.24962
-0.20481
0.6892
-0.6258
-0.20505
0.114391
0.77198
1.26876
3.27193
-0.289014
0.45645
-0.416175
-0.67215
0.160235
0.783704
1.33524
3.39157
-0.289014
0.5841
-0.152325
-0.68275
0.160235
0.846588
1.37549
3.38361
-0.20481
0.892325
-0.2316
-0.212975
0.114391
0.842404
1.26876
3.27193
-0.289014
0.45645
-0.416175
-0.67215
0.600409
0.435668
1.19084
3.32578
-0.323892
0.170533
-0.156633
-0.956133
0.571091
0.476623
1.23808
3.41079
-0.323892
0.213733
-0.0562
-0.9597
0.524809
0.451794
1.33524
3.39157
-0.289014
0.5841
-0.152325
-0.68275
0.535273
0.400724
1.16687
3.1569
-0.20481
0.3657
-0.865825
-0.19605
0.94817
0.573052
1.14896
3.18914
-0.289014
0.245625
-0.583575
-0.65985
0.994014
0.567209
1.26876
3.27193
-0.289014
0.45645
-0.416175
-0.67215
0.994014
0.637595
1.30103
3.24962
-0.20481
0.6892
-0.6258
-0.20505
0.94817
0.651878
1.14896
3.18914
-0.289014
0.245625
-0.583575
-0.65985
0.645485
0.498636
1.10572
3.26695
-0.323892
0.0940667
-0.2249
-0.951733
0.603119
0.521364
1.19084
3.32578
-0.323892
0.170533
-0.156633
-0.956133
0.571091
0.476623
1.26876
3.27193
-0.289014
0.45645
-0.416175
-0.67215
0.600409
0.435668
0.999573
3.12381
-0.20481
0
-0.94325
-0.19235
0.94817
0.483416
0.999573
3.15959
-0.289014
0
-0.63945
-0.6547
0.994014
0.48717
1.14896
3.18914
-0.289014
0.245625
-0.583575
-0.65985
0.994014
0.567209
1.16687
3.1569
-0.20481
0.3657
-0.865825
-0.19605
0.94817
0.573052
0.999573
3.15959
-0.289014
0
-0.63945
-0.6547
0.661572
0.577155
0.999573
3.24596
-0.323892
0
-0.248933
-0.9498
0.61455
0.577155
1.10572
3.26695
-0.323892
0.0940667
-0.2249
-0.951733
0.603119
0.521364
1.14896
3.18914
-0.289014
0.245625
-0.583575
-0.65985
0.645485
0.498636
0.832274
3.1569
-0.20481
-0.3657
-0.865825
-0.19605
0.948171
0.400724
0.850185
3.18914
-0.289014
-0.245625
-0.583575
-0.65985
0.994014
0.413331
0.999573
3.15959
-0.289014
0
-0.63945
-0.6547
0.994014
0.48717
0.999573
3.12381
-0.20481
0
-0.94325
-0.19235
0.94817
0.483416
0.850185
3.18914
-0.289014
-0.245625
-0.583575
-0.65985
0.645485
0.655674
0.893427
3.26695
-0.323892
-0.0940667
-0.2249
-0.951733
0.603119
0.632945
0.999573
3.24596
-0.323892
0
-0.248933
-0.9498
0.61455
0.577155
0.999573
3.15959
-0.289014
0
-0.63945
-0.6547
0.661572
0.577155
0.69811
3.24962
-0.20481
-0.6892
-0.6258
-0.20505
0.548742
0.841549
0.730386
3.27193
-0.289014
-0.45645
-0.416175
-0.67215
0.502899
0.843795
0.850185
3.18914
-0.289014
-0.245625
-0.583575
-0.65985
0.502899
0.77557
0.832274
3.1569
-0.20481
-0.3657
-0.865825
-0.19605
0.548742
0.765144
0.730386
3.27193
-0.289014
-0.45645
-0.416175
-0.67215
0.600409
0.718641
0.808305
3.32578
-0.323892
-0.170533
-0.156633
-0.956133
0.571091
0.677686
0.893427
3.26695
-0.323892
-0.0940667
-0.2249
-0.951733
0.603119
0.632945
0.850185
3.18914
-0.289014
-0.245625
-0.583575
-0.65985
0.645485
0.655674
0.623655
3.38361
-0.20481
-0.892325
-0.2316
-0.212975
0.548742
0.922109
0.663902
3.39157
-0.289014
-0.5841
-0.152325
-0.68275
0.502899
0.915731
0.730386
3.27193
-0.289014
-0.45645
-0.416175
-0.67215
0.502899
0.843795
0.69811
3.24962
-0.20481
-0.6892
-0.6258
-0.20505
0.548742
0.841549
0.663902
3.39157
-0.289014
-0.5841
-0.152325
-0.68275
0.535273
0.753585
0.761066
3.41079
-0.323892
-0.213733
-0.0562
-0.9597
0.524809
0.702515
0.808305
3.32578
-0.323892
-0.170533
-0.156633
-0.956133
0.571091
0.677686
0.730386
3.27193
-0.289014
-0.45645
-0.416175
-0.67215
0.600409
0.718641
0.623655
3.53232
-0.20481
-0.892325
0.2316
-0.212975
0.548742
0.99087
0.663902
3.52436
-0.289014
-0.5841
0.152325
-0.68275
0.502899
0.97713
0.663902
3.39157
-0.289014
-0.5841
-0.152325
-0.68275
0.502899
0.915731
0.623655
3.38361
-0.20481
-0.892325
-0.2316
-0.212975
0.548742
0.922109
0.663902
3.52436
-0.289014
-0.5841
0.152325
-0.68275
0.462977
0.753585
0.761066
3.50514
-0.323892
-0.213733
0.0562
-0.9597
0.47344
0.702515
0.761066
3.41079
-0.323892
-0.213733
-0.0562
-0.9597
0.524809
0.702515
0.663902
3.39157
-0.289014
-0.5841
-0.152325
-0.68275
0.535273
0.753585
0.69811
3.66631
-0.20481
-0.6892
0.6258
-0.20505
0.781949
0.711249
0.730386
3.644
-0.289014
-0.45645
0.416175
-0.67215
0.827793
0.696966
0.663902
3.52436
-0.289014
-0.5841
0.152325
-0.68275
0.827793
0.743758
0.623655
3.53232
-0.20481
-0.892325
0.2316
-0.212975
0.781949
0.763651
0.730386
3.644
-0.289014
-0.45645
0.416175
-0.67215
0.397841
0.718641
0.808305
3.59015
-0.323892
-0.170533
0.156633
-0.956133
0.427159
0.677686
0.761066
3.50514
-0.323892
-0.213733
0.0562
-0.9597
0.47344
0.702515
0.663902
3.52436
-0.289014
-0.5841
0.152325
-0.68275
0.462977
0.753585
0.832274
3.75903
-0.20481
-0.3657
0.865825
-0.19605
0.781949
0.632423
0.850185
3.7268
-0.289014
-0.245625
0.583575
-0.65985
0.827793
0.62658
0.730386
3.644
-0.289014
-0.45645
0.416175
-0.67215
0.827793
0.696966
0.69811
3.66631
-0.20481
-0.6892
0.6258
-0.20505
0.781949
0.711249
0.850185
3.7268
-0.289014
-0.245625
0.583575
-0.65985
0.352765
0.655674
0.893427
3.64898
-0.323892
-0.0940667
0.2249
-0.951733
0.395131
0.632945
0.808305
3.59015
-0.323892
-0.170533
0.156633
-0.956133
0.427159
0.677686
0.730386
3.644
-0.289014
-0.45645
0.416175
-0.67215
0.397841
0.718641
0.999573
3.79212
-0.20481
0
0.94325
-0.19235
0.781949
0.542787
0.999573
3.75635
-0.289014
0
0.63945
-0.6547
0.827793
0.546541
0.850185
3.7268
-0.289014
-0.245625
0.583575
-0.65985
0.827793
0.62658
0.832274
3.75903
-0.20481
-0.3657
0.865825
-0.19605
0.781949
0.632423
0.999573
3.75635
-0.289014
0
0.63945
-0.6547
0.336678
0.577155
0.999573
3.66998
-0.323892
0
0.248933
-0.9498
0.3837
0.577155
0.893427
3.64898
-0.323892
-0.0940667
0.2249
-0.951733
0.395131
0.632945
0.850185
3.7268
-0.289014
-0.245625
0.583575
-0.65985
0.352765
0.655674
1.10572
3.64898
-0.323892
0.0940667
0.2249
-0.951733
0.395131
0.521364
1.19084
3.59015
-0.323892
0.170533
0.156633
-0.956133
0.427159
0.476623
1.23808
3.50514
-0.323892
0.213733
0.0562
-0.9597
0.47344
0.451794
1.23808
3.41079
-0.323892
0.213733
-0.0562
-0.9597
0.524809
0.451794
1.19084
3.32578
-0.323892
0.170533
-0.156633
-0.956133
0.571091
0.476623
1.10572
3.26695
-0.323892
0.0940667
-0.2249
-0.951733
0.603119
0.521364
0.999573
3.24596
-0.323892
0
-0.248933
-0.9498
0.61455
0.577155
0.893427
3.26695
-0.323892
-0.0940667
-0.2249
-0.951733
0.603119
0.632945
0.808305
3.32578
-0.323892
-0.170533
-0.156633
-0.956133
0.571091
0.677686
0.761066
3.41079
-0.323892
-0.213733
-0.0562
-0.9597
0.524809
0.702515
0.761066
3.50514
-0.323892
-0.213733
0.0562
-0.9597
0.47344
0.702515
0.808305
3.59015
-0.323892
-0.170533
0.156633
-0.956133
0.427159
0.677686
0.893427
3.64898
-0.323892
-0.0940667
0.2249
-0.951733
0.395131
0.632945
0.999573
3.66998
-0.323892
0
0.248933
-0.9498
0.3837
0.577155
