1.6915
3.94387
-0
0.2777
0.59355
0.25
0.108201
0.574698
1.6915
3.94387
0.233735
0.277875
0.39335
0.501475
0.205073
0.574698
1.75449
3.79232
0.227329
0.652633
0.2967
0.3294
0.202418
0.633108
1.75449
3.79232
-0
0.6043
0.280233
0.333333
0.108201
0.633108
1.62089
3.65194
0.253958
0.060425
0.081225
0.98995
0.463714
0.082021
1.62775
3.45022
0.273192
0.069775
0.025225
0.9936
0.39846
0.091621
1.87772
3.45022
0.227329
0.546
-0.04745
0.494125
0.385172
0.003657
1.85056
3.60529
0.227329
0.543775
0.1867
0.493425
0.436451
0.004002
0.465579
3.60529
0.257404
-0.05785
0.10435
0.990475
0.511352
0.490734
0.497157
3.79232
0.215289
-0.044175
0.578875
0.492625
0.570328
0.468233
0.346082
3.77037
0.228023
-0.384433
0.470633
0.329633
0.571308
0.522699
0.297425
3.60529
0.231547
-0.5263
0.15595
0.495475
0.520478
0.549812
0.822568
3.10812
-0
0
-1
0
0.690049
0.329413
1.01031
3.10812
-0
0
-0.5
0.5
0.690049
0.262525
1.01031
3.10812
0.236953
-0.0122
-0.377
0.664733
0.788255
0.262525
0.822568
3.10812
0.236953
0
-0.5467
0.4978
0.788255
0.329413
0.497157
3.79232
-0
-0.0456
0.9941
0
0.680738
0.94206
0.346082
3.77037
-0
-0.5515
0.63615
0
0.680738
0.996343
0.346082
3.77037
0.228023
-0.384433
0.470633
0.329633
0.586233
0.996343
0.497157
3.79232
0.215289
-0.044175
0.578875
0.492625
0.591511
0.94206
0.822568
3.79023
-0
-0.0693
0.9973
0
0.680738
0.826562
0.668206
3.78332
-0
0.00395
0.9988
0
0.680738
0.881578
0.668206
3.78332
0.230632
-0.021825
0.5742
0.4934
0.585151
0.881578
0.822568
3.79023
0.246577
-0.046775
0.549175
0.49695
0.578543
0.826562
1.73672
3.13876
-0
0.367367
-0.464667
0.333333
0.108201
0.849894
1.87772
3.45022
-0
0.632
-0.0799667
0.333333
0.108201
0.762659
1.87772
3.45022
0.227329
0.546
-0.04745
0.494125
0.202418
0.762659
1.73672
3.13876
0.252998
0.4115
-0.470633
0.330333
0.213057
0.849894
0.497157
3.10812
-0
-0.1402
-0.984333
0.00686667
0.690049
0.445351
0.668206
3.10812
-0
0
-1
0
0.690049
0.384409
0.668206
3.10812
0.236953
-0.0176667
-0.393467
0.663467
0.788255
0.384409
0.497157
3.10812
0.233358
-0.094125
-0.53935
0.50995
0.786765
0.445351
1.01031
3.10812
0.236953
-0.0122
-0.377
0.664733
0.788255
0.262525
1.01031
3.10812
-0
0
-0.5
0.5
0.690049
0.262525
1.42194
3.10812
-0
0
-0.5
0.5
0.690049
0.115868
1.42194
3.10812
0.269043
-0.0124
-0.349767
0.666167
0.801555
0.115868
1.57933
3.10812
0.26102
0.080725
-0.5028
0.497725
0.79823
0.059793
1.57933
3.10812
-0
0.0637
-0.660533
0.333333
0.690049
0.059793
1.73672
3.13876
-0
0.367367
-0.464667
0.333333
0.690049
0.003657
1.73672
3.13876
0.252998
0.4115
-0.470633
0.330333
0.794905
0.003657
0.497157
3.10812
0.233358
-0.094125
-0.53935
0.50995
0.350322
0.508934
0.439397
3.45022
0.254682
-0.074625
-0.02355
0.994125
0.462801
0.509213
0.273644
3.45022
0.24447
-0.545125
-0.016675
0.498175
0.471819
0.567437
0.326107
3.15955
0.214738
-0.436233
-0.413767
0.351467
0.368103
0.567437
0.822568
3.10812
0.236953
0
-0.5467
0.4978
0.332565
0.394654
0.822568
3.45022
0.269043
-0.00346667
0.0130667
0.997033
0.441955
0.374616
0.60515
3.45022
0.269043
-0.025125
-0.016725
0.996525
0.453783
0.450989
0.668206
3.10812
0.236953
-0.0176667
-0.393467
0.663467
0.340963
0.448877
0.822568
3.6152
0.258859
-0.014725
0.083675
0.995825
0.495089
0.364758
0.822568
3.79023
0.246577
-0.046775
0.549175
0.49695
0.551486
0.354288
0.668206
3.78332
0.230632
-0.021825
0.5742
0.4934
0.557902
0.408799
0.633732
3.60529
0.255949
-0.035675
0.103175
0.992325
0.502225
0.431656
1.85056
3.60529
-0
0.624833
0.2098
0.333333
0.108201
0.707417
1.75449
3.79232
-0
0.6043
0.280233
0.333333
0.108201
0.633108
1.75449
3.79232
0.227329
0.652633
0.2967
0.3294
0.202418
0.633108
1.85056
3.60529
0.227329
0.543775
0.1867
0.493425
0.202418
0.707417
1.62775
3.45022
0.273192
0.069775
0.025225
0.9936
0.39846
0.091621
1.57933
3.10812
0.26102
0.080725
-0.5028
0.497725
0.291035
0.129011
1.73672
3.13876
0.252998
0.4115
-0.470633
0.330333
0.29243
0.071848
1.87772
3.45022
0.227329
0.546
-0.04745
0.494125
0.385172
0.003657
1.0434
3.62724
0.258859
0.004875
0.090675
0.994725
0.486944
0.286472
1.07084
3.45022
0.269043
-0.008225
-0.006575
0.99785
0.428448
0.287406
1.42194
3.45022
0.264935
-0.010075
0.01465
0.998875
0.409346
0.164076
1.42194
3.69858
0.255942
-0.01235
0.105075
0.99275
0.489305
0.149252
1.07084
3.45022
0.269043
-0.008225
-0.006575
0.99785
0.428448
0.287406
1.01031
3.10812
0.236953
-0.0122
-0.377
0.664733
0.322351
0.328708
1.42194
3.10812
0.269043
-0.0124
-0.349767
0.666167
0.299478
0.184358
1.42194
3.45022
0.264935
-0.010075
0.01465
0.998875
0.409346
0.164076
1.01031
3.80794
-0
-0.195775
0.71715
0.25
0.680738
0.759383
1.01031
3.80794
0.239155
-0.105675
0.547525
0.51185
0.581619
0.759383
1.46076
3.95962
0.200602
-0.0743
0.561025
0.517325
0.597597
0.595038
1.42194
3.97618
-0
-0.10036
0.77268
0.2
0.680738
0.608347
0.326107
3.15955
0.214738
-0.436233
-0.413767
0.351467
0.789623
0.531348
0.273644
3.45022
0.24447
-0.545125
-0.016675
0.498175
0.890577
0.513553
0.273644
3.45022
-0
-0.986433
-0.0625333
0.00133333
0.890577
0.635439
0.326107
3.13435
-0
-0.597875
-0.57305
0.00615
0.789623
0.635439
0.297425
3.60529
0.231547
-0.5263
0.15595
0.495475
0.941619
0.518167
0.346082
3.77037
0.228023
-0.384433
0.470633
0.329633
0.996655
0.532137
0.346082
3.77037
-0
-0.5515
0.63615
0
0.996655
0.635439
0.297425
3.60529
-0
-0.9738
0.21715
0
0.941619
0.635439
1.0434
3.62724
0.258859
0.004875
0.090675
0.994725
0.486944
0.286472
1.01031
3.80794
0.239155
-0.105675
0.547525
0.51185
0.547071
0.287235
0.822568
3.79023
0.246577
-0.046775
0.549175
0.49695
0.551486
0.354288
0.822568
3.6152
0.258859
-0.014725
0.083675
0.995825
0.495089
0.364758
1.01031
3.10812
0.236953
-0.0122
-0.377
0.664733
0.322351
0.328708
1.07084
3.45022
0.269043
-0.008225
-0.006575
0.99785
0.428448
0.287406
0.822568
3.45022
0.269043
-0.00346667
0.0130667
0.997033
0.441955
0.374616
0.822568
3.10812
0.236953
0
-0.5467
0.4978
0.332565
0.394654
1.01031
3.80794
-0
-0.195775
0.71715
0.25
0.680738
0.759383
0.822568
3.79023
-0
-0.0693
0.9973
0
0.680738
0.826562
0.822568
3.79023
0.246577
-0.046775
0.549175
0.49695
0.578543
0.826562
1.01031
3.80794
0.239155
-0.105675
0.547525
0.51185
0.581619
0.759383
0.668206
3.10812
-0
0
-1
0
0.690049
0.384409
0.822568
3.10812
-0
0
-1
0
0.690049
0.329413
0.822568
3.10812
0.236953
0
-0.5467
0.4978
0.788255
0.329413
0.668206
3.10812
0.236953
-0.0176667
-0.393467
0.663467
0.788255
0.384409
1.07084
3.45022
0.269043
-0.008225
-0.006575
0.99785
0.428448
0.287406
1.0434
3.62724
0.258859
0.004875
0.090675
0.994725
0.486944
0.286472
0.822568
3.6152
0.258859
-0.014725
0.083675
0.995825
0.495089
0.364758
0.822568
3.45022
0.269043
-0.00346667
0.0130667
0.997033
0.441955
0.374616
0.273644
3.45022
0.24447
-0.545125
-0.016675
0.498175
0.890577
0.513553
0.297425
3.60529
0.231547
-0.5263
0.15595
0.495475
0.941619
0.518167
0.297425
3.60529
-0
-0.9738
0.21715
0
0.941619
0.635439
0.273644
3.45022
-0
-0.986433
-0.0625333
0.00133333
0.890577
0.635439
1.01031
3.80794
0.239155
-0.105675
0.547525
0.51185
0.547071
0.287235
1.0434
3.62724
0.258859
0.004875
0.090675
0.994725
0.486944
0.286472
1.42194
3.69858
0.255942
-0.01235
0.105075
0.99275
0.489305
0.149252
1.46076
3.95962
0.200602
-0.0743
0.561025
0.517325
0.571853
0.119718
1.87772
3.45022
-0
0.632
-0.0799667
0.333333
0.108201
0.762659
1.85056
3.60529
-0
0.624833
0.2098
0.333333
0.108201
0.707417
1.85056
3.60529
0.227329
0.543775
0.1867
0.493425
0.202418
0.707417
1.87772
3.45022
0.227329
0.546
-0.04745
0.494125
0.202418
0.762659
0.822568
3.45022
0.269043
-0.00346667
0.0130667
0.997033
0.441955
0.374616
0.822568
3.6152
0.258859
-0.014725
0.083675
0.995825
0.495089
0.364758
0.633732
3.60529
0.255949
-0.035675
0.103175
0.992325
0.502225
0.431656
0.60515
3.45022
0.269043
-0.025125
-0.016725
0.996525
0.453783
0.450989
0.439397
3.45022
0.254682
-0.074625
-0.02355
0.994125
0.462801
0.509213
0.465579
3.60529
0.257404
-0.05785
0.10435
0.990475
0.511352
0.490734
0.297425
3.60529
0.231547
-0.5263
0.15595
0.495475
0.520478
0.549812
0.273644
3.45022
0.24447
-0.545125
-0.016675
0.498175
0.471819
0.567437
1.6915
3.94387
0.233735
0.277875
0.39335
0.501475
0.553747
0.039851
1.62089
3.65194
0.253958
0.060425
0.081225
0.98995
0.463714
0.082021
1.85056
3.60529
0.227329
0.543775
0.1867
0.493425
0.436451
0.004002
1.75449
3.79232
0.227329
0.652633
0.2967
0.3294
0.501744
0.02666
1.46076
3.95962
0.200602
-0.0743
0.561025
0.517325
0.571853
0.119718
1.42194
3.69858
0.255942
-0.01235
0.105075
0.99275
0.489305
0.149252
1.62089
3.65194
0.253958
0.060425
0.081225
0.98995
0.463714
0.082021
1.6915
3.94387
0.233735
0.277875
0.39335
0.501475
0.553747
0.039851
1.42194
3.45022
0.264935
-0.010075
0.01465
0.998875
0.409346
0.164076
1.42194
3.10812
0.269043
-0.0124
-0.349767
0.666167
0.299478
0.184358
1.57933
3.10812
0.26102
0.080725
-0.5028
0.497725
0.291035
0.129011
1.62775
3.45022
0.273192
0.069775
0.025225
0.9936
0.39846
0.091621
1.42194
3.10812
0.269043
-0.0124
-0.349767
0.666167
0.801555
0.115868
1.42194
3.10812
-0
0
-0.5
0.5
0.690049
0.115868
1.57933
3.10812
-0
0.0637
-0.660533
0.333333
0.690049
0.059793
1.57933
3.10812
0.26102
0.080725
-0.5028
0.497725
0.79823
0.059793
1.42194
3.69858
0.255942
-0.01235
0.105075
0.99275
0.489305
0.149252
1.42194
3.45022
0.264935
-0.010075
0.01465
0.998875
0.409346
0.164076
1.62775
3.45022
0.273192
0.069775
0.025225
0.9936
0.39846
0.091621
1.62089
3.65194
0.253958
0.060425
0.081225
0.98995
0.463714
0.082021
1.42194
3.97618
-0
-0.10036
0.77268
0.2
0.680738
0.608347
1.46076
3.95962
0.200602
-0.0743
0.561025
0.517325
0.597597
0.595038
1.6915
3.94387
0.233735
0.277875
0.39335
0.501475
0.583866
0.513553
1.6915
3.94387
-0
0.2777
0.59355
0.25
0.680738
0.513553
0.60515
3.45022
0.269043
-0.025125
-0.016725
0.996525
0.453783
0.450989
0.633732
3.60529
0.255949
-0.035675
0.103175
0.992325
0.502225
0.431656
0.465579
3.60529
0.257404
-0.05785
0.10435
0.990475
0.511352
0.490734
0.439397
3.45022
0.254682
-0.074625
-0.02355
0.994125
0.462801
0.509213
0.668206
3.10812
0.236953
-0.0176667
-0.393467
0.663467
0.340963
0.448877
0.60515
3.45022
0.269043
-0.025125
-0.016725
0.996525
0.453783
0.450989
0.439397
3.45022
0.254682
-0.074625
-0.02355
0.994125
0.462801
0.509213
0.497157
3.10812
0.233358
-0.094125
-0.53935
0.50995
0.350322
0.508934
0.326107
3.13435
-0
-0.597875
-0.57305
0.00615
0.690049
0.50624
0.497157
3.10812
-0
-0.1402
-0.984333
0.00686667
0.690049
0.445351
0.497157
3.10812
0.233358
-0.094125
-0.53935
0.50995
0.786765
0.445351
0.326107
3.15955
0.214738
-0.436233
-0.413767
0.351467
0.785276
0.50624
0.668206
3.78332
-0
0.00395
0.9988
0
0.680738
0.881578
0.497157
3.79232
-0
-0.0456
0.9941
0
0.680738
0.94206
0.497157
3.79232
0.215289
-0.044175
0.578875
0.492625
0.591511
0.94206
0.668206
3.78332
0.230632
-0.021825
0.5742
0.4934
0.585151
0.881578
0.633732
3.60529
0.255949
-0.035675
0.103175
0.992325
0.502225
0.431656
0.668206
3.78332
0.230632
-0.021825
0.5742
0.4934
0.557902
0.408799
0.497157
3.79232
0.215289
-0.044175
0.578875
0.492625
0.570328
0.468233
0.465579
3.60529
0.257404
-0.05785
0.10435
0.990475
0.511352
0.490734
1.01031
3.10812
-0
0
-0.5
0.5
0.571853
0.883743
1.42194
3.10812
-0
0
-0.5
0.5
0.43769
0.883803
1.42194
3.45022
-0
0
0
1
0.43769
0.762006
1.07084
3.45022
-0
0
0
1
0.552123
0.761956
1.6915
3.94387
-0
0.2777
0.59355
0.25
0.108201
0.574698
1.75449
3.79232
-0
0.6043
0.280233
0.333333
0.108201
0.633108
1.75449
3.79232
-0.227329
0.651633
0.296233
-0.329567
0.013984
0.633108
1.6915
3.94387
-0.233735
0.27745
0.392675
-0.501675
0.011329
0.574698
1.62089
3.65194
-0.253338
0.0627
0.06645
-0.991825
0.175947
0.489098
1.85056
3.60529
-0.227329
0.535125
0.17685
-0.495125
0.148655
0.567113
1.87772
3.45022
-0.227329
0.52955
-0.0494
-0.496725
0.097411
0.567385
1.62775
3.45022
-0.259888
0.075875
0.021175
-0.99605
0.110713
0.479384
0.465579
3.60529
-0.257405
0.000874999
0.133025
-0.98905
0.224183
0.080463
0.297425
3.60529
-0.25886
-0.4783
0.175
-0.494425
0.2334
0.021402
0.346082
3.77037
-0.228023
-0.357633
0.4895
-0.3267
0.284344
0.048687
0.497157
3.79232
-0.215289
-0.024075
0.593025
-0.490425
0.283351
0.103185
0.822568
3.10812
-0
0
-1
0
0.690049
0.329413
0.822568
3.10812
-0.236953
0
-0.5467
-0.4978
0.591843
0.329413
1.01031
3.10812
-0.236953
-0.014
-0.378833
-0.6646
0.591843
0.262525
1.01031
3.10812
-0
0
-0.5
0.5
0.690049
0.262525
0.497157
3.79232
-0
-0.0456
0.9941
0
0.680738
0.94206
0.497157
3.79232
-0.215289
-0.024075
0.593025
-0.490425
0.769965
0.94206
0.346082
3.77037
-0.228023
-0.357633
0.4895
-0.3267
0.775243
0.996343
0.346082
3.77037
-0
-0.5515
0.63615
0
0.680738
0.996343
0.822568
3.79023
-0
-0.0693
0.9973
0
0.680738
0.826562
0.822568
3.79023
-0.246577
-0.046775
0.549175
-0.49695
0.782933
0.826562
0.668206
3.78332
-0.230633
-0.021825
0.5742
-0.4934
0.776324
0.881578
0.668206
3.78332
-0
0.00395
0.9988
0
0.680738
0.881578
1.73672
3.13876
-0
0.367367
-0.464667
0.333333
0.108201
0.849894
1.73672
3.13876
-0.252998
0.4001
-0.460567
-0.3317
0.003345
0.849894
1.87772
3.45022
-0.227329
0.52955
-0.0494
-0.496725
0.013984
0.762659
1.87772
3.45022
-0
0.632
-0.0799667
0.333333
0.108201
0.762659
1.0434
3.62724
-0
0
0
1
0.561066
0.698928
1.42194
3.69858
-0
0
0
1
0.43769
0.673583
1.42194
3.97618
-0
-0.10036
0.77268
0.2
0.43769
0.57475
1.01031
3.80794
-0
-0.195775
0.71715
0.25
0.571853
0.63459
0.497157
3.10812
-0
-0.1402
-0.984333
0.00686667
0.690049
0.445351
0.497157
3.10812
-0.233359
-0.05825
-0.55015
-0.50535
0.593333
0.445351
0.668206
3.10812
-0.236953
-0.00353333
-0.397933
-0.6635
0.591843
0.384409
0.668206
3.10812
-0
0
-1
0
0.690049
0.384409
1.01031
3.10812
-0.236953
-0.014
-0.378833
-0.6646
0.591843
0.262525
1.42194
3.10812
-0.269043
0.00173333
-0.348267
-0.6657
0.578543
0.115868
1.42194
3.10812
-0
0
-0.5
0.5
0.690049
0.115868
1.01031
3.10812
-0
0
-0.5
0.5
0.690049
0.262525
1.57933
3.10812
-0.261021
0.084125
-0.49275
-0.4985
0.581868
0.059793
1.73672
3.13876
-0.252998
0.4001
-0.460567
-0.3317
0.585193
0.003657
1.73672
3.13876
-0
0.367367
-0.464667
0.333333
0.690049
0.003657
1.57933
3.10812
-0
0.0637
-0.660533
0.333333
0.690049
0.059793
0.497157
3.10812
-0.233359
-0.05825
-0.55015
-0.50535
0.063451
0.062113
0.326107
3.15046
-0.229764
-0.4027
-0.422833
-0.343967
0.081347
0.003657
0.273644
3.45022
-0.269043
-0.498875
-0.016875
-0.49885
0.184739
0.003677
0.439397
3.45022
-0.269043
-0.006925
-0.018125
-0.99545
0.175623
0.061879
0.822568
3.10812
-0.236953
0
-0.5467
-0.4978
0.045478
0.176338
0.668206
3.10812
-0.236953
-0.00353333
-0.397933
-0.6635
0.053967
0.122135
0.60515
3.45022
-0.269043
-0.0038
-0.01045
-0.996175
0.166508
0.120081
0.822568
3.45022
-0.269043
-0.00346667
0.0130667
-0.997033
0.15455
0.196425
0.822568
3.6152
-0.25886
-0.014725
0.083675
-0.995825
0.207697
0.206392
0.633732
3.60529
-0.255949
-0.02495
0.1128
-0.99195
0.214966
0.139525
0.668206
3.78332
-0.230633
-0.021825
0.5742
-0.4934
0.270727
0.162542
0.822568
3.79023
-0.246577
-0.046775
0.549175
-0.49695
0.264116
0.216983
1.57933
3.10812
-0
0.0637
-0.660533
0.333333
0.386393
0.883825
1.73672
3.13876
-0
0.367367
-0.464667
0.333333
0.335095
0.872942
1.87772
3.45022
-0
0.632
-0.0799667
0.333333
0.289138
0.762072
1.62775
3.45022
-0
0
0
1
0.370609
0.762036
1.62089
3.65194
-0
0
0
1
0.372845
0.690219
1.85056
3.60529
-0
0.624833
0.2098
0.333333
0.297989
0.70686
1.75449
3.79232
-0
0.6043
0.280233
0.333333
0.329301
0.640258
1.6915
3.94387
-0
0.2777
0.59355
0.25
0.349831
0.586294
1.85056
3.60529
-0
0.624833
0.2098
0.333333
0.108201
0.707417
1.85056
3.60529
-0.227329
0.535125
0.17685
-0.495125
0.013984
0.707417
1.75449
3.79232
-0.227329
0.651633
0.296233
-0.329567
0.013984
0.633108
1.75449
3.79232
-0
0.6043
0.280233
0.333333
0.108201
0.633108
1.62775
3.45022
-0.259888
0.075875
0.021175
-0.99605
0.110713
0.479384
1.87772
3.45022
-0.227329
0.52955
-0.0494
-0.496725
0.097411
0.567385
1.73672
3.13876
-0.252998
0.4001
-0.460567
-0.3317
0.004689
0.498985
1.57933
3.10812
-0.261021
0.084125
-0.49275
-0.4985
0.003345
0.441802
1.0434
3.62724
-0.25886
0.00325
0.092975
-0.9946
0.199417
0.284654
1.42194
3.69858
-0.255942
-0.00305
0.10245
-0.9928
0.20155
0.421867
1.42194
3.45022
-0.269043
0.0095
0.013475
-0.9985
0.121587
0.406887
1.07084
3.45022
-0.269043
-0.0112
-0.00565
-0.997625
0.140896
0.283602
1.07084
3.45022
-0.269043
-0.0112
-0.00565
-0.997625
0.140896
0.283602
1.42194
3.45022
-0.269043
0.0095
0.013475
-0.9985
0.121587
0.406887
1.42194
3.10812
-0.269043
0.00173333
-0.348267
-0.6657
0.01183
0.386449
1.01031
3.10812
-0.236953
-0.014
-0.378833
-0.6646
0.035153
0.242259
1.01031
3.80794
-0
-0.195775
0.71715
0.25
0.680738
0.759383
1.42194
3.97618
-0
-0.10036
0.77268
0.2
0.680738
0.608347
1.46076
3.95962
-0.200603
-0.073975
0.5607
-0.5174
0.763878
0.595038
1.01031
3.80794
-0.239156
-0.105675
0.547525
-0.51185
0.779857
0.759383
0.326107
3.15046
-0.229764
-0.4027
-0.422833
-0.343967
0.789623
0.739529
0.326107
3.13435
-0
-0.597875
-0.57305
0.00615
0.789623
0.635439
0.273644
3.45022
-0
-0.986433
-0.0625333
0.00133333
0.890577
0.635439
0.273644
3.45022
-0.269043
-0.498875
-0.016875
-0.49885
0.890577
0.757324
0.297425
3.60529
-0.25886
-0.4783
0.175
-0.494425
0.941619
0.752711
0.297425
3.60529
-0
-0.9738
0.21715
0
0.941619
0.635439
0.346082
3.77037
-0
-0.5515
0.63615
0
0.996655
0.635439
0.346082
3.77037
-0.228023
-0.357633
0.4895
-0.3267
0.996655
0.738741
1.0434
3.62724
-0.25886
0.00325
0.092975
-0.9946
0.199417
0.284654
0.822568
3.6152
-0.25886
-0.014725
0.083675
-0.995825
0.207697
0.206392
0.822568
3.79023
-0.246577
-0.046775
0.549175
-0.49695
0.264116
0.216983
1.01031
3.80794
-0.239156
-0.105675
0.547525
-0.51185
0.259632
0.284044
1.01031
3.10812
-0.236953
-0.014
-0.378833
-0.6646
0.035153
0.242259
0.822568
3.10812
-0.236953
0
-0.5467
-0.4978
0.045478
0.176338
0.822568
3.45022
-0.269043
-0.00346667
0.0130667
-0.997033
0.15455
0.196425
1.07084
3.45022
-0.269043
-0.0112
-0.00565
-0.997625
0.140896
0.283602
1.01031
3.80794
-0
-0.195775
0.71715
0.25
0.680738
0.759383
1.01031
3.80794
-0.239156
-0.105675
0.547525
-0.51185
0.779857
0.759383
0.822568
3.79023
-0.246577
-0.046775
0.549175
-0.49695
0.782933
0.826562
0.822568
3.79023
-0
-0.0693
0.9973
0
0.680738
0.826562
0.668206
3.10812
-0
0
-1
0
0.690049
0.384409
0.668206
3.10812
-0.236953
-0.00353333
-0.397933
-0.6635
0.591843
0.384409
0.822568
3.10812
-0.236953
0
-0.5467
-0.4978
0.591843
0.329413
0.822568
3.10812
-0
0
-1
0
0.690049
0.329413
1.07084
3.45022
-0.269043
-0.0112
-0.00565
-0.997625
0.140896
0.283602
0.822568
3.45022
-0.269043
-0.00346667
0.0130667
-0.997033
0.15455
0.196425
0.822568
3.6152
-0.25886
-0.014725
0.083675
-0.995825
0.207697
0.206392
1.0434
3.62724
-0.25886
0.00325
0.092975
-0.9946
0.199417
0.284654
0.273644
3.45022
-0.269043
-0.498875
-0.016875
-0.49885
0.890577
0.757324
0.273644
3.45022
-0
-0.986433
-0.0625333
0.00133333
0.890577
0.635439
0.297425
3.60529
-0
-0.9738
0.21715
0
0.941619
0.635439
0.297425
3.60529
-0.25886
-0.4783
0.175
-0.494425
0.941619
0.752711
1.01031
3.80794
-0.239156
-0.105675
0.547525
-0.51185
0.259632
0.284044
1.46076
3.95962
-0.200603
-0.073975
0.5607
-0.5174
0.284344
0.451699
1.42194
3.69858
-0.255942
-0.00305
0.10245
-0.9928
0.20155
0.421867
1.0434
3.62724
-0.25886
0.00325
0.092975
-0.9946
0.199417
0.284654
1.87772
3.45022
-0
0.632
-0.0799667
0.333333
0.108201
0.762659
1.87772
3.45022
-0.227329
0.52955
-0.0494
-0.496725
0.013984
0.762659
1.85056
3.60529
-0.227329
0.535125
0.17685
-0.495125
0.013984
0.707417
1.85056
3.60529
-0
0.624833
0.2098
0.333333
0.108201
0.707417
1.62775
3.45022
-0
0
0
1
0.370609
0.762036
1.87772
3.45022
-0
0.632
-0.0799667
0.333333
0.289138
0.762072
1.85056
3.60529
-0
0.624833
0.2098
0.333333
0.297989
0.70686
1.62089
3.65194
-0
0
0
1
0.372845
0.690219
0.822568
3.45022
-0.269043
-0.00346667
0.0130667
-0.997033
0.15455
0.196425
0.60515
3.45022
-0.269043
-0.0038
-0.01045
-0.996175
0.166508
0.120081
0.633732
3.60529
-0.255949
-0.02495
0.1128
-0.99195
0.214966
0.139525
0.822568
3.6152
-0.25886
-0.014725
0.083675
-0.995825
0.207697
0.206392
1.07084
3.45022
-0
0
0
1
0.552123
0.761956
1.42194
3.45022
-0
0
0
1
0.43769
0.762006
1.42194
3.69858
-0
0
0
1
0.43769
0.673583
1.0434
3.62724
-0
0
0
1
0.561066
0.698928
0.439397
3.45022
-0.269043
-0.006925
-0.018125
-0.99545
0.175623
0.061879
0.273644
3.45022
-0.269043
-0.498875
-0.016875
-0.49885
0.184739
0.003677
0.297425
3.60529
-0.25886
-0.4783
0.175
-0.494425
0.2334
0.021402
0.465579
3.60529
-0.257405
0.000874999
0.133025
-0.98905
0.224183
0.080463
1.6915
3.94387
-0.233735
0.27745
0.392675
-0.501675
0.265894
0.531418
1.75449
3.79232
-0.227329
0.651633
0.296233
-0.329567
0.213945
0.544553
1.85056
3.60529
-0.227329
0.535125
0.17685
-0.495125
0.148655
0.567113
1.62089
3.65194
-0.253338
0.0627
0.06645
-0.991825
0.175947
0.489098
1.46076
3.95962
-0.200603
-0.073975
0.5607
-0.5174
0.284344
0.451699
1.6915
3.94387
-0.233735
0.27745
0.392675
-0.501675
0.265894
0.531418
1.62089
3.65194
-0.253338
0.0627
0.06645
-0.991825
0.175947
0.489098
1.42194
3.69858
-0.255942
-0.00305
0.10245
-0.9928
0.20155
0.421867
1.42194
3.45022
-0
0
0
1
0.43769
0.762006
1.62775
3.45022
-0
0
0
1
0.370609
0.762036
1.62089
3.65194
-0
0
0
1
0.372845
0.690219
1.42194
3.69858
-0
0
0
1
0.43769
0.673583
1.42194
3.45022
-0.269043
0.0095
0.013475
-0.9985
0.121587
0.406887
1.62775
3.45022
-0.259888
0.075875
0.021175
-0.99605
0.110713
0.479384
1.57933
3.10812
-0.261021
0.084125
-0.49275
-0.4985
0.003345
0.441802
1.42194
3.10812
-0.269043
0.00173333
-0.348267
-0.6657
0.01183
0.386449
1.42194
3.69858
-0
0
0
1
0.43769
0.673583
1.62089
3.65194
-0
0
0
1
0.372845
0.690219
1.6915
3.94387
-0
0.2777
0.59355
0.25
0.349831
0.586294
1.42194
3.97618
-0
-0.10036
0.77268
0.2
0.43769
0.57475
1.42194
3.10812
-0
0
-0.5
0.5
0.43769
0.883803
1.57933
3.10812
-0
0.0637
-0.660533
0.333333
0.386393
0.883825
1.62775
3.45022
-0
0
0
1
0.370609
0.762036
1.42194
3.45022
-0
0
0
1
0.43769
0.762006
1.42194
3.10812
-0.269043
0.00173333
-0.348267
-0.6657
0.578543
0.115868
1.57933
3.10812
-0.261021
0.084125
-0.49275
-0.4985
0.581868
0.059793
1.57933
3.10812
-0
0.0637
-0.660533
0.333333
0.690049
0.059793
1.42194
3.10812
-0
0
-0.5
0.5
0.690049
0.115868
1.42194
3.69858
-0.255942
-0.00305
0.10245
-0.9928
0.20155
0.421867
1.62089
3.65194
-0.253338
0.0627
0.06645
-0.991825
0.175947
0.489098
1.62775
3.45022
-0.259888
0.075875
0.021175
-0.99605
0.110713
0.479384
1.42194
3.45022
-0.269043
0.0095
0.013475
-0.9985
0.121587
0.406887
1.42194
3.97618
-0
-0.10036
0.77268
0.2
0.680738
0.608347
1.6915
3.94387
-0
0.2777
0.59355
0.25
0.680738
0.513553
1.6915
3.94387
-0.233735
0.27745
0.392675
-0.501675
0.77761
0.513553
1.46076
3.95962
-0.200603
-0.073975
0.5607
-0.5174
0.763878
0.595038
0.60515
3.45022
-0.269043
-0.0038
-0.01045
-0.996175
0.166508
0.120081
0.439397
3.45022
-0.269043
-0.006925
-0.018125
-0.99545
0.175623
0.061879
0.465579
3.60529
-0.257405
0.000874999
0.133025
-0.98905
0.224183
0.080463
0.633732
3.60529
-0.255949
-0.02495
0.1128
-0.99195
0.214966
0.139525
0.668206
3.10812
-0.236953
-0.00353333
-0.397933
-0.6635
0.053967
0.122135
0.497157
3.10812
-0.233359
-0.05825
-0.55015
-0.50535
0.063451
0.062113
0.439397
3.45022
-0.269043
-0.006925
-0.018125
-0.99545
0.175623
0.061879
0.60515
3.45022
-0.269043
-0.0038
-0.01045
-0.996175
0.166508
0.120081
0.326107
3.13435
-0
-0.597875
-0.57305
0.00615
0.690049
0.50624
0.326107
3.15046
-0.229764
-0.4027
-0.422833
-0.343967
0.594823
0.50624
0.497157
3.10812
-0.233359
-0.05825
-0.55015
-0.50535
0.593333
0.445351
0.497157
3.10812
-0
-0.1402
-0.984333
0.00686667
0.690049
0.445351
0.668206
3.78332
-0
0.00395
0.9988
0
0.680738
0.881578
0.668206
3.78332
-0.230633
-0.021825
0.5742
-0.4934
0.776324
0.881578
0.497157
3.79232
-0.215289
-0.024075
0.593025
-0.490425
0.769965
0.94206
0.497157
3.79232
-0
-0.0456
0.9941
0
0.680738
0.94206
0.633732
3.60529
-0.255949
-0.02495
0.1128
-0.99195
0.214966
0.139525
0.465579
3.60529
-0.257405
0.000874999
0.133025
-0.98905
0.224183
0.080463
0.497157
3.79232
-0.215289
-0.024075
0.593025
-0.490425
0.283351
0.103185
0.668206
3.78332
-0.230633
-0.021825
0.5742
-0.4934
0.270727
0.162542
