-0.410797
5.74846
0.052474
-0.213233
-0.2562
-0.643933
0.987119
0.003628
-0.271703
5.91559
0.052474
-0.25474
-0.30608
-0.14996
0.987119
0.245466
-0.214831
5.86826
0.072301
-0.12026
-0.41802
-0.10308
0.932287
0.245466
-0.353925
5.70113
0.072301
0.0342333
-0.462167
-0.557667
0.932287
0.003628
-0.353925
5.70113
0.072301
0.0342333
-0.462167
-0.557667
0.932287
0.003628
-0.214831
5.86826
0.072301
-0.12026
-0.41802
-0.10308
0.932287
0.245466
-0.173197
5.83361
0.126467
-0.0218
-0.49996
0.02502
0.868972
0.245466
-0.312291
5.66648
0.126467
0.2154
-0.612933
-0.321967
0.868972
0.003628
-0.312291
5.66648
0.126467
0.2154
-0.612933
-0.321967
0.868972
0.003628
-0.173197
5.83361
0.126467
-0.0218
-0.49996
0.02502
0.868972
0.245466
-0.157958
5.82093
0.200459
0.01424
-0.52996
0.2
0.81414
0.245466
-0.297052
5.6538
0.200459
0.2817
-0.668133
0
0.81414
0.003628
-0.297052
5.6538
0.200459
0.2817
-0.668133
0
0.81414
0.003628
-0.157958
5.82093
0.200459
0.01424
-0.52996
0.2
0.81414
0.245466
-0.173197
5.83361
0.274451
-0.0218
-0.49996
0.37498
0.782483
0.245466
-0.312291
5.66648
0.274451
0.2154
-0.612933
0.321967
0.782483
0.003628
-0.312291
5.66648
0.274451
0.2154
-0.612933
0.321967
0.782483
0.743654
-0.173197
5.83361
0.274451
-0.0218
-0.49996
0.37498
0.782483
0.501815
-0.214831
5.86826
0.328617
-0.12026
-0.41802
0.50308
0.81414
0.501815
-0.353925
5.70113
0.328617
0.0342333
-0.462167
0.557667
0.81414
0.743654
-0.353925
5.70113
0.328617
0.0342333
-0.462167
0.557667
0.81414
0.743654
-0.214831
5.86826
0.328617
-0.12026
-0.41802
0.50308
0.81414
0.501815
-0.271703
5.91559
0.348443
-0.25474
-0.30608
0.54996
0.868972
0.501815
-0.410797
5.74846
0.348443
-0.213233
-0.2562
0.643933
0.868972
0.743653
-0.410797
5.74846
0.348443
-0.213233
-0.2562
0.643933
0.868972
0.743653
-0.271703
5.91559
0.348443
-0.25474
-0.30608
0.54996
0.868972
0.501815
-0.328576
5.96292
0.328617
-0.38922
-0.19414
0.50308
0.932287
0.501815
-0.46767
5.7958
0.328617
-0.4607
-0.0502333
0.557667
0.932287
0.743653
-0.46767
5.7958
0.328617
-0.4607
-0.0502333
0.557667
0.932287
0.743653
-0.328576
5.96292
0.328617
-0.38922
-0.19414
0.50308
0.932287
0.501815
-0.370209
5.99757
0.274451
-0.48768
-0.1122
0.37498
0.987119
0.501815
-0.509303
5.83045
0.274451
-0.641867
0.100533
0.321967
0.987119
0.743653
-0.509303
5.83045
0.274451
-0.641867
0.100533
0.321967
0.987119
0.252721
-0.370209
5.99757
0.274451
-0.48768
-0.1122
0.37498
0.987119
0.49456
-0.385448
6.01026
0.200459
-0.52372
-0.0822
0.2
0.932287
0.49456
-0.524542
5.84313
0.200459
-0.708167
0.155733
0
0.932287
0.252721
-0.524542
5.84313
0.200459
-0.708167
0.155733
0
0.932287
0.252721
-0.385448
6.01026
0.200459
-0.52372
-0.0822
0.2
0.932287
0.49456
-0.370209
5.99757
0.126467
-0.48768
-0.1122
0.02502
0.868972
0.49456
-0.509303
5.83045
0.126467
-0.641867
0.100533
-0.321967
0.868972
0.252721
-0.368139
6.03106
0.200459
0.57968
0.03564
0.2
0
0
-0.3529
6.01837
0.126467
0.53616
0.07188
0.41138
0
0
-0.3529
6.01837
0.126467
0.53616
0.07188
0.41138
0
0
-0.368139
6.03106
0.200459
0.57968
0.03564
0.2
0
0
-0.509303
5.83045
0.126467
-0.641867
0.100533
-0.321967
0.868972
0.252721
-0.370209
5.99757
0.126467
-0.48768
-0.1122
0.02502
0.868972
0.49456
-0.328576
5.96292
0.072301
-0.38922
-0.19414
-0.10308
0.81414
0.49456
-0.46767
5.7958
0.072301
-0.4607
-0.0502333
-0.557667
0.81414
0.252721
-0.46767
5.7958
0.072301
-0.4607
-0.0502333
-0.557667
0.81414
0.252721
-0.328576
5.96292
0.072301
-0.38922
-0.19414
-0.10308
0.81414
0.49456
-0.271703
5.91559
0.052474
-0.25474
-0.30608
-0.14996
0.782483
0.49456
-0.410797
5.74846
0.052474
-0.213233
-0.2562
-0.643933
0.782483
0.252721
-0.410797
5.74846
0.052474
-0.213233
-0.2562
-0.643933
0.153473
0.532705
-0.353925
5.70113
0.072301
0.0342333
-0.462167
-0.557667
0.208305
0.564001
-0.312291
5.66648
0.126467
0.2154
-0.612933
-0.321967
0.239963
0.618208
-0.297052
5.6538
0.200459
0.2817
-0.668133
0
0.239963
0.6808
-0.312291
5.66648
0.274451
0.2154
-0.612933
0.321967
0.208305
0.735007
-0.353925
5.70113
0.328617
0.0342333
-0.462167
0.557667
0.153473
0.766303
-0.410797
5.74846
0.348443
-0.213233
-0.2562
0.643933
0.090159
0.766303
-0.46767
5.7958
0.328617
-0.4607
-0.0502333
0.557667
0.035327
0.735007
-0.509303
5.83045
0.274451
-0.641867
0.100533
0.321967
0.003669
0.6808
-0.524542
5.84313
0.200459
-0.708167
0.155733
0
0.003669
0.618208
-0.509303
5.83045
0.126467
-0.641867
0.100533
-0.321967
0.035327
0.564001
-0.46767
5.7958
0.072301
-0.4607
-0.0502333
-0.557667
0.090159
0.532705
-0.3529
6.01837
0.274451
0.53616
0.07188
-0.01138
0.167145
0.890357
-0.311266
5.98372
0.328617
0.41722
0.17086
-0.16614
0.167145
0.827765
-0.317535
5.97619
0.328617
0.3712
-0.30895
-0.8365
0.178171
0.827765
-0.359169
6.01084
0.274451
0.64295
-0.5351
-0.48295
0.178171
0.890357
-0.197521
5.88906
0.072301
0.09226
0.4413
0.56612
0
0
-0.155887
5.85441
0.126467
-0.02668
0.54028
0.41138
0
0
-0.155887
5.85441
0.126467
-0.02668
0.54028
0.41138
0
0
-0.197521
5.88906
0.072301
0.09226
0.4413
0.56612
0
0
-0.3529
6.01837
0.274451
0.53616
0.07188
-0.01138
0
0
-0.368139
6.03106
0.200459
0.57968
0.03564
0.2
0
0
-0.368139
6.03106
0.200459
0.57968
0.03564
0.2
0
0
-0.3529
6.01837
0.274451
0.53616
0.07188
-0.01138
0
0
-0.370209
5.99757
0.126467
-0.48768
-0.1122
0.02502
0
0
-0.385448
6.01026
0.200459
-0.52372
-0.0822
0.2
0
0
-0.385448
6.01026
0.200459
-0.52372
-0.0822
0.2
0
0
-0.370209
5.99757
0.126467
-0.48768
-0.1122
0.02502
0
0
-0.214831
5.86826
0.328617
-0.12026
-0.41802
0.50308
0
0
-0.173197
5.83361
0.274451
-0.0218
-0.49996
0.37498
0
0
-0.173197
5.83361
0.274451
-0.0218
-0.49996
0.37498
0
0
-0.214831
5.86826
0.328617
-0.12026
-0.41802
0.50308
0
0
-0.254394
5.93639
0.052474
0.25474
0.30608
0.62276
0
0
-0.197521
5.88906
0.072301
0.09226
0.4413
0.56612
0
0
-0.197521
5.88906
0.072301
0.09226
0.4413
0.56612
0
0
-0.254394
5.93639
0.052474
0.25474
0.30608
0.62276
0
0
-0.311266
5.98372
0.328617
0.41722
0.17086
-0.16614
0
0
-0.3529
6.01837
0.274451
0.53616
0.07188
-0.01138
0
0
-0.3529
6.01837
0.274451
0.53616
0.07188
-0.01138
0
0
-0.311266
5.98372
0.328617
0.41722
0.17086
-0.16614
0
0
-0.271703
5.91559
0.052474
-0.25474
-0.30608
-0.14996
0
0
-0.328576
5.96292
0.072301
-0.38922
-0.19414
-0.10308
0
0
-0.328576
5.96292
0.072301
-0.38922
-0.19414
-0.10308
0
0
-0.271703
5.91559
0.052474
-0.25474
-0.30608
-0.14996
0
0
-0.328576
5.96292
0.328617
-0.38922
-0.19414
0.50308
0
0
-0.271703
5.91559
0.348443
-0.25474
-0.30608
0.54996
0
0
-0.271703
5.91559
0.348443
-0.25474
-0.30608
0.54996
0
0
-0.328576
5.96292
0.328617
-0.38922
-0.19414
0.50308
0
0
-0.173197
5.83361
0.126467
-0.0218
-0.49996
0.02502
0
0
-0.214831
5.86826
0.072301
-0.12026
-0.41802
-0.10308
0
0
-0.214831
5.86826
0.072301
-0.12026
-0.41802
-0.10308
0
0
-0.173197
5.83361
0.126467
-0.0218
-0.49996
0.02502
0
0
-0.254394
5.93639
0.348443
0.25474
0.30608
-0.2228
0
0
-0.311266
5.98372
0.328617
0.41722
0.17086
-0.16614
0
0
-0.311266
5.98372
0.328617
0.41722
0.17086
-0.16614
0
0
-0.254394
5.93639
0.348443
0.25474
0.30608
-0.2228
0
0
-0.197521
5.88906
0.328617
0.09226
0.4413
-0.16614
0
0
-0.254394
5.93639
0.348443
0.25474
0.30608
-0.2228
0
0
-0.254394
5.93639
0.348443
0.25474
0.30608
-0.2228
0
0
-0.197521
5.88906
0.328617
0.09226
0.4413
-0.16614
0
0
-0.370209
5.99757
0.274451
-0.48768
-0.1122
0.37498
0.047306
0.311305
-0.328576
5.96292
0.328617
-0.38922
-0.19414
0.50308
0.015649
0.365512
-0.33522
5.96667
0.341612
-0.486525
-0.242675
0.37885
0.003669
0.362339
-0.381075
6.00483
0.281954
-0.6096
-0.14025
0.218725
0.038537
0.302636
-0.155887
5.85441
0.126467
-0.02668
0.54028
0.41138
0.102138
0.249068
-0.140648
5.84173
0.200459
-0.0702
0.57652
0.2
0.165453
0.249068
-0.128238
5.83318
0.200459
0.65465
0.10275
-9.31323e-10
0.168663
0.260911
-0.145022
5.84715
0.118964
0.6096
0.14025
-0.218725
0.098928
0.260911
-0.368139
6.03106
0.200459
0.57968
0.03564
0.2
0.102138
0.01547
-0.3529
6.01837
0.126467
0.53616
0.07188
0.41138
0.047306
0.046766
-0.36201
6.02774
0.118964
0.02725
0.62495
-0.218725
0.038537
0.038097
-0.378794
6.04171
0.200459
-0.0178
0.66245
0
0.098928
0.003628
-0.328576
5.96292
0.328617
-0.38922
-0.19414
0.50308
0.015649
0.365512
-0.271703
5.91559
0.348443
-0.25474
-0.30608
0.54996
0.015649
0.428104
-0.272581
5.91454
0.363448
-0.318425
-0.3826
0.43745
0.003669
0.431278
-0.33522
5.96667
0.341612
-0.486525
-0.242675
0.37885
0.003669
0.362339
-0.197521
5.88906
0.072301
0.09226
0.4413
0.56612
0.047306
0.217772
-0.155887
5.85441
0.126467
-0.02668
0.54028
0.41138
0.102138
0.249068
-0.145022
5.84715
0.118964
0.6096
0.14025
-0.218725
0.098928
0.260911
-0.190877
5.88531
0.059306
0.486525
0.242675
-0.37885
0.038537
0.226442
-0.3529
6.01837
0.274451
0.53616
0.07188
-0.01138
0.165453
0.01547
-0.368139
6.03106
0.200459
0.57968
0.03564
0.2
0.102138
0.01547
-0.378794
6.04171
0.200459
-0.0178
0.66245
0
0.098928
0.003628
-0.36201
6.02774
0.281954
0.02725
0.62495
0.218725
0.168663
0.003628
-0.271703
5.91559
0.348443
-0.25474
-0.30608
0.54996
0.015649
0.428104
-0.214831
5.86826
0.328617
-0.12026
-0.41802
0.50308
0.047306
0.482311
-0.209942
5.86241
0.341612
-0.150325
-0.522525
0.37885
0.038537
0.49098
-0.272581
5.91454
0.363448
-0.318425
-0.3826
0.43745
0.003669
0.431278
-0.254394
5.93639
0.052474
0.25474
0.30608
0.62276
0.015649
0.163566
-0.197521
5.88906
0.072301
0.09226
0.4413
0.56612
0.047306
0.217772
-0.190877
5.88531
0.059306
0.486525
0.242675
-0.37885
0.038537
0.226442
-0.253516
5.93745
0.03747
0.318425
0.3826
-0.43745
0.003669
0.166739
-0.311266
5.98372
0.328617
0.41722
0.17086
-0.16614
0.220285
0.046767
-0.3529
6.01837
0.274451
0.53616
0.07188
-0.01138
0.165453
0.01547
-0.36201
6.02774
0.281954
0.02725
0.62495
0.218725
0.168663
0.003628
-0.316155
5.98958
0.341612
0.150325
0.522525
0.378825
0.229054
0.038097
-0.214831
5.86826
0.328617
-0.12026
-0.41802
0.50308
0.047306
0.482311
-0.173197
5.83361
0.274451
-0.0218
-0.49996
0.37498
0.102138
0.513607
-0.164087
5.82424
0.281954
-0.02725
-0.62495
0.218725
0.098928
0.52545
-0.209942
5.86241
0.341612
-0.150325
-0.522525
0.37885
0.038537
0.49098
-0.271703
5.91559
0.052474
-0.25474
-0.30608
-0.14996
0.251942
0.365512
-0.328576
5.96292
0.072301
-0.38922
-0.19414
-0.10308
0.220285
0.311305
-0.33522
5.96667
0.059306
-0.486525
-0.242675
-0.37885
0.229054
0.302636
-0.272581
5.91454
0.03747
-0.318425
-0.3826
-0.43745
0.263921
0.362339
-0.254394
5.93639
0.348443
0.25474
0.30608
-0.2228
0.251942
0.100973
-0.311266
5.98372
0.328617
0.41722
0.17086
-0.16614
0.220285
0.046767
-0.316155
5.98958
0.341612
0.150325
0.522525
0.378825
0.229054
0.038097
-0.253516
5.93745
0.363448
0.318425
0.3826
0.4374
0.263921
0.0978
-0.157958
5.82093
0.200459
0.01424
-0.52996
0.2
0
0
-0.173197
5.83361
0.126467
-0.0218
-0.49996
0.02502
0
0
-0.173197
5.83361
0.126467
-0.0218
-0.49996
0.02502
0
0
-0.157958
5.82093
0.200459
0.01424
-0.52996
0.2
0
0
-0.370209
5.99757
0.274451
-0.48768
-0.1122
0.37498
0
0
-0.328576
5.96292
0.328617
-0.38922
-0.19414
0.50308
0
0
-0.328576
5.96292
0.328617
-0.38922
-0.19414
0.50308
0
0
-0.370209
5.99757
0.274451
-0.48768
-0.1122
0.37498
0
0
-0.155887
5.85441
0.126467
-0.02668
0.54028
0.41138
0
0
-0.140648
5.84173
0.200459
-0.0702
0.57652
0.2
0
0
-0.140648
5.84173
0.200459
-0.0702
0.57652
0.2
0
0
-0.155887
5.85441
0.126467
-0.02668
0.54028
0.41138
0
0
-0.214831
5.86826
0.072301
-0.12026
-0.41802
-0.10308
0
0
-0.271703
5.91559
0.052474
-0.25474
-0.30608
-0.14996
0
0
-0.271703
5.91559
0.052474
-0.25474
-0.30608
-0.14996
0
0
-0.214831
5.86826
0.072301
-0.12026
-0.41802
-0.10308
0
0
-0.3529
6.01837
0.126467
0.53616
0.07188
0.41138
0
0
-0.311266
5.98372
0.072301
0.41722
0.17086
0.56612
0
0
-0.311266
5.98372
0.072301
0.41722
0.17086
0.56612
0
0
-0.3529
6.01837
0.126467
0.53616
0.07188
0.41138
0
0
-0.140648
5.84173
0.200459
-0.0702
0.57652
0.2
0
0
-0.155887
5.85441
0.274451
-0.02668
0.54028
-0.01138
0
0
-0.155887
5.85441
0.274451
-0.02668
0.54028
-0.01138
0
0
-0.140648
5.84173
0.200459
-0.0702
0.57652
0.2
0
0
-0.271703
5.91559
0.348443
-0.25474
-0.30608
0.54996
0
0
-0.214831
5.86826
0.328617
-0.12026
-0.41802
0.50308
0
0
-0.214831
5.86826
0.328617
-0.12026
-0.41802
0.50308
0
0
-0.271703
5.91559
0.348443
-0.25474
-0.30608
0.54996
0
0
-0.328576
5.96292
0.072301
-0.38922
-0.19414
-0.10308
0
0
-0.370209
5.99757
0.126467
-0.48768
-0.1122
0.02502
0
0
-0.370209
5.99757
0.126467
-0.48768
-0.1122
0.02502
0
0
-0.328576
5.96292
0.072301
-0.38922
-0.19414
-0.10308
0
0
-0.311266
5.98372
0.072301
0.41722
0.17086
0.56612
0
0
-0.254394
5.93639
0.052474
0.25474
0.30608
0.62276
0
0
-0.254394
5.93639
0.052474
0.25474
0.30608
0.62276
0
0
-0.311266
5.98372
0.072301
0.41722
0.17086
0.56612
0
0
-0.155887
5.85441
0.274451
-0.02668
0.54028
-0.01138
0
0
-0.197521
5.88906
0.328617
0.09226
0.4413
-0.16614
0
0
-0.197521
5.88906
0.328617
0.09226
0.4413
-0.16614
0
0
-0.155887
5.85441
0.274451
-0.02668
0.54028
-0.01138
0
0
-0.173197
5.83361
0.274451
-0.0218
-0.49996
0.37498
0
0
-0.157958
5.82093
0.200459
0.01424
-0.52996
0.2
0
0
-0.157958
5.82093
0.200459
0.01424
-0.52996
0.2
0
0
-0.173197
5.83361
0.274451
-0.0218
-0.49996
0.37498
0
0
-0.385448
6.01026
0.200459
-0.52372
-0.0822
0.2
0
0
-0.370209
5.99757
0.274451
-0.48768
-0.1122
0.37498
0
0
-0.370209
5.99757
0.274451
-0.48768
-0.1122
0.37498
0
0
-0.385448
6.01026
0.200459
-0.52372
-0.0822
0.2
0
0
-0.397859
6.0188
0.200459
-0.65465
-0.10275
0
0.99633
0.91402
-0.381075
6.00483
0.281954
-0.6096
-0.14025
0.218725
0.99633
0.973723
-0.36201
6.02774
0.281954
0.02725
0.62495
0.218725
0.962801
0.973723
-0.378794
6.04171
0.200459
-0.0178
0.66245
0
0.9628
0.91402
-0.381075
6.00483
0.281954
-0.6096
-0.14025
0.218725
0.118937
0.773558
-0.33522
5.96667
0.341612
-0.486525
-0.242675
0.37885
0.118937
0.833261
-0.316155
5.98958
0.341612
0.150325
0.522525
0.378825
0.085407
0.833261
-0.36201
6.02774
0.281954
0.02725
0.62495
0.218725
0.085407
0.773558
-0.33522
5.96667
0.341612
-0.486525
-0.242675
0.37885
0.118937
0.833261
-0.272581
5.91454
0.363448
-0.318425
-0.3826
0.43745
0.118937
0.9022
-0.253516
5.93745
0.363448
0.318425
0.3826
0.4374
0.085407
0.9022
-0.316155
5.98958
0.341612
0.150325
0.522525
0.378825
0.085407
0.833261
-0.272581
5.91454
0.363448
-0.318425
-0.3826
0.43745
0.118937
0.9022
-0.209942
5.86241
0.341612
-0.150325
-0.522525
0.37885
0.118937
0.961903
-0.190877
5.88531
0.341612
0.486525
0.242675
0.378825
0.085407
0.961903
-0.253516
5.93745
0.363448
0.318425
0.3826
0.4374
0.085407
0.9022
-0.209942
5.86241
0.341612
-0.150325
-0.522525
0.37885
0.118937
0.961903
-0.164087
5.82424
0.281954
-0.02725
-0.62495
0.218725
0.118937
0.996372
-0.145022
5.84715
0.281954
0.6096
0.14025
0.218725
0.085407
0.996372
-0.190877
5.88531
0.341612
0.486525
0.242675
0.378825
0.085407
0.961903
-0.164087
5.82424
0.281954
-0.02725
-0.62495
0.218725
0.003669
0.996372
-0.147303
5.81028
0.200459
0.0178
-0.66245
0
0.003669
0.961903
-0.128238
5.83318
0.200459
0.65465
0.10275
-9.31323e-10
0.037199
0.961903
-0.145022
5.84715
0.281954
0.6096
0.14025
0.218725
0.0372
0.996372
-0.272581
5.91454
0.03747
-0.318425
-0.3826
-0.43745
0.99633
0.750909
-0.33522
5.96667
0.059306
-0.486525
-0.242675
-0.37885
0.99633
0.785378
-0.316155
5.98958
0.059306
0.150325
0.522525
-0.37885
0.9628
0.785378
-0.253516
5.93745
0.03747
0.318425
0.3826
-0.43745
0.9628
0.750909
-0.209942
5.86241
0.059306
-0.150325
-0.522525
-0.37885
0.003669
0.833261
-0.272581
5.91454
0.03747
-0.318425
-0.3826
-0.43745
0.003669
0.773558
-0.253516
5.93745
0.03747
0.318425
0.3826
-0.43745
0.0372
0.773558
-0.190877
5.88531
0.059306
0.486525
0.242675
-0.37885
0.037199
0.833261
-0.147303
5.81028
0.200459
0.0178
-0.66245
0
0.003669
0.961903
-0.164087
5.82424
0.118964
-0.02725
-0.62495
-0.218725
0.003669
0.9022
-0.145022
5.84715
0.118964
0.6096
0.14025
-0.218725
0.037199
0.9022
-0.128238
5.83318
0.200459
0.65465
0.10275
-9.31323e-10
0.037199
0.961903
-0.33522
5.96667
0.059306
-0.486525
-0.242675
-0.37885
0.99633
0.785378
-0.381075
6.00483
0.118964
-0.6096
-0.14025
-0.218725
0.99633
0.845081
-0.36201
6.02774
0.118964
0.02725
0.62495
-0.218725
0.9628
0.845081
-0.316155
5.98958
0.059306
0.150325
0.522525
-0.37885
0.9628
0.785378
-0.164087
5.82424
0.118964
-0.02725
-0.62495
-0.218725
0.003669
0.9022
-0.209942
5.86241
0.059306
-0.150325
-0.522525
-0.37885
0.003669
0.833261
-0.190877
5.88531
0.059306
0.486525
0.242675
-0.37885
0.037199
0.833261
-0.145022
5.84715
0.118964
0.6096
0.14025
-0.218725
0.037199
0.9022
-0.381075
6.00483
0.118964
-0.6096
-0.14025
-0.218725
0.99633
0.845081
-0.397859
6.0188
0.200459
-0.65465
-0.10275
0
0.99633
0.91402
-0.378794
6.04171
0.200459
-0.0178
0.66245
0
0.9628
0.91402
-0.36201
6.02774
0.118964
0.02725
0.62495
-0.218725
0.9628
0.845081
-0.3529
6.01837
0.126467
0.53616
0.07188
0.41138
0.047306
0.046766
-0.311266
5.98372
0.072301
0.41722
0.17086
0.56612
0.015649
0.100973
-0.316155
5.98958
0.059306
0.150325
0.522525
-0.37885
0.003669
0.0978
-0.36201
6.02774
0.118964
0.02725
0.62495
-0.218725
0.038537
0.038097
-0.214831
5.86826
0.072301
-0.12026
-0.41802
-0.10308
0.251942
0.428104
-0.271703
5.91559
0.052474
-0.25474
-0.30608
-0.14996
0.251942
0.365512
-0.272581
5.91454
0.03747
-0.318425
-0.3826
-0.43745
0.263921
0.362339
-0.209942
5.86241
0.059306
-0.150325
-0.522525
-0.37885
0.263921
0.431278
-0.140648
5.84173
0.200459
-0.0702
0.57652
0.2
0.165453
0.249068
-0.155887
5.85441
0.274451
-0.02668
0.54028
-0.01138
0.220285
0.217772
-0.145022
5.84715
0.281954
0.6096
0.14025
0.218725
0.229054
0.226442
-0.128238
5.83318
0.200459
0.65465
0.10275
-9.31323e-10
0.168663
0.260911
-0.385448
6.01026
0.200459
-0.52372
-0.0822
0.2
0.102138
0.280009
-0.370209
5.99757
0.274451
-0.48768
-0.1122
0.37498
0.047306
0.311305
-0.381075
6.00483
0.281954
-0.6096
-0.14025
0.218725
0.038537
0.302636
-0.397859
6.0188
0.200459
-0.65465
-0.10275
0
0.098928
0.268166
-0.311266
5.98372
0.072301
0.41722
0.17086
0.56612
0.015649
0.100973
-0.254394
5.93639
0.052474
0.25474
0.30608
0.62276
0.015649
0.163566
-0.253516
5.93745
0.03747
0.318425
0.3826
-0.43745
0.003669
0.166739
-0.316155
5.98958
0.059306
0.150325
0.522525
-0.37885
0.003669
0.0978
-0.173197
5.83361
0.126467
-0.0218
-0.49996
0.02502
0.220285
0.482311
-0.214831
5.86826
0.072301
-0.12026
-0.41802
-0.10308
0.251942
0.428104
-0.209942
5.86241
0.059306
-0.150325
-0.522525
-0.37885
0.263921
0.431278
-0.164087
5.82424
0.118964
-0.02725
-0.62495
-0.218725
0.229054
0.49098
-0.155887
5.85441
0.274451
-0.02668
0.54028
-0.01138
0.220285
0.217772
-0.197521
5.88906
0.328617
0.09226
0.4413
-0.16614
0.251942
0.163566
-0.190877
5.88531
0.341612
0.486525
0.242675
0.378825
0.263921
0.166739
-0.145022
5.84715
0.281954
0.6096
0.14025
0.218725
0.229054
0.226442
-0.370209
5.99757
0.126467
-0.48768
-0.1122
0.02502
0.165453
0.280009
-0.385448
6.01026
0.200459
-0.52372
-0.0822
0.2
0.102138
0.280009
-0.397859
6.0188
0.200459
-0.65465
-0.10275
0
0.098928
0.268166
-0.381075
6.00483
0.118964
-0.6096
-0.14025
-0.218725
0.168662
0.268166
-0.157958
5.82093
0.200459
0.01424
-0.52996
0.2
0.165453
0.513607
-0.173197
5.83361
0.126467
-0.0218
-0.49996
0.02502
0.220285
0.482311
-0.164087
5.82424
0.118964
-0.02725
-0.62495
-0.218725
0.229054
0.49098
-0.147303
5.81028
0.200459
0.0178
-0.66245
0
0.168663
0.52545
-0.197521
5.88906
0.328617
0.09226
0.4413
-0.16614
0.251942
0.163566
-0.254394
5.93639
0.348443
0.25474
0.30608
-0.2228
0.251942
0.100973
-0.253516
5.93745
0.363448
0.318425
0.3826
0.4374
0.263921
0.0978
-0.190877
5.88531
0.341612
0.486525
0.242675
0.378825
0.263921
0.166739
-0.328576
5.96292
0.072301
-0.38922
-0.19414
-0.10308
0.220285
0.311305
-0.370209
5.99757
0.126467
-0.48768
-0.1122
0.02502
0.165453
0.280009
-0.381075
6.00483
0.118964
-0.6096
-0.14025
-0.218725
0.168662
0.268166
-0.33522
5.96667
0.059306
-0.486525
-0.242675
-0.37885
0.229054
0.302636
-0.173197
5.83361
0.274451
-0.0218
-0.49996
0.37498
0.102138
0.513607
-0.157958
5.82093
0.200459
0.01424
-0.52996
0.2
0.165453
0.513607
-0.147303
5.81028
0.200459
0.0178
-0.66245
0
0.168663
0.52545
-0.164087
5.82424
0.281954
-0.02725
-0.62495
0.218725
0.098928
0.52545
-0.197521
5.88906
0.328617
0.09226
0.4413
-0.16614
0.196536
0.804854
-0.155887
5.85441
0.274451
-0.02668
0.54028
-0.01138
0.196536
0.859061
-0.162157
5.84688
0.274451
-0.64295
0.5351
-0.48295
0.18551
0.859061
-0.20379
5.88153
0.328617
-0.3712
0.30895
-0.8365
0.18551
0.804854
-0.254394
5.93639
0.052474
0.25474
0.30608
0.62276
0.203875
0.859061
-0.311266
5.98372
0.072301
0.41722
0.17086
0.56612
0.203875
0.804854
-0.317535
5.97619
0.072301
0.3712
-0.30895
0.8365
0.214901
0.804854
-0.260663
5.92886
0.052474
0
0
0.9659
0.214901
0.859061
-0.155887
5.85441
0.126467
-0.02668
0.54028
0.41138
0.203875
0.97586
-0.197521
5.88906
0.072301
0.09226
0.4413
0.56612
0.203875
0.921653
-0.20379
5.88153
0.072301
-0.3712
0.30895
0.8365
0.214901
0.921653
-0.162157
5.84688
0.126467
-0.64295
0.5351
0.48295
0.214901
0.97586
-0.368139
6.03106
0.200459
0.57968
0.03564
0.2
0.167145
0.944564
-0.3529
6.01837
0.274451
0.53616
0.07188
-0.01138
0.167145
0.890357
-0.359169
6.01084
0.274451
0.64295
-0.5351
-0.48295
0.178171
0.890357
-0.374408
6.02352
0.200459
0.7424
-0.6179
0
0.178171
0.944564
-0.254394
5.93639
0.348443
0.25474
0.30608
-0.2228
0.196536
0.773558
-0.197521
5.88906
0.328617
0.09226
0.4413
-0.16614
0.196536
0.804854
-0.20379
5.88153
0.328617
-0.3712
0.30895
-0.8365
0.18551
0.804854
-0.260663
5.92886
0.348443
0
0
-0.9659
0.18551
0.773558
-0.140648
5.84173
0.200459
-0.0702
0.57652
0.2
0.196536
0.921653
-0.155887
5.85441
0.126467
-0.02668
0.54028
0.41138
0.196536
0.97586
-0.162157
5.84688
0.126467
-0.64295
0.5351
0.48295
0.18551
0.97586
-0.146918
5.83419
0.200459
-0.7424
0.6179
0
0.18551
0.921653
-0.3529
6.01837
0.126467
0.53616
0.07188
0.41138
0.167145
0.97586
-0.368139
6.03106
0.200459
0.57968
0.03564
0.2
0.167145
0.944564
-0.374408
6.02352
0.200459
0.7424
-0.6179
0
0.178171
0.944564
-0.359169
6.01084
0.126467
0.64295
-0.5351
0.48295
0.178171
0.97586
-0.311266
5.98372
0.328617
0.41722
0.17086
-0.16614
0.167145
0.827765
-0.254394
5.93639
0.348443
0.25474
0.30608
-0.2228
0.167145
0.773558
-0.260663
5.92886
0.348443
0
0
-0.9659
0.178171
0.773558
-0.317535
5.97619
0.328617
0.3712
-0.30895
-0.8365
0.178171
0.827765
-0.155887
5.85441
0.274451
-0.02668
0.54028
-0.01138
0.196536
0.859061
-0.140648
5.84173
0.200459
-0.0702
0.57652
0.2
0.196536
0.921653
-0.146918
5.83419
0.200459
-0.7424
0.6179
0
0.18551
0.921653
-0.162157
5.84688
0.274451
-0.64295
0.5351
-0.48295
0.18551
0.859061
-0.311266
5.98372
0.072301
0.41722
0.17086
0.56612
0.203875
0.804854
-0.3529
6.01837
0.126467
0.53616
0.07188
0.41138
0.203875
0.773558
-0.359169
6.01084
0.126467
0.64295
-0.5351
0.48295
0.214901
0.773558
-0.317535
5.97619
0.072301
0.3712
-0.30895
0.8365
0.214901
0.804854
-0.197521
5.88906
0.072301
0.09226
0.4413
0.56612
0.203875
0.921653
-0.254394
5.93639
0.052474
0.25474
0.30608
0.62276
0.203875
0.859061
-0.260663
5.92886
0.052474
0
0
0.9659
0.214901
0.859061
-0.20379
5.88153
0.072301
-0.3712
0.30895
0.8365
0.214901
0.921653
-0.410797
5.74846
-0.052474
-0.213233
-0.2562
0.643933
0.656998
0.734428
-0.353925
5.70113
-0.072301
0.0342333
-0.462167
0.557667
0.71183
0.734428
-0.214831
5.86826
-0.072301
-0.12026
-0.41802
0.50308
0.71183
0.976266
-0.271703
5.91559
-0.052474
-0.25474
-0.30608
0.54996
0.656998
0.976266
-0.353925
5.70113
-0.072301
0.0342333
-0.462167
0.557667
0.71183
0.734428
-0.312291
5.66648
-0.126467
0.2154
-0.612933
0.321967
0.743487
0.734428
-0.173197
5.83361
-0.126467
-0.0218
-0.49996
0.37498
0.743487
0.976266
-0.214831
5.86826
-0.072301
-0.12026
-0.41802
0.50308
0.71183
0.976266
-0.312291
5.66648
-0.126467
0.2154
-0.612933
0.321967
0.775144
0.245466
-0.297052
5.6538
-0.200459
0.2817
-0.668133
0
0.743487
0.245466
-0.157958
5.82093
-0.200459
0.01424
-0.52996
0.2
0.743487
0.003628
-0.173197
5.83361
-0.126467
-0.0218
-0.49996
0.37498
0.775144
0.003628
-0.297052
5.6538
-0.200459
0.2817
-0.668133
0
0.743487
0.245466
-0.312291
5.66648
-0.274451
0.2154
-0.612933
-0.321967
0.688655
0.245466
-0.173197
5.83361
-0.274451
-0.0218
-0.49996
0.02502
0.688655
0.003628
-0.157958
5.82093
-0.200459
0.01424
-0.52996
0.2
0.743487
0.003628
-0.312291
5.66648
-0.274451
0.2154
-0.612933
-0.321967
0.688655
0.245466
-0.353925
5.70113
-0.328617
0.0342333
-0.462167
-0.557667
0.62534
0.245466
-0.214831
5.86826
-0.328617
-0.12026
-0.41802
-0.10308
0.62534
0.003628
-0.173197
5.83361
-0.274451
-0.0218
-0.49996
0.02502
0.688655
0.003628
-0.353925
5.70113
-0.328617
0.0342333
-0.462167
-0.557667
0.62534
0.245466
-0.410797
5.74846
-0.348443
-0.213233
-0.2562
-0.643933
0.570508
0.245466
-0.271703
5.91559
-0.348443
-0.25474
-0.30608
-0.14996
0.570508
0.003628
-0.214831
5.86826
-0.328617
-0.12026
-0.41802
-0.10308
0.62534
0.003628
-0.410797
5.74846
-0.348443
-0.213233
-0.2562
-0.643933
0.570508
0.245466
-0.46767
5.7958
-0.328617
-0.4607
-0.0502333
-0.557667
0.538851
0.245466
-0.328576
5.96292
-0.328617
-0.38922
-0.19414
-0.10308
0.538851
0.003628
-0.271703
5.91559
-0.348443
-0.25474
-0.30608
-0.14996
0.570508
0.003628
-0.46767
5.7958
-0.328617
-0.4607
-0.0502333
-0.557667
0.955462
0.992747
-0.509303
5.83045
-0.274451
-0.641867
0.100533
-0.321967
0.90063
0.992747
-0.370209
5.99757
-0.274451
-0.48768
-0.1122
0.02502
0.90063
0.750909
-0.328576
5.96292
-0.328617
-0.38922
-0.19414
-0.10308
0.955462
0.750909
-0.509303
5.83045
-0.274451
-0.641867
0.100533
-0.321967
0.90063
0.992747
-0.524542
5.84313
-0.200459
-0.708167
0.155733
0
0.837315
0.992747
-0.385448
6.01026
-0.200459
-0.52372
-0.0822
0.2
0.837315
0.750909
-0.370209
5.99757
-0.274451
-0.48768
-0.1122
0.02502
0.90063
0.750909
-0.524542
5.84313
-0.200459
-0.708167
0.155733
0
0.837315
0.992747
-0.509303
5.83045
-0.126467
-0.641867
0.100533
0.321967
0.782483
0.992747
-0.370209
5.99757
-0.126467
-0.48768
-0.1122
0.37498
0.782483
0.750909
-0.385448
6.01026
-0.200459
-0.52372
-0.0822
0.2
0.837315
0.750909
-0.368139
6.03106
-0.200459
0.57968
0.03564
0.2
0
0
-0.368139
6.03106
-0.200459
0.57968
0.03564
0.2
0
0
-0.3529
6.01837
-0.126467
0.53616
0.07188
-0.01138
0
0
-0.3529
6.01837
-0.126467
0.53616
0.07188
-0.01138
0
0
-0.509303
5.83045
-0.126467
-0.641867
0.100533
0.321967
0.538851
0.734428
-0.46767
5.7958
-0.072301
-0.4607
-0.0502333
0.557667
0.593683
0.734428
-0.328576
5.96292
-0.072301
-0.38922
-0.19414
0.50308
0.593683
0.976266
-0.370209
5.99757
-0.126467
-0.48768
-0.1122
0.37498
0.538851
0.976266
-0.46767
5.7958
-0.072301
-0.4607
-0.0502333
0.557667
0.593683
0.734428
-0.410797
5.74846
-0.052474
-0.213233
-0.2562
0.643933
0.656998
0.734428
-0.271703
5.91559
-0.052474
-0.25474
-0.30608
0.54996
0.656998
0.976266
-0.328576
5.96292
-0.072301
-0.38922
-0.19414
0.50308
0.593683
0.976266
-0.410797
5.74846
-0.052474
-0.213233
-0.2562
0.643933
0.62534
0.486319
-0.46767
5.7958
-0.072301
-0.4607
-0.0502333
0.557667
0.570508
0.455023
-0.509303
5.83045
-0.126467
-0.641867
0.100533
0.321967
0.538851
0.400817
-0.524542
5.84313
-0.200459
-0.708167
0.155733
0
0.538851
0.338224
-0.509303
5.83045
-0.274451
-0.641867
0.100533
-0.321967
0.570508
0.284018
-0.46767
5.7958
-0.328617
-0.4607
-0.0502333
-0.557667
0.62534
0.252721
-0.410797
5.74846
-0.348443
-0.213233
-0.2562
-0.643933
0.688655
0.252721
-0.353925
5.70113
-0.328617
0.0342333
-0.462167
-0.557667
0.743487
0.284018
-0.312291
5.66648
-0.274451
0.2154
-0.612933
-0.321967
0.775144
0.338224
-0.297052
5.6538
-0.200459
0.2817
-0.668133
0
0.775144
0.400817
-0.312291
5.66648
-0.126467
0.2154
-0.612933
0.321967
0.743487
0.455023
-0.353925
5.70113
-0.072301
0.0342333
-0.462167
0.557667
0.688655
0.486319
-0.3529
6.01837
-0.274451
0.53616
0.07188
0.41138
0.22224
0.773558
-0.359169
6.01084
-0.274451
0.64295
-0.5351
0.48295
0.233266
0.773558
-0.317535
5.97619
-0.328617
0.3712
-0.30895
0.8365
0.233266
0.804854
-0.311266
5.98372
-0.328617
0.41722
0.17086
0.56612
0.22224
0.804854
-0.197521
5.88906
-0.072301
0.09226
0.4413
-0.16612
0
0
-0.197521
5.88906
-0.072301
0.09226
0.4413
-0.16612
0
0
-0.155887
5.85441
-0.126467
-0.02668
0.54028
-0.01138
0
0
-0.155887
5.85441
-0.126467
-0.02668
0.54028
-0.01138
0
0
-0.3529
6.01837
-0.274451
0.53616
0.07188
0.41138
0
0
-0.3529
6.01837
-0.274451
0.53616
0.07188
0.41138
0
0
-0.368139
6.03106
-0.200459
0.57968
0.03564
0.2
0
0
-0.368139
6.03106
-0.200459
0.57968
0.03564
0.2
0
0
-0.370209
5.99757
-0.126467
-0.48768
-0.1122
0.37498
0
0
-0.370209
5.99757
-0.126467
-0.48768
-0.1122
0.37498
0
0
-0.385448
6.01026
-0.200459
-0.52372
-0.0822
0.2
0
0
-0.385448
6.01026
-0.200459
-0.52372
-0.0822
0.2
0
0
-0.214831
5.86826
-0.328617
-0.12026
-0.41802
-0.10308
0
0
-0.214831
5.86826
-0.328617
-0.12026
-0.41802
-0.10308
0
0
-0.173197
5.83361
-0.274451
-0.0218
-0.49996
0.02502
0
0
-0.173197
5.83361
-0.274451
-0.0218
-0.49996
0.02502
0
0
-0.254394
5.93639
-0.052474
0.25474
0.30608
-0.22276
0
0
-0.254394
5.93639
-0.052474
0.25474
0.30608
-0.22276
0
0
-0.197521
5.88906
-0.072301
0.09226
0.4413
-0.16612
0
0
-0.197521
5.88906
-0.072301
0.09226
0.4413
-0.16612
0
0
-0.311266
5.98372
-0.328617
0.41722
0.17086
0.56612
0
0
-0.311266
5.98372
-0.328617
0.41722
0.17086
0.56612
0
0
-0.3529
6.01837
-0.274451
0.53616
0.07188
0.41138
0
0
-0.3529
6.01837
-0.274451
0.53616
0.07188
0.41138
0
0
-0.271703
5.91559
-0.052474
-0.25474
-0.30608
0.54996
0
0
-0.271703
5.91559
-0.052474
-0.25474
-0.30608
0.54996
0
0
-0.328576
5.96292
-0.072301
-0.38922
-0.19414
0.50308
0
0
-0.328576
5.96292
-0.072301
-0.38922
-0.19414
0.50308
0
0
-0.328576
5.96292
-0.328617
-0.38922
-0.19414
-0.10308
0
0
-0.328576
5.96292
-0.328617
-0.38922
-0.19414
-0.10308
0
0
-0.271703
5.91559
-0.348443
-0.25474
-0.30608
-0.14996
0
0
-0.271703
5.91559
-0.348443
-0.25474
-0.30608
-0.14996
0
0
-0.173197
5.83361
-0.126467
-0.0218
-0.49996
0.37498
0
0
-0.173197
5.83361
-0.126467
-0.0218
-0.49996
0.37498
0
0
-0.214831
5.86826
-0.072301
-0.12026
-0.41802
0.50308
0
0
-0.214831
5.86826
-0.072301
-0.12026
-0.41802
0.50308
0
0
-0.254394
5.93639
-0.348443
0.25474
0.30608
0.62276
0
0
-0.254394
5.93639
-0.348443
0.25474
0.30608
0.62276
0
0
-0.311266
5.98372
-0.328617
0.41722
0.17086
0.56612
0
0
-0.311266
5.98372
-0.328617
0.41722
0.17086
0.56612
0
0
-0.197521
5.88906
-0.328617
0.09226
0.4413
0.56612
0
0
-0.197521
5.88906
-0.328617
0.09226
0.4413
0.56612
0
0
-0.254394
5.93639
-0.348443
0.25474
0.30608
0.62276
0
0
-0.254394
5.93639
-0.348443
0.25474
0.30608
0.62276
0
0
-0.370209
5.99757
-0.274451
-0.48768
-0.1122
0.02502
0.369729
0.513607
-0.381075
6.00483
-0.281954
-0.6096
-0.14025
-0.218725
0.366519
0.52545
-0.33522
5.96667
-0.341612
-0.486525
-0.242675
-0.37885
0.306127
0.49098
-0.328576
5.96292
-0.328617
-0.38922
-0.19414
-0.10308
0.314897
0.482311
-0.155887
5.85441
-0.126467
-0.02668
0.54028
-0.01138
0.487875
0.217772
-0.145022
5.84715
-0.118964
0.6096
0.14025
0.218725
0.496645
0.226442
-0.128238
5.83318
-0.200459
0.65465
0.10275
9.31323e-10
0.436253
0.260911
-0.140648
5.84173
-0.200459
-0.0702
0.57652
0.2
0.433043
0.249068
-0.368139
6.03106
-0.200459
0.57968
0.03564
0.2
0.369729
0.01547
-0.378794
6.04171
-0.200459
-0.0178
0.66245
0
0.366519
0.003628
-0.36201
6.02774
-0.118964
0.02725
0.62495
0.218725
0.436253
0.003628
-0.3529
6.01837
-0.126467
0.53616
0.07188
-0.01138
0.433043
0.01547
-0.328576
5.96292
-0.328617
-0.38922
-0.19414
-0.10308
0.314897
0.482311
-0.33522
5.96667
-0.341612
-0.486525
-0.242675
-0.37885
0.306127
0.49098
-0.272581
5.91454
-0.363448
-0.318425
-0.3826
-0.43745
0.27126
0.431278
-0.271703
5.91559
-0.348443
-0.25474
-0.30608
-0.14996
0.28324
0.428104
-0.197521
5.88906
-0.072301
0.09226
0.4413
-0.16612
0.519533
0.163566
-0.190877
5.88531
-0.059306
0.486525
0.242675
0.37885
0.531512
0.166739
-0.145022
5.84715
-0.118964
0.6096
0.14025
0.218725
0.496645
0.226442
-0.155887
5.85441
-0.126467
-0.02668
0.54028
-0.01138
0.487875
0.217772
-0.3529
6.01837
-0.274451
0.53616
0.07188
0.41138
0.314897
0.046767
-0.36201
6.02774
-0.281954
0.02725
0.62495
-0.218725
0.306127
0.038097
-0.378794
6.04171
-0.200459
-0.0178
0.66245
0
0.366519
0.003628
-0.368139
6.03106
-0.200459
0.57968
0.03564
0.2
0.369729
0.01547
-0.271703
5.91559
-0.348443
-0.25474
-0.30608
-0.14996
0.28324
0.428104
-0.272581
5.91454
-0.363448
-0.318425
-0.3826
-0.43745
0.27126
0.431278
-0.209942
5.86241
-0.341612
-0.150325
-0.522525
-0.37885
0.27126
0.362339
-0.214831
5.86826
-0.328617
-0.12026
-0.41802
-0.10308
0.28324
0.365512
-0.254394
5.93639
-0.052474
0.25474
0.30608
-0.22276
0.519533
0.100973
-0.253516
5.93745
-0.03747
0.318425
0.3826
0.43745
0.531512
0.0978
-0.190877
5.88531
-0.059306
0.486525
0.242675
0.37885
0.531512
0.166739
-0.197521
5.88906
-0.072301
0.09226
0.4413
-0.16612
0.519533
0.163566
-0.311266
5.98372
-0.328617
0.41722
0.17086
0.56612
0.28324
0.100973
-0.316155
5.98958
-0.341612
0.150325
0.522525
-0.37885
0.27126
0.0978
-0.36201
6.02774
-0.281954
0.02725
0.62495
-0.218725
0.306127
0.038097
-0.3529
6.01837
-0.274451
0.53616
0.07188
0.41138
0.314897
0.046767
-0.214831
5.86826
-0.328617
-0.12026
-0.41802
-0.10308
0.28324
0.365512
-0.209942
5.86241
-0.341612
-0.150325
-0.522525
-0.37885
0.27126
0.362339
-0.164087
5.82424
-0.281954
-0.02725
-0.62495
-0.218725
0.306127
0.302636
-0.173197
5.83361
-0.274451
-0.0218
-0.49996
0.02502
0.314897
0.311305
-0.271703
5.91559
-0.052474
-0.25474
-0.30608
0.54996
0.519533
0.365512
-0.272581
5.91454
-0.03747
-0.318425
-0.3826
0.43745
0.531512
0.362339
-0.33522
5.96667
-0.059306
-0.486525
-0.242675
0.37885
0.531512
0.431278
-0.328576
5.96292
-0.072301
-0.38922
-0.19414
0.50308
0.519533
0.428104
-0.254394
5.93639
-0.348443
0.25474
0.30608
0.62276
0.28324
0.163566
-0.253516
5.93745
-0.363448
0.318425
0.3826
-0.43745
0.27126
0.166739
-0.316155
5.98958
-0.341612
0.150325
0.522525
-0.37885
0.27126
0.0978
-0.311266
5.98372
-0.328617
0.41722
0.17086
0.56612
0.28324
0.100973
-0.157958
5.82093
-0.200459
0.01424
-0.52996
0.2
0
0
-0.157958
5.82093
-0.200459
0.01424
-0.52996
0.2
0
0
-0.173197
5.83361
-0.126467
-0.0218
-0.49996
0.37498
0
0
-0.173197
5.83361
-0.126467
-0.0218
-0.49996
0.37498
0
0
-0.370209
5.99757
-0.274451
-0.48768
-0.1122
0.02502
0
0
-0.370209
5.99757
-0.274451
-0.48768
-0.1122
0.02502
0
0
-0.328576
5.96292
-0.328617
-0.38922
-0.19414
-0.10308
0
0
-0.328576
5.96292
-0.328617
-0.38922
-0.19414
-0.10308
0
0
-0.155887
5.85441
-0.126467
-0.02668
0.54028
-0.01138
0
0
-0.155887
5.85441
-0.126467
-0.02668
0.54028
-0.01138
0
0
-0.140648
5.84173
-0.200459
-0.0702
0.57652
0.2
0
0
-0.140648
5.84173
-0.200459
-0.0702
0.57652
0.2
0
0
-0.214831
5.86826
-0.072301
-0.12026
-0.41802
0.50308
0
0
-0.214831
5.86826
-0.072301
-0.12026
-0.41802
0.50308
0
0
-0.271703
5.91559
-0.052474
-0.25474
-0.30608
0.54996
0
0
-0.271703
5.91559
-0.052474
-0.25474
-0.30608
0.54996
0
0
-0.3529
6.01837
-0.126467
0.53616
0.07188
-0.01138
0
0
-0.3529
6.01837
-0.126467
0.53616
0.07188
-0.01138
0
0
-0.311266
5.98372
-0.072301
0.41722
0.17086
-0.16612
0
0
-0.311266
5.98372
-0.072301
0.41722
0.17086
-0.16612
0
0
-0.140648
5.84173
-0.200459
-0.0702
0.57652
0.2
0
0
-0.140648
5.84173
-0.200459
-0.0702
0.57652
0.2
0
0
-0.155887
5.85441
-0.274451
-0.02668
0.54028
0.41138
0
0
-0.155887
5.85441
-0.274451
-0.02668
0.54028
0.41138
0
0
-0.271703
5.91559
-0.348443
-0.25474
-0.30608
-0.14996
0
0
-0.271703
5.91559
-0.348443
-0.25474
-0.30608
-0.14996
0
0
-0.214831
5.86826
-0.328617
-0.12026
-0.41802
-0.10308
0
0
-0.214831
5.86826
-0.328617
-0.12026
-0.41802
-0.10308
0
0
-0.328576
5.96292
-0.072301
-0.38922
-0.19414
0.50308
0
0
-0.328576
5.96292
-0.072301
-0.38922
-0.19414
0.50308
0
0
-0.370209
5.99757
-0.126467
-0.48768
-0.1122
0.37498
0
0
-0.370209
5.99757
-0.126467
-0.48768
-0.1122
0.37498
0
0
-0.311266
5.98372
-0.072301
0.41722
0.17086
-0.16612
0
0
-0.311266
5.98372
-0.072301
0.41722
0.17086
-0.16612
0
0
-0.254394
5.93639
-0.052474
0.25474
0.30608
-0.22276
0
0
-0.254394
5.93639
-0.052474
0.25474
0.30608
-0.22276
0
0
-0.155887
5.85441
-0.274451
-0.02668
0.54028
0.41138
0
0
-0.155887
5.85441
-0.274451
-0.02668
0.54028
0.41138
0
0
-0.197521
5.88906
-0.328617
0.09226
0.4413
0.56612
0
0
-0.197521
5.88906
-0.328617
0.09226
0.4413
0.56612
0
0
-0.173197
5.83361
-0.274451
-0.0218
-0.49996
0.02502
0
0
-0.173197
5.83361
-0.274451
-0.0218
-0.49996
0.02502
0
0
-0.157958
5.82093
-0.200459
0.01424
-0.52996
0.2
0
0
-0.157958
5.82093
-0.200459
0.01424
-0.52996
0.2
0
0
-0.385448
6.01026
-0.200459
-0.52372
-0.0822
0.2
0
0
-0.385448
6.01026
-0.200459
-0.52372
-0.0822
0.2
0
0
-0.370209
5.99757
-0.274451
-0.48768
-0.1122
0.02502
0
0
-0.370209
5.99757
-0.274451
-0.48768
-0.1122
0.02502
0
0
-0.397859
6.0188
-0.200459
-0.65465
-0.10275
0
0.159806
0.9022
-0.378794
6.04171
-0.200459
-0.0178
0.66245
0
0.126276
0.9022
-0.36201
6.02774
-0.281954
0.02725
0.62495
-0.218725
0.126276
0.833261
-0.381075
6.00483
-0.281954
-0.6096
-0.14025
-0.218725
0.159806
0.833261
-0.381075
6.00483
-0.281954
-0.6096
-0.14025
-0.218725
0.159806
0.833261
-0.36201
6.02774
-0.281954
0.02725
0.62495
-0.218725
0.126276
0.833261
-0.316155
5.98958
-0.341612
0.150325
0.522525
-0.37885
0.126276
0.773558
-0.33522
5.96667
-0.341612
-0.486525
-0.242675
-0.37885
0.159806
0.773558
-0.33522
5.96667
-0.341612
-0.486525
-0.242675
-0.37885
0.490934
0.532705
-0.316155
5.98958
-0.341612
0.150325
0.522525
-0.37885
0.524464
0.532705
-0.253516
5.93745
-0.363448
0.318425
0.3826
-0.43745
0.524463
0.567174
-0.272581
5.91454
-0.363448
-0.318425
-0.3826
-0.43745
0.490933
0.567174
-0.272581
5.91454
-0.363448
-0.318425
-0.3826
-0.43745
0.490933
0.567174
-0.253516
5.93745
-0.363448
0.318425
0.3826
-0.43745
0.524463
0.567174
-0.190877
5.88531
-0.341612
0.486525
0.242675
-0.37885
0.524463
0.626877
-0.209942
5.86241
-0.341612
-0.150325
-0.522525
-0.37885
0.490933
0.626877
-0.209942
5.86241
-0.341612
-0.150325
-0.522525
-0.37885
0.490933
0.626877
-0.190877
5.88531
-0.341612
0.486525
0.242675
-0.37885
0.524463
0.626877
-0.145022
5.84715
-0.281954
0.6096
0.14025
-0.218725
0.524463
0.695816
-0.164087
5.82424
-0.281954
-0.02725
-0.62495
-0.218725
0.490933
0.695816
-0.164087
5.82424
-0.281954
-0.02725
-0.62495
-0.218725
0.490933
0.695816
-0.145022
5.84715
-0.281954
0.6096
0.14025
-0.218725
0.524463
0.695816
-0.128238
5.83318
-0.200459
0.65465
0.10275
9.31323e-10
0.524463
0.755519
-0.147303
5.81028
-0.200459
0.0178
-0.66245
0
0.490933
0.755519
-0.272581
5.91454
-0.03747
-0.318425
-0.3826
0.43745
0.078068
0.9022
-0.253516
5.93745
-0.03747
0.318425
0.3826
0.43745
0.044538
0.9022
-0.316155
5.98958
-0.059306
0.150325
0.522525
0.37885
0.044538
0.833261
-0.33522
5.96667
-0.059306
-0.486525
-0.242675
0.37885
0.078068
0.833261
-0.209942
5.86241
-0.059306
-0.150325
-0.522525
0.37885
0.078068
0.961903
-0.190877
5.88531
-0.059306
0.486525
0.242675
0.37885
0.044538
0.961903
-0.253516
5.93745
-0.03747
0.318425
0.3826
0.43745
0.044538
0.9022
-0.272581
5.91454
-0.03747
-0.318425
-0.3826
0.43745
0.078068
0.9022
-0.147303
5.81028
-0.200459
0.0178
-0.66245
0
0.490933
0.755519
-0.128238
5.83318
-0.200459
0.65465
0.10275
9.31323e-10
0.524463
0.755519
-0.145022
5.84715
-0.118964
0.6096
0.14025
0.218725
0.524464
0.789989
-0.164087
5.82424
-0.118964
-0.02725
-0.62495
0.218725
0.490933
0.789989
-0.33522
5.96667
-0.059306
-0.486525
-0.242675
0.37885
0.078068
0.833261
-0.316155
5.98958
-0.059306
0.150325
0.522525
0.37885
0.044538
0.833261
-0.36201
6.02774
-0.118964
0.02725
0.62495
0.218725
0.044538
0.773558
-0.381075
6.00483
-0.118964
-0.6096
-0.14025
0.218725
0.078068
0.773558
-0.164087
5.82424
-0.118964
-0.02725
-0.62495
0.218725
0.078068
0.996372
-0.145022
5.84715
-0.118964
0.6096
0.14025
0.218725
0.044538
0.996372
-0.190877
5.88531
-0.059306
0.486525
0.242675
0.37885
0.044538
0.961903
-0.209942
5.86241
-0.059306
-0.150325
-0.522525
0.37885
0.078068
0.961903
-0.381075
6.00483
-0.118964
-0.6096
-0.14025
0.218725
0.159806
0.961903
-0.36201
6.02774
-0.118964
0.02725
0.62495
0.218725
0.126276
0.961903
-0.378794
6.04171
-0.200459
-0.0178
0.66245
0
0.126276
0.9022
-0.397859
6.0188
-0.200459
-0.65465
-0.10275
0
0.159806
0.9022
-0.3529
6.01837
-0.126467
0.53616
0.07188
-0.01138
0.433043
0.01547
-0.36201
6.02774
-0.118964
0.02725
0.62495
0.218725
0.436253
0.003628
-0.316155
5.98958
-0.059306
0.150325
0.522525
0.37885
0.496645
0.038097
-0.311266
5.98372
-0.072301
0.41722
0.17086
-0.16612
0.487875
0.046767
-0.214831
5.86826
-0.072301
-0.12026
-0.41802
0.50308
0.487875
0.311305
-0.209942
5.86241
-0.059306
-0.150325
-0.522525
0.37885
0.496645
0.302636
-0.272581
5.91454
-0.03747
-0.318425
-0.3826
0.43745
0.531512
0.362339
-0.271703
5.91559
-0.052474
-0.25474
-0.30608
0.54996
0.519533
0.365512
-0.140648
5.84173
-0.200459
-0.0702
0.57652
0.2
0.433043
0.249068
-0.128238
5.83318
-0.200459
0.65465
0.10275
9.31323e-10
0.436253
0.260911
-0.145022
5.84715
-0.281954
0.6096
0.14025
-0.218725
0.366519
0.260911
-0.155887
5.85441
-0.274451
-0.02668
0.54028
0.41138
0.369729
0.249068
-0.385448
6.01026
-0.200459
-0.52372
-0.0822
0.2
0.433043
0.513607
-0.397859
6.0188
-0.200459
-0.65465
-0.10275
0
0.436253
0.52545
-0.381075
6.00483
-0.281954
-0.6096
-0.14025
-0.218725
0.366519
0.52545
-0.370209
5.99757
-0.274451
-0.48768
-0.1122
0.02502
0.369729
0.513607
-0.311266
5.98372
-0.072301
0.41722
0.17086
-0.16612
0.487875
0.046767
-0.316155
5.98958
-0.059306
0.150325
0.522525
0.37885
0.496645
0.038097
-0.253516
5.93745
-0.03747
0.318425
0.3826
0.43745
0.531512
0.0978
-0.254394
5.93639
-0.052474
0.25474
0.30608
-0.22276
0.519533
0.100973
-0.173197
5.83361
-0.126467
-0.0218
-0.49996
0.37498
0.433043
0.280009
-0.164087
5.82424
-0.118964
-0.02725
-0.62495
0.218725
0.436253
0.268166
-0.209942
5.86241
-0.059306
-0.150325
-0.522525
0.37885
0.496645
0.302636
-0.214831
5.86826
-0.072301
-0.12026
-0.41802
0.50308
0.487875
0.311305
-0.155887
5.85441
-0.274451
-0.02668
0.54028
0.41138
0.369729
0.249068
-0.145022
5.84715
-0.281954
0.6096
0.14025
-0.218725
0.366519
0.260911
-0.190877
5.88531
-0.341612
0.486525
0.242675
-0.37885
0.306127
0.226442
-0.197521
5.88906
-0.328617
0.09226
0.4413
0.56612
0.314897
0.217772
-0.370209
5.99757
-0.126467
-0.48768
-0.1122
0.37498
0.487875
0.482311
-0.381075
6.00483
-0.118964
-0.6096
-0.14025
0.218725
0.496645
0.49098
-0.397859
6.0188
-0.200459
-0.65465
-0.10275
0
0.436253
0.52545
-0.385448
6.01026
-0.200459
-0.52372
-0.0822
0.2
0.433043
0.513607
-0.157958
5.82093
-0.200459
0.01424
-0.52996
0.2
0.369729
0.280009
-0.147303
5.81028
-0.200459
0.0178
-0.66245
0
0.366519
0.268166
-0.164087
5.82424
-0.118964
-0.02725
-0.62495
0.218725
0.436253
0.268166
-0.173197
5.83361
-0.126467
-0.0218
-0.49996
0.37498
0.433043
0.280009
-0.197521
5.88906
-0.328617
0.09226
0.4413
0.56612
0.314897
0.217772
-0.190877
5.88531
-0.341612
0.486525
0.242675
-0.37885
0.306127
0.226442
-0.253516
5.93745
-0.363448
0.318425
0.3826
-0.43745
0.27126
0.166739
-0.254394
5.93639
-0.348443
0.25474
0.30608
0.62276
0.28324
0.163566
-0.328576
5.96292
-0.072301
-0.38922
-0.19414
0.50308
0.519533
0.428104
-0.33522
5.96667
-0.059306
-0.486525
-0.242675
0.37885
0.531512
0.431278
-0.381075
6.00483
-0.118964
-0.6096
-0.14025
0.218725
0.496645
0.49098
-0.370209
5.99757
-0.126467
-0.48768
-0.1122
0.37498
0.487875
0.482311
-0.173197
5.83361
-0.274451
-0.0218
-0.49996
0.02502
0.314897
0.311305
-0.164087
5.82424
-0.281954
-0.02725
-0.62495
-0.218725
0.306127
0.302636
-0.147303
5.81028
-0.200459
0.0178
-0.66245
0
0.366519
0.268166
-0.157958
5.82093
-0.200459
0.01424
-0.52996
0.2
0.369729
0.280009
-0.197521
5.88906
-0.328617
0.09226
0.4413
0.56612
0.22224
0.921653
-0.20379
5.88153
-0.328617
-0.3712
0.30895
0.8365
0.233266
0.921653
-0.162157
5.84688
-0.274451
-0.64295
0.5351
0.48295
0.233266
0.97586
-0.155887
5.85441
-0.274451
-0.02668
0.54028
0.41138
0.22224
0.97586
-0.254394
5.93639
-0.052474
0.25474
0.30608
-0.22276
0.750826
0.765724
-0.260663
5.92886
-0.052474
0
0
-0.9659
0.761852
0.765724
-0.317535
5.97619
-0.072301
0.3712
-0.30895
-0.8365
0.761852
0.819931
-0.311266
5.98372
-0.072301
0.41722
0.17086
-0.16612
0.750826
0.819931
-0.155887
5.85441
-0.126467
-0.02668
0.54028
-0.01138
0.25163
0.827765
-0.162157
5.84688
-0.126467
-0.64295
0.5351
-0.48295
0.240604
0.827765
-0.20379
5.88153
-0.072301
-0.3712
0.30895
-0.8365
0.240604
0.773558
-0.197521
5.88906
-0.072301
0.09226
0.4413
-0.16612
0.25163
0.773558
-0.368139
6.03106
-0.200459
0.57968
0.03564
0.2
0.750826
0.93673
-0.374408
6.02352
-0.200459
0.7424
-0.6179
0
0.761852
0.93673
-0.359169
6.01084
-0.274451
0.64295
-0.5351
0.48295
0.761852
0.968026
-0.3529
6.01837
-0.274451
0.53616
0.07188
0.41138
0.750826
0.968026
-0.254394
5.93639
-0.348443
0.25474
0.30608
0.62276
0.22224
0.859061
-0.260663
5.92886
-0.348443
0
0
0.9659
0.233266
0.859061
-0.20379
5.88153
-0.328617
-0.3712
0.30895
0.8365
0.233266
0.921653
-0.197521
5.88906
-0.328617
0.09226
0.4413
0.56612
0.22224
0.921653
-0.140648
5.84173
-0.200459
-0.0702
0.57652
0.2
0.25163
0.890357
-0.146918
5.83419
-0.200459
-0.7424
0.6179
0
0.240604
0.890357
-0.162157
5.84688
-0.126467
-0.64295
0.5351
-0.48295
0.240604
0.827765
-0.155887
5.85441
-0.126467
-0.02668
0.54028
-0.01138
0.25163
0.827765
-0.3529
6.01837
-0.126467
0.53616
0.07188
-0.01138
0.750826
0.882523
-0.359169
6.01084
-0.126467
0.64295
-0.5351
-0.48295
0.761852
0.882523
-0.374408
6.02352
-0.200459
0.7424
-0.6179
0
0.761852
0.93673
-0.368139
6.03106
-0.200459
0.57968
0.03564
0.2
0.750826
0.93673
-0.311266
5.98372
-0.328617
0.41722
0.17086
0.56612
0.22224
0.804854
-0.317535
5.97619
-0.328617
0.3712
-0.30895
0.8365
0.233266
0.804854
-0.260663
5.92886
-0.348443
0
0
0.9659
0.233266
0.859061
-0.254394
5.93639
-0.348443
0.25474
0.30608
0.62276
0.22224
0.859061
-0.155887
5.85441
-0.274451
-0.02668
0.54028
0.41138
0.25163
0.944564
-0.162157
5.84688
-0.274451
-0.64295
0.5351
0.48295
0.240605
0.944564
-0.146918
5.83419
-0.200459
-0.7424
0.6179
0
0.240604
0.890357
-0.140648
5.84173
-0.200459
-0.0702
0.57652
0.2
0.25163
0.890357
-0.311266
5.98372
-0.072301
0.41722
0.17086
-0.16612
0.750826
0.819931
-0.317535
5.97619
-0.072301
0.3712
-0.30895
-0.8365
0.761852
0.819931
-0.359169
6.01084
-0.126467
0.64295
-0.5351
-0.48295
0.761852
0.882523
-0.3529
6.01837
-0.126467
0.53616
0.07188
-0.01138
0.750826
0.882523
-0.197521
5.88906
-0.072301
0.09226
0.4413
-0.16612
0.750826
0.734428
-0.20379
5.88153
-0.072301
-0.3712
0.30895
-0.8365
0.761852
0.734428
-0.260663
5.92886
-0.052474
0
0
-0.9659
0.761852
0.765724
-0.254394
5.93639
-0.052474
0.25474
0.30608
-0.22276
0.750826
0.765724
