-1.65169
3.14504
-0.403107
-0.1403
-0.302367
-0.6636
0.592034
0.00487
-0.49358
5.64089
-0.403107
0.1403
0.302367
-0.6636
0.592034
0.329506
-0.478102
5.63371
-0.401461
0.255467
0.248933
-0.651333
0.552711
0.329506
-1.63621
3.13786
-0.401461
-0.0251333
-0.3558
-0.651333
0.552711
0.00487
-1.63621
3.13786
-0.401461
-0.0251333
-0.3558
-0.651333
0.552711
0.00487
-0.478102
5.63371
-0.401461
0.255467
0.248933
-0.651333
0.552711
0.329506
-0.463219
5.6268
-0.396584
0.3667
0.1973
-0.614833
0.514143
0.329506
-1.62133
3.13096
-0.396584
0.0861
-0.407433
-0.614833
0.514143
0.00487
-1.62133
3.13096
-0.396584
0.0861
-0.407433
-0.614833
0.514143
0.00487
-0.463219
5.6268
-0.396584
0.3667
0.1973
-0.614833
0.514143
0.329506
-0.449503
5.62044
-0.388666
0.470033
0.149333
-0.555067
0.477813
0.329506
-1.60761
3.12459
-0.388666
0.189433
-0.4554
-0.555067
0.477813
0.00487
-1.60761
3.12459
-0.388666
0.189433
-0.4554
-0.555067
0.477813
0.00487
-0.449503
5.62044
-0.388666
0.470033
0.149333
-0.555067
0.477813
0.329506
-0.437481
5.61486
-0.378009
0.561567
0.106867
-0.4738
0.445117
0.329506
-1.59559
3.11901
-0.378009
0.280967
-0.497867
-0.4738
0.445117
0.00487
-1.59559
3.11901
-0.378009
0.280967
-0.497867
-0.4738
0.445117
0.00487
-0.437481
5.61486
-0.378009
0.561567
0.106867
-0.4738
0.445117
0.329506
-0.427615
5.61028
-0.365023
0.637533
0.0716333
-0.373667
0.417311
0.329506
-1.58573
3.11443
-0.365023
0.356933
-0.5331
-0.373667
0.417311
0.00487
-1.58573
3.11443
-0.365023
0.356933
-0.5331
-0.373667
0.26053
0.670494
-0.427615
5.61028
-0.365023
0.637533
0.0716333
-0.373667
0.26053
0.99513
-0.420283
5.60688
-0.350208
0.694567
0.0451667
-0.2582
0.227833
0.99513
-1.5784
3.11103
-0.350208
0.413967
-0.559567
-0.2582
0.227833
0.670494
-1.5784
3.11103
-0.350208
0.413967
-0.559567
-0.2582
0.227833
0.670494
-0.420283
5.60688
-0.350208
0.694567
0.0451667
-0.2582
0.227833
0.99513
-0.415769
5.60478
-0.334133
0.73
0.0287333
-0.1319
0.191503
0.99513
-1.57388
3.10894
-0.334133
0.4494
-0.576
-0.1319
0.191503
0.670494
-1.57388
3.10894
-0.334133
0.4494
-0.576
-0.1319
0.191503
0.670494
-0.415769
5.60478
-0.334133
0.73
0.0287333
-0.1319
0.191503
0.99513
-0.414244
5.60408
-0.317415
0.742033
0.0231667
0
0.152935
0.99513
-1.57236
3.10823
-0.317415
0.461433
-0.581567
0
0.152935
0.670494
-1.57236
3.10823
-0.317415
0.461433
-0.581567
0
0.152935
0.670494
-0.414244
5.60408
-0.317415
0.742033
0.0231667
0
0.152935
0.99513
-0.415769
5.60478
-0.300697
0.73
0.0287333
0.1319
0.113612
0.99513
-1.57388
3.10894
-0.300697
0.4494
-0.576
0.1319
0.113612
0.670494
-1.57388
3.10894
-0.300697
0.4494
-0.576
0.1319
0.113612
0.670494
-0.415769
5.60478
-0.300697
0.73
0.0287333
0.1319
0.113612
0.99513
-0.420283
5.60688
-0.284622
0.694567
0.0451667
0.2582
0.075044
0.99513
-1.5784
3.11103
-0.284622
0.413967
-0.559567
0.2582
0.075044
0.670494
-1.5784
3.11103
-0.284622
0.413967
-0.559567
0.2582
0.075044
0.670494
-0.420283
5.60688
-0.284622
0.694567
0.0451667
0.2582
0.075044
0.99513
-0.427615
5.61028
-0.269807
0.637533
0.0716333
0.373667
0.038714
0.99513
-1.58573
3.11443
-0.269807
0.356933
-0.5331
0.373667
0.038714
0.670494
-1.58573
3.11443
-0.269807
0.356933
-0.5331
0.373667
0.038714
0.670494
-0.427615
5.61028
-0.269807
0.637533
0.0716333
0.373667
0.038714
0.99513
-0.437481
5.61486
-0.256822
0.561567
0.106867
0.4738
0.006018
0.99513
-1.59559
3.11901
-0.256822
0.280967
-0.497867
0.4738
0.006018
0.670494
-1.59559
3.11901
-0.256822
0.280967
-0.497867
0.4738
0.711664
0.663881
-0.437481
5.61486
-0.256822
0.561567
0.106867
0.4738
0.711664
0.339245
-0.449503
5.62044
-0.246165
0.470033
0.149333
0.555067
0.744361
0.339245
-1.60761
3.12459
-0.246165
0.189433
-0.4554
0.555067
0.744361
0.663881
-1.60761
3.12459
-0.246165
0.189433
-0.4554
0.555067
0.744361
0.663881
-0.449503
5.62044
-0.246165
0.470033
0.149333
0.555067
0.744361
0.339245
-0.463219
5.6268
-0.238246
0.3667
0.1973
0.614833
0.780691
0.339245
-1.62133
3.13096
-0.238246
0.0861
-0.407433
0.614833
0.780691
0.663881
-1.62133
3.13096
-0.238246
0.0861
-0.407433
0.614833
0.780691
0.663881
-0.463219
5.6268
-0.238246
0.3667
0.1973
0.614833
0.780691
0.339245
-0.478102
5.63371
-0.23337
0.255467
0.248933
0.651333
0.819259
0.339245
-1.63621
3.13786
-0.233369
-0.0251333
-0.3558
0.651333
0.819259
0.663881
-1.63621
3.13786
-0.233369
-0.0251333
-0.3558
0.651333
0.819259
0.663881
-0.478102
5.63371
-0.23337
0.255467
0.248933
0.651333
0.819259
0.339245
-0.49358
5.64089
-0.231723
0.1403
0.302367
0.6636
0.858582
0.339245
-1.65169
3.14504
-0.231723
-0.1403
-0.302367
0.6636
0.858582
0.663881
-1.65169
3.14504
-0.231723
-0.1403
-0.302367
0.6636
0.858582
0.663881
-0.49358
5.64089
-0.231723
0.1403
0.302367
0.6636
0.858582
0.339245
-0.509057
5.64807
-0.23337
0.0251333
0.3558
0.651333
0.89715
0.339245
-1.66717
3.15223
-0.233369
-0.255467
-0.248933
0.651333
0.89715
0.663881
-1.66717
3.15223
-0.233369
-0.255467
-0.248933
0.651333
0.89715
0.663881
-0.509057
5.64807
-0.23337
0.0251333
0.3558
0.651333
0.89715
0.339245
-0.52394
5.65498
-0.238246
-0.0861
0.407433
0.614833
0.93348
0.339245
-1.68205
3.15913
-0.238246
-0.3667
-0.1973
0.614833
0.93348
0.663881
-1.68205
3.15913
-0.238246
-0.3667
-0.1973
0.614833
0.93348
0.663881
-0.52394
5.65498
-0.238246
-0.0861
0.407433
0.614833
0.93348
0.339245
-0.537656
5.66134
-0.246165
-0.189433
0.4554
0.555067
0.966176
0.339245
-1.69577
3.1655
-0.246165
-0.470033
-0.149333
0.555067
0.966176
0.663881
-1.69577
3.1655
-0.246165
-0.470033
-0.149333
0.555067
0.966176
0.663881
-0.537656
5.66134
-0.246165
-0.189433
0.4554
0.555067
0.966176
0.339245
-0.549678
5.66692
-0.256822
-0.280967
0.497867
0.4738
0.993982
0.339245
-1.70779
3.17107
-0.256822
-0.561567
-0.106867
0.4738
0.993982
0.663881
-1.70779
3.17107
-0.256822
-0.561567
-0.106867
0.4738
0.417311
0.663881
-0.549678
5.66692
-0.256822
-0.280967
0.497867
0.4738
0.417311
0.339245
-0.559544
5.6715
-0.269807
-0.356933
0.5331
0.373667
0.450007
0.339245
-1.71766
3.17565
-0.269807
-0.637533
-0.0716333
0.373667
0.450007
0.663881
-1.71766
3.17565
-0.269807
-0.637533
-0.0716333
0.373667
0.450007
0.663881
-0.559544
5.6715
-0.269807
-0.356933
0.5331
0.373667
0.450007
0.339245
-0.566876
5.6749
-0.284622
-0.413967
0.559567
0.258233
0.486337
0.339245
-1.72499
3.17905
-0.284622
-0.694567
-0.0451667
0.258233
0.486337
0.663881
-1.72499
3.17905
-0.284622
-0.694567
-0.0451667
0.258233
0.486337
0.663881
-0.566876
5.6749
-0.284622
-0.413967
0.559567
0.258233
0.486337
0.339245
-0.57139
5.67699
-0.300698
-0.4494
0.576
0.131933
0.524905
0.339245
-1.7295
3.18115
-0.300698
-0.73
-0.0287333
0.131933
0.524905
0.663881
-1.7295
3.18115
-0.300698
-0.73
-0.0287333
0.131933
0.524905
0.663881
-0.57139
5.67699
-0.300698
-0.4494
0.576
0.131933
0.524905
0.339245
-0.572915
5.6777
-0.317415
-0.461433
0.581567
0
0.564229
0.339245
-1.73103
3.18186
-0.317415
-0.742033
-0.0231667
0
0.564229
0.663881
-1.73103
3.18186
-0.317415
-0.742033
-0.0231667
0
0.564229
0.663881
-0.572915
5.6777
-0.317415
-0.461433
0.581567
0
0.564229
0.339245
-0.57139
5.67699
-0.334133
-0.4494
0.576
-0.131933
0.602796
0.339245
-1.7295
3.18115
-0.334133
-0.73
-0.0287333
-0.131933
0.602796
0.663881
-1.7295
3.18115
-0.334133
-0.73
-0.0287333
-0.131933
0.602796
0.663881
-0.57139
5.67699
-0.334133
-0.4494
0.576
-0.131933
0.602796
0.339245
-0.566876
5.6749
-0.350208
-0.413967
0.559567
-0.258233
0.639127
0.339245
-1.72499
3.17905
-0.350208
-0.694567
-0.0451667
-0.258233
0.639127
0.663881
-1.72499
3.17905
-0.350208
-0.694567
-0.0451667
-0.258233
0.639127
0.663881
-0.566876
5.6749
-0.350208
-0.413967
0.559567
-0.258233
0.639127
0.339245
-0.559544
5.6715
-0.365023
-0.356933
0.5331
-0.373667
0.671823
0.339245
-1.71766
3.17565
-0.365023
-0.637533
-0.0716333
-0.373667
0.671823
0.663881
-1.71766
3.17565
-0.365023
-0.637533
-0.0716333
-0.373667
0.671823
0.663881
-0.559544
5.6715
-0.365023
-0.356933
0.5331
-0.373667
0.671823
0.339245
-0.549678
5.66692
-0.378009
-0.280967
0.497867
-0.4738
0.699629
0.339245
-1.70779
3.17107
-0.378009
-0.561567
-0.106867
-0.4738
0.699629
0.663881
-1.70779
3.17107
-0.378009
-0.561567
-0.106867
-0.4738
0.727434
0.00487
-0.549678
5.66692
-0.378009
-0.280967
0.497867
-0.4738
0.727434
0.329506
-0.537656
5.66134
-0.388666
-0.189433
0.4554
-0.555067
0.699628
0.329506
-1.69577
3.1655
-0.388666
-0.470033
-0.149333
-0.555067
0.699628
0.00487
-1.69577
3.1655
-0.388666
-0.470033
-0.149333
-0.555067
0.699628
0.00487
-0.537656
5.66134
-0.388666
-0.189433
0.4554
-0.555067
0.699628
0.329506
-0.52394
5.65498
-0.396585
-0.0861
0.407433
-0.614833
0.666932
0.329506
-1.68205
3.15913
-0.396585
-0.3667
-0.1973
-0.614833
0.666932
0.00487
-0.478102
5.63371
-0.401461
0.255467
0.248933
-0.651333
0.185985
0.327943
-0.49358
5.64089
-0.403107
0.1403
0.302367
-0.6636
0.147417
0.321735
-0.509057
5.64807
-0.401461
0.0251333
0.3558
-0.651333
0.111087
0.309558
-0.52394
5.65498
-0.396585
-0.0861
0.407433
-0.614833
0.078391
0.29188
-0.537656
5.66134
-0.388666
-0.189433
0.4554
-0.555067
0.050585
0.26938
-0.549678
5.66692
-0.378009
-0.280967
0.497867
-0.4738
0.028738
0.242923
-0.559544
5.6715
-0.365023
-0.356933
0.5331
-0.373667
0.01369
0.213525
-0.566876
5.6749
-0.350208
-0.413967
0.559567
-0.258233
0.006018
0.182316
-0.57139
5.67699
-0.334133
-0.4494
0.576
-0.131933
0.006018
0.150496
-0.572915
5.6777
-0.317415
-0.461433
0.581567
0
0.013689
0.119288
-0.57139
5.67699
-0.300698
-0.4494
0.576
0.131933
0.028738
0.08989
-0.566876
5.6749
-0.284622
-0.413967
0.559567
0.258233
0.050585
0.063433
-0.559544
5.6715
-0.269807
-0.356933
0.5331
0.373667
0.078391
0.040933
-0.549678
5.66692
-0.256822
-0.280967
0.497867
0.4738
0.111087
0.023254
-0.537656
5.66134
-0.246165
-0.189433
0.4554
0.555067
0.147417
0.011077
-0.52394
5.65498
-0.238246
-0.0861
0.407433
0.614833
0.185985
0.00487
-0.509057
5.64807
-0.23337
0.0251333
0.3558
0.651333
0.225308
0.00487
-0.49358
5.64089
-0.231723
0.1403
0.302367
0.6636
0.263876
0.011077
-0.478102
5.63371
-0.23337
0.255467
0.248933
0.651333
0.300206
0.023254
-0.463219
5.6268
-0.238246
0.3667
0.1973
0.614833
0.332902
0.040932
-0.449503
5.62044
-0.246165
0.470033
0.149333
0.555067
0.360708
0.063433
-0.437481
5.61486
-0.256822
0.561567
0.106867
0.4738
0.382555
0.08989
-0.427615
5.61028
-0.269807
0.637533
0.0716333
0.373667
0.397604
0.119288
-0.420283
5.60688
-0.284622
0.694567
0.0451667
0.2582
0.405275
0.150496
-0.415769
5.60478
-0.300697
0.73
0.0287333
0.1319
0.405275
0.182316
-0.414244
5.60408
-0.317415
0.742033
0.0231667
0
0.397604
0.213525
-0.415769
5.60478
-0.334133
0.73
0.0287333
-0.1319
0.382555
0.242922
-0.420283
5.60688
-0.350208
0.694567
0.0451667
-0.2582
0.360708
0.26938
-0.427615
5.61028
-0.365023
0.637533
0.0716333
-0.373667
0.332902
0.29188
-0.437481
5.61486
-0.378009
0.561567
0.106867
-0.4738
0.300206
0.309558
-0.449503
5.62044
-0.388666
0.470033
0.149333
-0.555067
0.263876
0.321735
-0.463219
5.6268
-0.396584
0.3667
0.1973
-0.614833
0.225308
0.327943
-1.68205
3.15913
-0.396585
-0.3667
-0.1973
-0.614833
0.666932
0.00487
-0.52394
5.65498
-0.396585
-0.0861
0.407433
-0.614833
0.666932
0.329506
-0.509057
5.64807
-0.401461
0.0251333
0.3558
-0.651333
0.630602
0.329506
-1.66717
3.15223
-0.401461
-0.255467
-0.248933
-0.651333
0.630602
0.00487
-1.66717
3.15223
-0.401461
-0.255467
-0.248933
-0.651333
0.630602
0.00487
-0.509057
5.64807
-0.401461
0.0251333
0.3558
-0.651333
0.630602
0.329506
-0.49358
5.64089
-0.403107
0.1403
0.302367
-0.6636
0.592034
0.329506
-1.65169
3.14504
-0.403107
-0.1403
-0.302367
-0.6636
0.592034
0.00487
-1.65169
3.14504
-0.403107
-0.1403
-0.302367
-0.6636
0.006018
0.515128
-1.63621
3.13786
-0.401461
-0.0251333
-0.3558
-0.651333
0.006018
0.483308
-1.62133
3.13096
-0.396584
0.0861
-0.407433
-0.614833
0.013689
0.4521
-1.60761
3.12459
-0.388666
0.189433
-0.4554
-0.555067
0.028738
0.422702
-1.59559
3.11901
-0.378009
0.280967
-0.497867
-0.4738
0.050585
0.396245
-1.58573
3.11443
-0.365023
0.356933
-0.5331
-0.373667
0.078391
0.373745
-1.5784
3.11103
-0.350208
0.413967
-0.559567
-0.2582
0.111087
0.356067
-1.57388
3.10894
-0.334133
0.4494
-0.576
-0.1319
0.147417
0.34389
-1.57236
3.10823
-0.317415
0.461433
-0.581567
0
0.185985
0.337682
-1.57388
3.10894
-0.300697
0.4494
-0.576
0.1319
0.225308
0.337682
-1.5784
3.11103
-0.284622
0.413967
-0.559567
0.2582
0.263876
0.34389
-1.58573
3.11443
-0.269807
0.356933
-0.5331
0.373667
0.300206
0.356066
-1.59559
3.11901
-0.256822
0.280967
-0.497867
0.4738
0.332902
0.373745
-1.60761
3.12459
-0.246165
0.189433
-0.4554
0.555067
0.360708
0.396245
-1.62133
3.13096
-0.238246
0.0861
-0.407433
0.614833
0.382555
0.422702
-1.63621
3.13786
-0.233369
-0.0251333
-0.3558
0.651333
0.397604
0.4521
-1.65169
3.14504
-0.231723
-0.1403
-0.302367
0.6636
0.405275
0.483308
-1.66717
3.15223
-0.233369
-0.255467
-0.248933
0.651333
0.405275
0.515128
-1.68205
3.15913
-0.238246
-0.3667
-0.1973
0.614833
0.397604
0.546337
-1.69577
3.1655
-0.246165
-0.470033
-0.149333
0.555067
0.382555
0.575735
-1.70779
3.17107
-0.256822
-0.561567
-0.106867
0.4738
0.360708
0.602192
-1.71766
3.17565
-0.269807
-0.637533
-0.0716333
0.373667
0.332902
0.624692
-1.72499
3.17905
-0.284622
-0.694567
-0.0451667
0.258233
0.300206
0.64237
-1.7295
3.18115
-0.300698
-0.73
-0.0287333
0.131933
0.263876
0.654547
-1.73103
3.18186
-0.317415
-0.742033
-0.0231667
0
0.225308
0.660755
-1.7295
3.18115
-0.334133
-0.73
-0.0287333
-0.131933
0.185985
0.660755
-1.72499
3.17905
-0.350208
-0.694567
-0.0451667
-0.258233
0.147417
0.654547
-1.71766
3.17565
-0.365023
-0.637533
-0.0716333
-0.373667
0.111087
0.64237
-1.70779
3.17107
-0.378009
-0.561567
-0.106867
-0.4738
0.078391
0.624692
-1.69577
3.1655
-0.388666
-0.470033
-0.149333
-0.555067
0.050585
0.602192
-1.68205
3.15913
-0.396585
-0.3667
-0.1973
-0.614833
0.028738
0.575734
-1.66717
3.15223
-0.401461
-0.255467
-0.248933
-0.651333
0.013689
0.546337
