-0.368441
5.95263
1.04977
0.001
0.905775
-0.002675
0.392889
0.646521
-0.396445
5.95263
1.4396
-0.0532667
0.605733
0.329033
0.392889
0.880024
-0.380713
5.94533
1.44215
0.3971
0.419433
0.361367
0.343927
0.850973
-0.352709
5.94533
1.05231
0.680875
0.6238
0.03845
0.343927
0.61747
-0.352709
5.94533
1.05231
0.680875
0.6238
0.03845
0.343927
0.61747
-0.380713
5.94533
1.44215
0.3971
0.419433
0.361367
0.343927
0.850973
-0.374197
5.92772
1.44321
0.569733
0
0.373767
0.268466
0.836349
-0.346193
5.92772
1.05337
0.93815
0
0.04915
0.268466
0.602846
-0.346193
5.92772
1.05337
0.93815
0
0.04915
0.268466
0.602846
-0.374197
5.92772
1.44321
0.569733
0
0.373767
0.268466
0.836349
-0.380713
5.9101
1.44215
0.3971
-0.419433
0.361367
0.210711
0.844719
-0.352709
5.9101
1.05231
0.680875
-0.6238
0.03845
0.210711
0.611216
-0.352709
5.9101
1.05231
0.680875
-0.6238
0.03845
0.581012
0.495096
-0.380713
5.9101
1.44215
0.3971
-0.419433
0.361367
0.581012
0.726442
-0.396445
5.90281
1.4396
-0.0532667
-0.605733
0.329033
0.534021
0.752168
-0.368441
5.90281
1.04977
0.001025
-0.905775
-0.002675
0.534021
0.520822
-0.368441
5.90281
1.04977
0.001025
-0.905775
-0.002675
0.534021
0.520822
-0.396445
5.90281
1.4396
-0.0532667
-0.605733
0.329033
0.534021
0.752168
-0.412177
5.9101
1.43706
-0.503633
-0.419433
0.2967
0.466668
0.787951
-0.384172
5.9101
1.04722
-0.6782
-0.625975
-0.056325
0.466668
0.556605
-0.384172
5.9101
1.04722
-0.6782
-0.625975
-0.056325
0.466668
0.556605
-0.412177
5.9101
1.43706
-0.503633
-0.419433
0.2967
0.466668
0.787951
-0.418693
5.92772
1.436
-0.676267
0
0.2843
0.418406
0.81283
-0.390689
5.92772
1.04617
-0.93485
0
-0.07955
0.418406
0.581484
-0.380713
5.94533
1.44215
0.3971
0.419433
0.361367
0.133783
0.899348
-0.396445
5.95263
1.4396
-0.0532667
0.605733
0.329033
0.057182
0.899662
-0.412177
5.94533
1.43706
-0.503633
0.419433
0.2967
0.003018
0.846576
-0.418693
5.92772
1.436
-0.676267
0
0.2843
0.003018
0.771186
-0.412177
5.9101
1.43706
-0.503633
-0.419433
0.2967
0.057182
0.717656
-0.396445
5.90281
1.4396
-0.0532667
-0.605733
0.329033
0.133783
0.717342
-0.380713
5.9101
1.44215
0.3971
-0.419433
0.361367
0.187948
0.770428
-0.374197
5.92772
1.44321
0.569733
0
0.373767
0.187948
0.845818
-0.390689
5.92772
1.04617
-0.93485
0
-0.07955
0.832837
0.234303
-0.418693
5.92772
1.436
-0.676267
0
0.2843
0.833064
0.002958
-0.412177
5.94533
1.43706
-0.503633
0.419433
0.2967
0.881301
0.027882
-0.384172
5.94533
1.04722
-0.678225
0.625975
-0.056325
0.881075
0.259228
-0.384172
5.94533
1.04722
-0.678225
0.625975
-0.056325
0.881075
0.259228
-0.412177
5.94533
1.43706
-0.503633
0.419433
0.2967
0.881301
0.027882
-0.396445
5.95263
1.4396
-0.0532667
0.605733
0.329033
0.94862
0.063728
-0.368441
5.95263
1.04977
0.001
0.905775
-0.002675
0.948393
0.295074
-0.352709
5.94533
1.05231
0.680875
0.6238
0.03845
0.343927
0.61747
-0.346193
5.92772
1.05337
0.93815
0
0.04915
0.268466
0.602846
-0.345474
5.92772
1.02291
0.9171
0
0.1557
0.27044
0.587306
-0.351294
5.94533
1.01843
0.66315
0.6258
0.11685
0.345295
0.59905
-0.365344
5.90281
1.00762
0.00269999
-0.908175
-0.0044
0.41237
0.470759
-0.379393
5.9101
0.996817
-0.653925
-0.630725
-0.1479
0.382383
0.532575
-0.36233
5.9101
0.950689
-0.57445
-0.65235
-0.3016
0.381844
0.457907
-0.35138
5.90281
0.967646
0.002225
-0.92205
-0.00205
0.411884
0.409681
-0.368441
5.90281
1.04977
0.001025
-0.905775
-0.002675
0.534021
0.520822
-0.384172
5.9101
1.04722
-0.6782
-0.625975
-0.056325
0.466668
0.556605
-0.379393
5.9101
0.996817
-0.653925
-0.630725
-0.1479
0.470829
0.524343
-0.365344
5.90281
1.00762
0.00269999
-0.908175
-0.0044
0.534272
0.49567
-0.384172
5.94533
1.04722
-0.678225
0.625975
-0.056325
0.881075
0.259228
-0.368441
5.95263
1.04977
0.001
0.905775
-0.002675
0.948393
0.295074
-0.365344
5.95263
1.00762
0.00265
0.908175
-0.0044
0.94862
0.320225
-0.379393
5.94533
0.996817
-0.653975
0.630725
-0.1479
0.885205
0.291493
-0.368441
5.95263
1.04977
0.001
0.905775
-0.002675
0.392889
0.646521
-0.352709
5.94533
1.05231
0.680875
0.6238
0.03845
0.343927
0.61747
-0.351294
5.94533
1.01843
0.66315
0.6258
0.11685
0.345295
0.59905
-0.365344
5.95263
1.00762
0.00265
0.908175
-0.0044
0.392795
0.62115
-0.346193
5.92772
1.05337
0.93815
0
0.04915
0.268466
0.602846
-0.352709
5.9101
1.05231
0.680875
-0.6238
0.03845
0.210711
0.611216
-0.351294
5.9101
1.01843
0.66315
-0.6258
0.11685
0.212079
0.592796
-0.345474
5.92772
1.02291
0.9171
0
0.1557
0.27044
0.587306
-0.384172
5.9101
1.04722
-0.6782
-0.625975
-0.056325
0.383296
0.553098
-0.390689
5.92772
1.04617
-0.93485
0
-0.07955
0.312049
0.581391
-0.385213
5.92772
0.99234
-0.90405
0
-0.209
0.311082
0.557835
-0.379393
5.9101
0.996817
-0.653925
-0.630725
-0.1479
0.382383
0.532575
-0.352709
5.9101
1.05231
0.680875
-0.6238
0.03845
0.581012
0.495096
-0.368441
5.90281
1.04977
0.001025
-0.905775
-0.002675
0.534021
0.520822
-0.365344
5.90281
1.00762
0.00269999
-0.908175
-0.0044
0.534272
0.49567
-0.351294
5.9101
1.01843
0.66315
-0.6258
0.11685
0.577352
0.477055
-0.390689
5.92772
1.04617
-0.93485
0
-0.07955
0.312049
0.581391
-0.384172
5.94533
1.04722
-0.678225
0.625975
-0.056325
0.241149
0.552264
-0.379393
5.94533
0.996817
-0.653975
0.630725
-0.1479
0.240235
0.531741
-0.385213
5.92772
0.99234
-0.90405
0
-0.209
0.311082
0.557835
-0.366865
5.92772
0.943666
-0.809225
0
-0.42905
0.310521
0.477538
-0.36233
5.94533
0.950689
-0.57445
0.65235
-0.3016
0.239696
0.457073
-0.333804
5.94533
0.910626
-0.4749
0.673475
-0.414375
0.239548
0.331858
-0.337433
5.92772
0.902525
-0.6807
0
-0.5981
0.310372
0.348343
-0.345474
5.92772
1.02291
0.9171
0
0.1557
0.518996
0.383613
-0.351294
5.9101
1.01843
0.66315
-0.6258
0.11685
0.447868
0.409249
-0.340431
5.9101
0.984603
0.583825
-0.64885
0.28535
0.447868
0.361397
-0.335895
5.92772
0.991627
0.82355
0
0.40065
0.518996
0.341418
-0.365344
5.95263
1.00762
0.00265
0.908175
-0.0044
0.619586
0.47114
-0.351294
5.94533
1.01843
0.66315
0.6258
0.11685
0.590124
0.409249
-0.340431
5.94533
0.984603
0.583825
0.64885
0.28535
0.590124
0.361397
-0.35138
5.95263
0.967646
0.0022
0.92205
-0.00205
0.619586
0.409631
-0.379393
5.94533
0.996817
-0.653975
0.630725
-0.1479
0.240235
0.531741
-0.365344
5.95263
1.00762
0.00265
0.908175
-0.0044
0.211344
0.469579
-0.35138
5.95263
0.967646
0.0022
0.92205
-0.00205
0.210857
0.4085
-0.36233
5.94533
0.950689
-0.57445
0.65235
-0.3016
0.239696
0.457073
-0.379393
5.9101
0.996817
-0.653925
-0.630725
-0.1479
0.382383
0.532575
-0.385213
5.92772
0.99234
-0.90405
0
-0.209
0.311082
0.557835
-0.366865
5.92772
0.943666
-0.809225
0
-0.42905
0.310521
0.477538
-0.36233
5.9101
0.950689
-0.57445
-0.65235
-0.3016
0.381844
0.457907
-0.351294
5.9101
1.01843
0.66315
-0.6258
0.11685
0.447868
0.409249
-0.365344
5.90281
1.00762
0.00269999
-0.908175
-0.0044
0.418406
0.47114
-0.35138
5.90281
0.967646
0.002225
-0.92205
-0.00205
0.418406
0.409631
-0.340431
5.9101
0.984603
0.583825
-0.64885
0.28535
0.447868
0.361397
-0.351294
5.94533
1.01843
0.66315
0.6258
0.11685
0.590124
0.409249
-0.345474
5.92772
1.02291
0.9171
0
0.1557
0.518996
0.383613
-0.335895
5.92772
0.991627
0.82355
0
0.40065
0.518996
0.341418
-0.340431
5.94533
0.984603
0.583825
0.64885
0.28535
0.590124
0.361397
-0.385213
5.92772
0.99234
-0.90405
0
-0.209
0.311082
0.557835
-0.379393
5.94533
0.996817
-0.653975
0.630725
-0.1479
0.240235
0.531741
-0.36233
5.94533
0.950689
-0.57445
0.65235
-0.3016
0.239696
0.457073
-0.366865
5.92772
0.943666
-0.809225
0
-0.42905
0.310521
0.477538
-0.333804
5.9101
0.910626
-0.4749
-0.673475
-0.414375
0.381695
0.332693
-0.337433
5.92772
0.902525
-0.6807
0
-0.5981
0.310372
0.348343
-0.309068
5.92772
0.876447
-0.479175
0
-0.73945
0.310505
0.22369
-0.307281
5.9101
0.885808
-0.32945
-0.695175
-0.503375
0.38181
0.216143
-0.35138
5.90281
0.967646
0.002225
-0.92205
-0.00205
0.411884
0.409681
-0.36233
5.9101
0.950689
-0.57445
-0.65235
-0.3016
0.381844
0.457907
-0.333804
5.9101
0.910626
-0.4749
-0.673475
-0.414375
0.381695
0.332693
-0.325043
5.90281
0.930185
0.00335
-0.933875
-0.001375
0.411737
0.294076
-0.335895
5.92772
0.991627
0.82355
0
0.40065
0.518996
0.341418
-0.340431
5.9101
0.984603
0.583825
-0.64885
0.28535
0.447868
0.361397
-0.316281
5.9101
0.949744
0.494225
-0.6687
0.39885
0.447868
0.255017
-0.312652
5.92772
0.957846
0.71265
0
0.5698
0.518996
0.23903
-0.35138
5.95263
0.967646
0.0022
0.92205
-0.00205
0.619586
0.409631
-0.340431
5.94533
0.984603
0.583825
0.64885
0.28535
0.590124
0.361397
-0.316281
5.94533
0.949744
0.494225
0.6687
0.39885
0.590124
0.255017
-0.325043
5.95263
0.930185
0.00335
0.933875
-0.001375
0.619586
0.293611
-0.36233
5.94533
0.950689
-0.57445
0.65235
-0.3016
0.239696
0.457073
-0.35138
5.95263
0.967646
0.0022
0.92205
-0.00205
0.210857
0.4085
-0.325043
5.95263
0.930185
0.00335
0.933875
-0.001375
0.210711
0.292896
-0.333804
5.94533
0.910626
-0.4749
0.673475
-0.414375
0.239548
0.331858
-0.36233
5.9101
0.950689
-0.57445
-0.65235
-0.3016
0.381844
0.457907
-0.366865
5.92772
0.943666
-0.809225
0
-0.42905
0.310521
0.477538
-0.337433
5.92772
0.902525
-0.6807
0
-0.5981
0.310372
0.348343
-0.333804
5.9101
0.910626
-0.4749
-0.673475
-0.414375
0.381695
0.332693
-0.340431
5.9101
0.984603
0.583825
-0.64885
0.28535
0.447868
0.361397
-0.35138
5.90281
0.967646
0.002225
-0.92205
-0.00205
0.418406
0.409631
-0.325043
5.90281
0.930185
0.00335
-0.933875
-0.001375
0.418406
0.293611
-0.316281
5.9101
0.949744
0.494225
-0.6687
0.39885
0.447868
0.255017
-0.340431
5.94533
0.984603
0.583825
0.64885
0.28535
0.590124
0.361397
-0.335895
5.92772
0.991627
0.82355
0
0.40065
0.518996
0.341418
-0.312652
5.92772
0.957846
0.71265
0
0.5698
0.518996
0.23903
-0.316281
5.94533
0.949744
0.494225
0.6687
0.39885
0.590124
0.255017
-0.302969
5.95263
0.908405
0.0028
0.944125
-0.00105
0.619586
0.196372
-0.298656
5.94533
0.931003
0.34595
0.69115
0.490925
0.590124
0.177374
-0.260848
5.94533
0.915109
0.481433
0.472967
0.303867
0.590124
0.010827
-0.265161
5.95263
0.892512
0.327433
0.634133
-0.0625
0.619586
0.029825
-0.316281
5.9101
0.949744
0.494225
-0.6687
0.39885
0.447868
0.255017
-0.325043
5.90281
0.930185
0.00335
-0.933875
-0.001375
0.418406
0.293611
-0.302969
5.90281
0.908405
0.0028
-0.94415
-0.00105
0.418406
0.196372
-0.298656
5.9101
0.931003
0.34595
-0.691175
0.490925
0.447868
0.177374
-0.316281
5.94533
0.949744
0.494225
0.6687
0.39885
0.590124
0.255017
-0.312652
5.92772
0.957846
0.71265
0
0.5698
0.518996
0.23903
-0.296869
5.92772
0.940363
0.50655
0
0.71665
0.518996
0.169505
-0.298656
5.94533
0.931003
0.34595
0.69115
0.490925
0.590124
0.177374
-0.337433
5.92772
0.902525
-0.6807
0
-0.5981
0.310372
0.348343
-0.333804
5.94533
0.910626
-0.4749
0.673475
-0.414375
0.239548
0.331858
-0.307281
5.94533
0.885808
-0.329475
0.695175
-0.503375
0.239663
0.215308
-0.309068
5.92772
0.876447
-0.479175
0
-0.73945
0.310505
0.22369
-0.325043
5.90281
0.930185
0.00335
-0.933875
-0.001375
0.411737
0.294076
-0.333804
5.9101
0.910626
-0.4749
-0.673475
-0.414375
0.381695
0.332693
-0.307281
5.9101
0.885808
-0.32945
-0.695175
-0.503375
0.38181
0.216143
-0.302969
5.90281
0.908405
0.0028
-0.94415
-0.00105
0.41181
0.197086
-0.312652
5.92772
0.957846
0.71265
0
0.5698
0.518996
0.23903
-0.316281
5.9101
0.949744
0.494225
-0.6687
0.39885
0.447868
0.255017
-0.298656
5.9101
0.931003
0.34595
-0.691175
0.490925
0.447868
0.177374
-0.296869
5.92772
0.940363
0.50655
0
0.71665
0.518996
0.169505
-0.325043
5.95263
0.930185
0.00335
0.933875
-0.001375
0.619586
0.293611
-0.316281
5.94533
0.949744
0.494225
0.6687
0.39885
0.590124
0.255017
-0.298656
5.94533
0.931003
0.34595
0.69115
0.490925
0.590124
0.177374
-0.302969
5.95263
0.908405
0.0028
0.944125
-0.00105
0.619586
0.196372
-0.333804
5.94533
0.910626
-0.4749
0.673475
-0.414375
0.239548
0.331858
-0.325043
5.95263
0.930185
0.00335
0.933875
-0.001375
0.210711
0.292896
-0.302969
5.95263
0.908405
0.0028
0.944125
-0.00105
0.210784
0.195906
-0.307281
5.94533
0.885808
-0.329475
0.695175
-0.503375
0.239663
0.215308
-0.265161
5.95263
0.892512
0.327433
0.634133
-0.0625
0.211344
0.029561
-0.260848
5.94533
0.915109
0.481433
0.472967
0.303867
0.241344
0.010505
-0.259061
5.92772
0.92447
0.555767
0
0.4807
0.312649
0.002958
-0.260848
5.9101
0.915109
0.481433
-0.473
0.303867
0.383491
0.01134
-0.265161
5.90281
0.892512
0.327433
-0.634167
-0.0625
0.41237
0.030742
-0.269473
5.9101
0.869914
0.173433
-0.472967
-0.428867
0.382371
0.049798
-0.27126
5.92772
0.860554
0.0991
0
-0.6057
0.311065
0.057346
-0.269473
5.94533
0.869914
0.173433
0.472967
-0.428867
0.240223
0.048964
-0.307281
5.94533
0.885808
-0.329475
0.695175
-0.503375
0.239663
0.215308
-0.302969
5.95263
0.908405
0.0028
0.944125
-0.00105
0.210784
0.195906
-0.265161
5.95263
0.892512
0.327433
0.634133
-0.0625
0.211344
0.029561
-0.269473
5.94533
0.869914
0.173433
0.472967
-0.428867
0.240223
0.048964
-0.307281
5.9101
0.885808
-0.32945
-0.695175
-0.503375
0.38181
0.216143
-0.309068
5.92772
0.876447
-0.479175
0
-0.73945
0.310505
0.22369
-0.27126
5.92772
0.860554
0.0991
0
-0.6057
0.311065
0.057346
-0.269473
5.9101
0.869914
0.173433
-0.472967
-0.428867
0.382371
0.049798
-0.298656
5.9101
0.931003
0.34595
-0.691175
0.490925
0.447868
0.177374
-0.302969
5.90281
0.908405
0.0028
-0.94415
-0.00105
0.418406
0.196372
-0.265161
5.90281
0.892512
0.327433
-0.634167
-0.0625
0.418406
0.029825
-0.260848
5.9101
0.915109
0.481433
-0.473
0.303867
0.447868
0.010827
-0.298656
5.94533
0.931003
0.34595
0.69115
0.490925
0.590124
0.177374
-0.296869
5.92772
0.940363
0.50655
0
0.71665
0.518996
0.169505
-0.259061
5.92772
0.92447
0.555767
0
0.4807
0.518996
0.002958
-0.260848
5.94533
0.915109
0.481433
0.472967
0.303867
0.590124
0.010827
-0.309068
5.92772
0.876447
-0.479175
0
-0.73945
0.310505
0.22369
-0.307281
5.94533
0.885808
-0.329475
0.695175
-0.503375
0.239663
0.215308
-0.269473
5.94533
0.869914
0.173433
0.472967
-0.428867
0.240223
0.048964
-0.27126
5.92772
0.860554
0.0991
0
-0.6057
0.311065
0.057346
-0.302969
5.90281
0.908405
0.0028
-0.94415
-0.00105
0.41181
0.197086
-0.307281
5.9101
0.885808
-0.32945
-0.695175
-0.503375
0.38181
0.216143
-0.269473
5.9101
0.869914
0.173433
-0.472967
-0.428867
0.382371
0.049798
-0.265161
5.90281
0.892512
0.327433
-0.634167
-0.0625
0.41237
0.030742
-0.296869
5.92772
0.940363
0.50655
0
0.71665
0.518996
0.169505
-0.298656
5.9101
0.931003
0.34595
-0.691175
0.490925
0.447868
0.177374
-0.260848
5.9101
0.915109
0.481433
-0.473
0.303867
0.447868
0.010827
-0.259061
5.92772
0.92447
0.555767
0
0.4807
0.518996
0.002958
-0.368441
5.95263
-1.01042
-0.001
-0.905775
-0.002675
0.803293
0.730823
-0.396445
5.95263
-1.40026
0.0532667
-0.605733
0.329033
0.803293
0.501124
-0.380713
5.94533
-1.40281
-0.3971
-0.419433
0.361367
0.870501
0.537169
-0.352709
5.94533
-1.01297
-0.680875
-0.6238
0.03845
0.870501
0.766868
-0.352709
5.94533
-1.01297
-0.680875
-0.6238
0.03845
0.870501
0.766868
-0.380713
5.94533
-1.40281
-0.3971
-0.419433
0.361367
0.870501
0.537169
-0.374197
5.92772
-1.40386
-0.569733
0
0.373767
0.917592
0.564074
-0.346193
5.92772
-1.01403
-0.93815
0
0.04915
0.917592
0.793773
-0.346193
5.92772
-1.01403
-0.93815
0
0.04915
0.587047
0.793774
-0.374197
5.92772
-1.40386
-0.569733
0
0.373767
0.587047
0.564075
-0.380713
5.9101
-1.40281
-0.3971
0.419433
0.361367
0.634138
0.537169
-0.352709
5.9101
-1.01297
-0.680875
0.6238
0.03845
0.634138
0.766868
-0.352709
5.9101
-1.01297
-0.680875
0.6238
0.03845
0.634138
0.766868
-0.380713
5.9101
-1.40281
-0.3971
0.419433
0.361367
0.634138
0.537169
-0.396445
5.90281
-1.40026
0.0532667
0.605733
0.329033
0.701346
0.501124
-0.368441
5.90281
-1.01042
-0.001025
0.905775
-0.002675
0.701346
0.730823
-0.368441
5.90281
-1.01042
-0.001025
0.905775
-0.002675
0.701346
0.730823
-0.396445
5.90281
-1.40026
0.0532667
0.605733
0.329033
0.701346
0.501124
-0.412177
5.9101
-1.39771
0.503633
0.419433
0.2967
0.749302
0.477055
-0.384172
5.9101
-1.00788
0.6782
0.625975
-0.056325
0.749302
0.706754
-0.384172
5.9101
-1.00788
0.6782
0.625975
-0.056325
0.923627
0.649594
-0.412177
5.9101
-1.39771
0.503633
0.419433
0.2967
0.923627
0.499752
-0.418693
5.92772
-1.39666
0.676267
0
0.2843
0.996982
0.477055
-0.390689
5.92772
-1.00682
0.93485
0
-0.07955
0.996982
0.626897
-0.380713
5.94533
-1.40281
-0.3971
-0.419433
0.361367
0.717812
0.996729
-0.396445
5.95263
-1.40026
0.0532667
-0.605733
0.329033
0.641212
0.997042
-0.412177
5.94533
-1.39771
0.503633
-0.419433
0.2967
0.587047
0.943956
-0.418693
5.92772
-1.39666
0.676267
0
0.2843
0.587047
0.868566
-0.412177
5.9101
-1.39771
0.503633
0.419433
0.2967
0.641212
0.815036
-0.396445
5.90281
-1.40026
0.0532667
0.605733
0.329033
0.717812
0.814722
-0.380713
5.9101
-1.40281
-0.3971
0.419433
0.361367
0.771977
0.867809
-0.374197
5.92772
-1.40386
-0.569733
0
0.373767
0.771977
0.943198
-0.390689
5.92772
-1.00682
0.93485
0
-0.07955
0.104352
0.130433
-0.418693
5.92772
-1.39666
0.676267
0
0.2843
0.111583
0.002958
-0.412177
5.94533
-1.39771
0.503633
-0.419433
0.2967
0.18283
0.03134
-0.384172
5.94533
-1.00788
0.678225
-0.625975
-0.056325
0.175599
0.158815
-0.384172
5.94533
-1.00788
0.678225
-0.625975
-0.056325
0.755337
0.706754
-0.412177
5.94533
-1.39771
0.503633
-0.419433
0.2967
0.755337
0.477055
-0.396445
5.95263
-1.40026
0.0532667
-0.605733
0.329033
0.803293
0.501124
-0.368441
5.95263
-1.01042
-0.001
-0.905775
-0.002675
0.803293
0.730823
-0.352709
5.94533
-1.01297
-0.680875
-0.6238
0.03845
0.870501
0.766868
-0.346193
5.92772
-1.01403
-0.93815
0
0.04915
0.917592
0.793773
-0.345474
5.92772
-0.983567
-0.9171
0
0.1557
0.912274
0.808807
-0.351294
5.94533
-0.97909
-0.66315
-0.625775
0.11685
0.866815
0.784811
-0.365344
5.90281
-0.968282
-0.00269999
0.908175
-0.0044
0.003647
0.242897
-0.379393
5.9101
-0.957473
0.653925
0.630725
-0.1479
0.032542
0.181009
-0.36233
5.9101
-0.911346
0.574425
0.65235
-0.3016
0.032006
0.256647
-0.35138
5.90281
-0.928303
-0.002225
0.92205
-0.00205
0.003163
0.304817
-0.368441
5.90281
-1.01042
-0.001025
0.905775
-0.002675
0.701346
0.730823
-0.384172
5.9101
-1.00788
0.6782
0.625975
-0.056325
0.749302
0.706754
-0.379393
5.9101
-0.957473
0.653925
0.630725
-0.1479
0.745111
0.738751
-0.365344
5.90281
-0.968282
-0.00269999
0.908175
-0.0044
0.701093
0.755793
-0.384172
5.94533
-1.00788
0.678225
-0.625975
-0.056325
0.755337
0.706754
-0.368441
5.95263
-1.01042
-0.001
-0.905775
-0.002675
0.803293
0.730823
-0.365344
5.95263
-0.968282
-0.00265
-0.908175
-0.0044
0.803545
0.755793
-0.379393
5.94533
-0.957473
0.653975
-0.630725
-0.1479
0.759528
0.738751
-0.368441
5.95263
-1.01042
-0.001
-0.905775
-0.002675
0.803293
0.730823
-0.352709
5.94533
-1.01297
-0.680875
-0.6238
0.03845
0.870501
0.766868
-0.351294
5.94533
-0.97909
-0.66315
-0.625775
0.11685
0.866815
0.784811
-0.365344
5.95263
-0.968282
-0.00265
-0.908175
-0.0044
0.803545
0.755793
-0.346193
5.92772
-1.01403
-0.93815
0
0.04915
0.587047
0.793774
-0.352709
5.9101
-1.01297
-0.680875
0.6238
0.03845
0.634138
0.766868
-0.351294
5.9101
-0.97909
-0.66315
0.625775
0.11685
0.637824
0.784811
-0.345474
5.92772
-0.983567
-0.9171
0
0.1557
0.592364
0.808807
-0.384172
5.9101
-1.00788
0.6782
0.625975
-0.056325
0.03345
0.159425
-0.390689
5.92772
-1.00682
0.93485
0
-0.07955
0.104352
0.130433
-0.385213
5.92772
-0.952996
0.90405
0
-0.209
0.103391
0.155121
-0.379393
5.9101
-0.957473
0.653925
0.630725
-0.1479
0.032542
0.181009
-0.352709
5.9101
-1.01297
-0.680875
0.6238
0.03845
0.634138
0.766868
-0.368441
5.90281
-1.01042
-0.001025
0.905775
-0.002675
0.701346
0.730823
-0.365344
5.90281
-0.968282
-0.00269999
0.908175
-0.0044
0.701093
0.755793
-0.351294
5.9101
-0.97909
-0.66315
0.625775
0.11685
0.637824
0.784811
-0.390689
5.92772
-1.00682
0.93485
0
-0.07955
0.104352
0.130433
-0.384172
5.94533
-1.00788
0.678225
-0.625975
-0.056325
0.175599
0.158815
-0.379393
5.94533
-0.957473
0.653975
-0.630725
-0.1479
0.174691
0.180399
-0.385213
5.92772
-0.952996
0.90405
0
-0.209
0.103391
0.155121
-0.366865
5.92772
-0.904322
0.8092
0
-0.42905
0.102833
0.236442
-0.36233
5.94533
-0.911346
0.57445
-0.65235
-0.3016
0.174154
0.256037
-0.333804
5.94533
-0.871283
0.4749
-0.673475
-0.414375
0.174007
0.382095
-0.337433
5.92772
-0.863181
0.680675
0
-0.5981
0.102685
0.366504
-0.345474
5.92772
-0.983567
-0.9171
0
0.1557
0.726212
0.090484
-0.351294
5.9101
-0.97909
-0.66315
0.625775
0.11685
0.79734
0.064848
-0.340431
5.9101
-0.94526
-0.583825
0.648825
0.28535
0.79734
0.1127
-0.335895
5.92772
-0.952284
-0.82355
0
0.40065
0.726212
0.132679
-0.365344
5.95263
-0.968282
-0.00265
-0.908175
-0.0044
0.625622
0.002958
-0.351294
5.94533
-0.97909
-0.66315
-0.625775
0.11685
0.655084
0.064848
-0.340431
5.94533
-0.94526
-0.583825
-0.648825
0.28535
0.655084
0.1127
-0.35138
5.95263
-0.928303
-0.0022
-0.92205
-0.00205
0.625622
0.064466
-0.379393
5.94533
-0.957473
0.653975
-0.630725
-0.1479
0.174691
0.180399
-0.365344
5.95263
-0.968282
-0.00265
-0.908175
-0.0044
0.204675
0.242034
-0.35138
5.95263
-0.928303
-0.0022
-0.92205
-0.00205
0.204191
0.303954
-0.36233
5.94533
-0.911346
0.57445
-0.65235
-0.3016
0.174154
0.256037
-0.379393
5.9101
-0.957473
0.653925
0.630725
-0.1479
0.032542
0.181009
-0.385213
5.92772
-0.952996
0.90405
0
-0.209
0.103391
0.155121
-0.366865
5.92772
-0.904322
0.8092
0
-0.42905
0.102833
0.236442
-0.36233
5.9101
-0.911346
0.574425
0.65235
-0.3016
0.032006
0.256647
-0.351294
5.9101
-0.97909
-0.66315
0.625775
0.11685
0.79734
0.064848
-0.365344
5.90281
-0.968282
-0.00269999
0.908175
-0.0044
0.826802
0.002958
-0.35138
5.90281
-0.928303
-0.002225
0.92205
-0.00205
0.826802
0.064466
-0.340431
5.9101
-0.94526
-0.583825
0.648825
0.28535
0.79734
0.1127
-0.351294
5.94533
-0.97909
-0.66315
-0.625775
0.11685
0.655084
0.064848
-0.345474
5.92772
-0.983567
-0.9171
0
0.1557
0.726212
0.090484
-0.335895
5.92772
-0.952284
-0.82355
0
0.40065
0.726212
0.132679
-0.340431
5.94533
-0.94526
-0.583825
-0.648825
0.28535
0.655084
0.1127
-0.385213
5.92772
-0.952996
0.90405
0
-0.209
0.103391
0.155121
-0.379393
5.94533
-0.957473
0.653975
-0.630725
-0.1479
0.174691
0.180399
-0.36233
5.94533
-0.911346
0.57445
-0.65235
-0.3016
0.174154
0.256037
-0.366865
5.92772
-0.904322
0.8092
0
-0.42905
0.102833
0.236442
-0.333804
5.9101
-0.871283
0.474875
0.673475
-0.414375
0.031859
0.382705
-0.337433
5.92772
-0.863181
0.680675
0
-0.5981
0.102685
0.366504
-0.309068
5.92772
-0.837103
0.479175
0
-0.73945
0.102816
0.491705
-0.307281
5.9101
-0.846464
0.32945
0.6952
-0.503375
0.031973
0.499778
-0.35138
5.90281
-0.928303
-0.002225
0.92205
-0.00205
0.003163
0.304817
-0.36233
5.9101
-0.911346
0.574425
0.65235
-0.3016
0.032006
0.256647
-0.333804
5.9101
-0.871283
0.474875
0.673475
-0.414375
0.031859
0.382705
-0.325043
5.90281
-0.890842
-0.00335
0.933875
-0.001375
0.003018
0.421209
-0.335895
5.92772
-0.952284
-0.82355
0
0.40065
0.726212
0.132679
-0.340431
5.9101
-0.94526
-0.583825
0.648825
0.28535
0.79734
0.1127
-0.316281
5.9101
-0.910401
-0.494225
0.6687
0.39885
0.79734
0.219081
-0.312652
5.92772
-0.918502
-0.71265
0
0.5698
0.726212
0.235067
-0.35138
5.95263
-0.928303
-0.0022
-0.92205
-0.00205
0.625622
0.064466
-0.340431
5.94533
-0.94526
-0.583825
-0.648825
0.28535
0.655084
0.1127
-0.316281
5.94533
-0.910401
-0.494225
-0.6687
0.39885
0.655084
0.219081
-0.325043
5.95263
-0.890842
-0.00335
-0.933875
-0.001375
0.625622
0.180487
-0.36233
5.94533
-0.911346
0.57445
-0.65235
-0.3016
0.174154
0.256037
-0.35138
5.95263
-0.928303
-0.0022
-0.92205
-0.00205
0.204191
0.303954
-0.325043
5.95263
-0.890842
-0.00335
-0.933875
-0.001375
0.204046
0.420346
-0.333804
5.94533
-0.871283
0.4749
-0.673475
-0.414375
0.174007
0.382095
-0.36233
5.9101
-0.911346
0.574425
0.65235
-0.3016
0.032006
0.256647
-0.366865
5.92772
-0.904322
0.8092
0
-0.42905
0.102833
0.236442
-0.337433
5.92772
-0.863181
0.680675
0
-0.5981
0.102685
0.366504
-0.333804
5.9101
-0.871283
0.474875
0.673475
-0.414375
0.031859
0.382705
-0.340431
5.9101
-0.94526
-0.583825
0.648825
0.28535
0.79734
0.1127
-0.35138
5.90281
-0.928303
-0.002225
0.92205
-0.00205
0.826802
0.064466
-0.325043
5.90281
-0.890842
-0.00335
0.933875
-0.001375
0.826802
0.180487
-0.316281
5.9101
-0.910401
-0.494225
0.6687
0.39885
0.79734
0.219081
-0.340431
5.94533
-0.94526
-0.583825
-0.648825
0.28535
0.655084
0.1127
-0.335895
5.92772
-0.952284
-0.82355
0
0.40065
0.726212
0.132679
-0.312652
5.92772
-0.918502
-0.71265
0
0.5698
0.726212
0.235067
-0.316281
5.94533
-0.910401
-0.494225
-0.6687
0.39885
0.655084
0.219081
-0.302969
5.95263
-0.869062
-0.0028
-0.944125
-0.00105
0.625622
0.277725
-0.298656
5.94533
-0.891659
-0.34595
-0.69115
0.490925
0.655084
0.296723
-0.260848
5.94533
-0.875766
-0.481433
-0.472967
0.303867
0.655084
0.46327
-0.265161
5.95263
-0.853168
-0.327433
-0.634133
-0.0625
0.625622
0.444273
-0.316281
5.9101
-0.910401
-0.494225
0.6687
0.39885
0.79734
0.219081
-0.325043
5.90281
-0.890842
-0.00335
0.933875
-0.001375
0.826802
0.180487
-0.302969
5.90281
-0.869062
-0.0028
0.944175
-0.00105
0.826802
0.277725
-0.298656
5.9101
-0.891659
-0.34595
0.691175
0.490925
0.79734
0.296723
-0.316281
5.94533
-0.910401
-0.494225
-0.6687
0.39885
0.655084
0.219081
-0.312652
5.92772
-0.918502
-0.71265
0
0.5698
0.726212
0.235067
-0.296869
5.92772
-0.901019
-0.50655
0
0.71665
0.726212
0.304592
-0.298656
5.94533
-0.891659
-0.34595
-0.69115
0.490925
0.655084
0.296723
-0.337433
5.92772
-0.863181
0.680675
0
-0.5981
0.102685
0.366504
-0.333804
5.94533
-0.871283
0.4749
-0.673475
-0.414375
0.174007
0.382095
-0.307281
5.94533
-0.846464
0.329475
-0.695175
-0.503375
0.174121
0.499168
-0.309068
5.92772
-0.837103
0.479175
0
-0.73945
0.102816
0.491705
-0.325043
5.90281
-0.890842
-0.00335
0.933875
-0.001375
0.003018
0.421209
-0.333804
5.9101
-0.871283
0.474875
0.673475
-0.414375
0.031859
0.382705
-0.307281
5.9101
-0.846464
0.32945
0.6952
-0.503375
0.031973
0.499778
-0.302969
5.90281
-0.869062
-0.0028
0.944175
-0.00105
0.00309
0.518658
-0.312652
5.92772
-0.918502
-0.71265
0
0.5698
0.726212
0.235067
-0.316281
5.9101
-0.910401
-0.494225
0.6687
0.39885
0.79734
0.219081
-0.298656
5.9101
-0.891659
-0.34595
0.691175
0.490925
0.79734
0.296723
-0.296869
5.92772
-0.901019
-0.50655
0
0.71665
0.726212
0.304592
-0.325043
5.95263
-0.890842
-0.00335
-0.933875
-0.001375
0.625622
0.180487
-0.316281
5.94533
-0.910401
-0.494225
-0.6687
0.39885
0.655084
0.219081
-0.298656
5.94533
-0.891659
-0.34595
-0.69115
0.490925
0.655084
0.296723
-0.302969
5.95263
-0.869062
-0.0028
-0.944125
-0.00105
0.625622
0.277725
-0.333804
5.94533
-0.871283
0.4749
-0.673475
-0.414375
0.174007
0.382095
-0.325043
5.95263
-0.890842
-0.00335
-0.933875
-0.001375
0.204046
0.420346
-0.302969
5.95263
-0.869062
-0.0028
-0.944125
-0.00105
0.204118
0.517795
-0.307281
5.94533
-0.846464
0.329475
-0.695175
-0.503375
0.174121
0.499168
-0.265161
5.95263
-0.853168
-0.327433
-0.634133
-0.0625
0.204675
0.684474
-0.260848
5.94533
-0.875766
-0.481433
-0.472967
0.303867
0.175793
0.703354
-0.259061
5.92772
-0.885126
-0.555767
0
0.4807
0.104949
0.711427
-0.260848
5.9101
-0.875766
-0.481433
0.473
0.303867
0.033644
0.703964
-0.265161
5.90281
-0.853168
-0.327433
0.6342
-0.0625
0.003647
0.685337
-0.269473
5.9101
-0.83057
-0.173433
0.473
-0.428867
0.03253
0.666457
-0.27126
5.92772
-0.82121
-0.0991
0
-0.6057
0.103373
0.658384
-0.269473
5.94533
-0.83057
-0.173433
-0.472967
-0.428867
0.174678
0.665847
-0.307281
5.94533
-0.846464
0.329475
-0.695175
-0.503375
0.174121
0.499168
-0.302969
5.95263
-0.869062
-0.0028
-0.944125
-0.00105
0.204118
0.517795
-0.265161
5.95263
-0.853168
-0.327433
-0.634133
-0.0625
0.204675
0.684474
-0.269473
5.94533
-0.83057
-0.173433
-0.472967
-0.428867
0.174678
0.665847
-0.307281
5.9101
-0.846464
0.32945
0.6952
-0.503375
0.031973
0.499778
-0.309068
5.92772
-0.837103
0.479175
0
-0.73945
0.102816
0.491705
-0.27126
5.92772
-0.82121
-0.0991
0
-0.6057
0.103373
0.658384
-0.269473
5.9101
-0.83057
-0.173433
0.473
-0.428867
0.03253
0.666457
-0.298656
5.9101
-0.891659
-0.34595
0.691175
0.490925
0.79734
0.296723
-0.302969
5.90281
-0.869062
-0.0028
0.944175
-0.00105
0.826802
0.277725
-0.265161
5.90281
-0.853168
-0.327433
0.6342
-0.0625
0.826802
0.444273
-0.260848
5.9101
-0.875766
-0.481433
0.473
0.303867
0.79734
0.46327
-0.298656
5.94533
-0.891659
-0.34595
-0.69115
0.490925
0.655084
0.296723
-0.296869
5.92772
-0.901019
-0.50655
0
0.71665
0.726212
0.304592
-0.259061
5.92772
-0.885126
-0.555767
0
0.4807
0.726212
0.47114
-0.260848
5.94533
-0.875766
-0.481433
-0.472967
0.303867
0.655084
0.46327
-0.309068
5.92772
-0.837103
0.479175
0
-0.73945
0.102816
0.491705
-0.307281
5.94533
-0.846464
0.329475
-0.695175
-0.503375
0.174121
0.499168
-0.269473
5.94533
-0.83057
-0.173433
-0.472967
-0.428867
0.174678
0.665847
-0.27126
5.92772
-0.82121
-0.0991
0
-0.6057
0.103373
0.658384
-0.302969
5.90281
-0.869062
-0.0028
0.944175
-0.00105
0.00309
0.518658
-0.307281
5.9101
-0.846464
0.32945
0.6952
-0.503375
0.031973
0.499778
-0.269473
5.9101
-0.83057
-0.173433
0.473
-0.428867
0.03253
0.666457
-0.265161
5.90281
-0.853168
-0.327433
0.6342
-0.0625
0.003647
0.685337
-0.296869
5.92772
-0.901019
-0.50655
0
0.71665
0.726212
0.304592
-0.298656
5.9101
-0.891659
-0.34595
0.691175
0.490925
0.79734
0.296723
-0.260848
5.9101
-0.875766
-0.481433
0.473
0.303867
0.79734
0.46327
-0.259061
5.92772
-0.885126
-0.555767
0
0.4807
0.726212
0.47114
