-0.20379
5.88153
0.072301
0.6397
0.7686
0
0.278959
0.735007
-0.260663
5.92886
0.052474
0.6397
0.7686
0
0.247301
0.6808
-0.317535
5.97619
0.072301
0.6397
0.7686
0
0.247301
0.618208
-0.359169
6.01084
0.126467
0.6397
0.7686
0
0.278959
0.564001
-0.374408
6.02352
0.200459
0.6397
0.7686
0
0.333791
0.532705
-0.359169
6.01084
0.274451
0.6397
0.7686
0
0.397105
0.532705
-0.317535
5.97619
0.328617
0.6397
0.7686
0
0.451937
0.564001
-0.260663
5.92886
0.348443
0.6397
0.7686
0
0.483595
0.618208
-0.20379
5.88153
0.328617
0.6397
0.7686
0
0.483595
0.6808
-0.162157
5.84688
0.274451
0.6397
0.7686
0
0.451937
0.735007
-0.146918
5.83419
0.200459
0.6397
0.7686
0
0.397105
0.766303
-0.162157
5.84688
0.126467
0.6397
0.7686
0
0.333791
0.766303
-0.20379
5.88153
-0.072301
0.6397
0.7686
0
0.688655
0.493575
-0.162157
5.84688
-0.126467
0.6397
0.7686
0
0.743487
0.524871
-0.146918
5.83419
-0.200459
0.6397
0.7686
0
0.775144
0.579077
-0.162157
5.84688
-0.274451
0.6397
0.7686
0
0.775144
0.64167
-0.20379
5.88153
-0.328617
0.6397
0.7686
0
0.743487
0.695876
-0.260663
5.92886
-0.348443
0.6397
0.7686
0
0.688655
0.727173
-0.317535
5.97619
-0.328617
0.6397
0.7686
0
0.62534
0.727173
-0.359169
6.01084
-0.274451
0.6397
0.7686
0
0.570508
0.695876
-0.374408
6.02352
-0.200459
0.6397
0.7686
0
0.538851
0.64167
-0.359169
6.01084
-0.126467
0.6397
0.7686
0
0.538851
0.579077
-0.317535
5.97619
-0.072301
0.6397
0.7686
0
0.570508
0.524871
-0.260663
5.92886
-0.052474
0.6397
0.7686
0
0.62534
0.493575
