4.55561
3.85446
0.433138
-0.195633
-0.4289
0.333333
0.661812
0.661812
4.39226
4.29178
0.433138
-0.4289
0.195633
0.333333
0.338188
0.661812
4.39226
4.29178
-0.433138
-0.4289
0.195633
-0.333333
0.338188
0.338188
4.55561
3.85446
-0.433138
-0.195633
-0.4289
-0.333333
0.661812
0.338188
4.55561
3.85446
-0.433138
-0.195633
-0.4289
-0.333333
0.328479
0.328479
4.39226
4.29178
-0.433138
-0.4289
0.195633
-0.333333
0.004854
0.328479
4.45275
4.31437
-0.433138
0.195633
0.4289
-0.333333
0.004854
0.004854
4.6161
3.87705
-0.433138
0.4289
-0.195633
-0.333333
0.328479
0.004854
4.6161
3.87705
0.433138
0.4289
-0.195633
0.333333
0.328479
0.338188
4.6161
3.87705
-0.433138
0.4289
-0.195633
-0.333333
0.328479
0.661812
4.60947
3.8948
-0.397987
0.9368
0.3499
0
0.315347
0.648681
4.60947
3.8948
0.397987
0.9368
0.3499
0
0.315347
0.351319
4.6161
3.87705
0.433138
0.4289
-0.195633
0.333333
0.338188
0.328479
4.45275
4.31437
0.433138
0.195633
0.4289
0.333333
0.338188
0.004854
4.39226
4.29178
0.433138
-0.4289
0.195633
0.333333
0.661812
0.004854
4.55561
3.85446
0.433138
-0.195633
-0.4289
0.333333
0.661812
0.328479
4.55561
3.85446
-0.433138
-0.195633
-0.4289
-0.333333
0.328479
0.995146
4.6161
3.87705
-0.433138
0.4289
-0.195633
-0.333333
0.004854
0.995146
4.6161
3.87705
0.433138
0.4289
-0.195633
0.333333
0.004854
0.671521
4.55561
3.85446
0.433138
-0.195633
-0.4289
0.333333
0.328479
0.671521
4.45275
4.31437
-0.433138
0.195633
0.4289
-0.333333
0.995146
0.004854
4.39226
4.29178
-0.433138
-0.4289
0.195633
-0.333333
0.995146
0.328479
4.39226
4.29178
0.433138
-0.4289
0.195633
0.333333
0.671521
0.328479
4.45275
4.31437
0.433138
0.195633
0.4289
0.333333
0.671521
0.004854
4.60947
3.8948
-0.397987
0.9368
0.3499
0
0.315347
0.648681
4.45938
4.29663
-0.397987
0.9368
0.3499
0
0.017986
0.648681
4.45938
4.29663
0.397987
0.9368
0.3499
0
0.017986
0.351319
4.60947
3.8948
0.397987
0.9368
0.3499
0
0.315347
0.351319
4.45275
4.31437
-0.433138
0.195633
0.4289
-0.333333
0.004854
0.661812
4.45275
4.31437
0.433138
0.195633
0.4289
0.333333
0.004854
0.338188
4.45938
4.29663
0.397987
0.9368
0.3499
0
0.017986
0.351319
4.45938
4.29663
-0.397987
0.9368
0.3499
0
0.017986
0.648681
4.6161
3.87705
-0.433138
0.4289
-0.195633
-0.333333
0.328479
0.661812
4.45275
4.31437
-0.433138
0.195633
0.4289
-0.333333
0.004854
0.661812
4.45938
4.29663
-0.397987
0.9368
0.3499
0
0.017986
0.648681
4.60947
3.8948
-0.397987
0.9368
0.3499
0
0.315347
0.648681
4.45275
4.31437
0.433138
0.195633
0.4289
0.333333
0.004854
0.338188
4.6161
3.87705
0.433138
0.4289
-0.195633
0.333333
0.328479
0.338188
4.60947
3.8948
0.397987
0.9368
0.3499
0
0.315347
0.351319
4.45938
4.29663
0.397987
0.9368
0.3499
0
0.017986
0.351319
