-1.56966
2.33811
-0.037314
0
0.333333
0.577333
0.84375
0.417108
-1.53735
2.33811
-0.018657
0
0
0
0.859088
0.417108
-1.53735
4.28121
-0.018657
-0.5
-0.333333
0.288667
0.859088
0.455852
-1.56966
4.28121
-0.037314
0
0
0
0.84375
0.455852
-1.53735
2.33811
-0.018657
0
0
0
0.84375
0.416383
-1.53735
2.33811
0.018657
0
0
0
0.813075
0.416383
-1.53735
4.28121
0.018657
-0.5
-0.333333
-0.288667
0.813075
0.377639
-1.53735
4.28121
-0.018657
-0.5
-0.333333
0.288667
0.84375
0.377639
-1.53735
2.33811
0.018657
0
0
0
0.750575
0.417108
-1.56966
2.33811
0.037314
0
0.333333
-0.577333
0.765913
0.417108
-1.56966
4.28121
0.037314
0
0
0
0.765913
0.455852
-1.53735
4.28121
0.018657
-0.5
-0.333333
-0.288667
0.750575
0.455852
-1.56966
2.33811
0.037314
0
0.333333
-0.577333
0.765913
0.417108
-1.60198
2.33811
0.018657
0
0
0
0.796588
0.417108
-1.60198
4.28121
0.018657
0
0
0
0.796588
0.455852
-1.56966
4.28121
0.037314
0
0
0
0.765913
0.455852
-1.53735
4.28121
-0.018657
-0.5
-0.333333
0.288667
0.750575
0.485635
-1.53735
4.28121
0.018657
-0.5
-0.333333
-0.288667
0.750575
0.466263
-1.56966
4.28121
0.037314
0
0
0
0.777141
0.456577
-1.60198
4.28121
0.018657
0
0
0
0.803706
0.466263
-1.60198
4.28121
-0.018657
0
0
0
0.803706
0.485635
-1.56966
4.28121
-0.037314
0
0
0
0.777141
0.495321
-1.60198
2.33811
0.018657
0
0
0
0.796588
0.417108
-1.60198
2.33811
-0.018657
0
0
0
0.811926
0.417108
-1.60198
4.28121
-0.018657
0
0
0
0.811926
0.455852
-1.60198
4.28121
0.018657
0
0
0
0.796588
0.455852
-1.60198
2.33811
-0.018657
0
0
0
0.813075
0.417108
-1.56966
2.33811
-0.037314
0
0.333333
0.577333
0.84375
0.417108
-1.56966
4.28121
-0.037314
0
0
0
0.84375
0.455852
-1.60198
4.28121
-0.018657
0
0
0
0.813075
0.455852
-1.56966
2.33811
-0.037314
0
0.333333
0.577333
0.777141
0.496046
-1.60198
2.33811
-0.018657
0
0
0
0.803706
0.505732
-1.60198
2.33811
0.018657
0
0
0
0.803706
0.525104
-1.56966
2.33811
0.037314
0
0.333333
-0.577333
0.777141
0.53479
-1.53735
2.33811
0.018657
0
0
0
0.750575
0.525104
-1.53735
2.33811
-0.018657
0
0
0
0.750575
0.505732
-2.19416
2.56541
-0.037314
0.214267
0.255333
0.577333
0.686926
0.661642
-2.16941
2.54464
-0.018657
-0.168733
0.576733
0.288667
0.671588
0.64879
-0.920411
4.03314
-0.018657
-0.597267
0.0660667
0.288667
0.671588
0.000363
-0.945165
4.05391
-0.037314
-0.214267
-0.255333
0.577333
0.686926
0.013214
-2.16941
2.54464
-0.018657
-0.168733
0.576733
0.288667
0.671588
0.64879
-2.16941
2.54464
0.018657
-0.168733
0.576733
-0.288667
0.640913
0.64879
-0.920411
4.03314
0.018657
-0.597267
0.0660667
-0.288667
0.640913
0.000363
-0.920411
4.03314
-0.018657
-0.597267
0.0660667
0.288667
0.671588
0.000363
-2.16941
2.54464
0.018657
-0.168733
0.576733
-0.288667
0.640913
0.64879
-2.19416
2.56541
0.037314
0.214267
0.255333
-0.577333
0.625575
0.661642
-0.945165
4.05391
0.037314
-0.214267
-0.255333
-0.577333
0.625575
0.013214
-0.920411
4.03314
0.018657
-0.597267
0.0660667
-0.288667
0.640913
0.000363
-2.19416
2.56541
0.037314
0.214267
0.255333
-0.577333
0.624426
0.661642
-2.21892
2.58618
0.018657
0.597267
-0.0660667
-0.288667
0.609088
0.674493
-0.96992
4.07468
0.018657
0.168733
-0.576733
-0.288667
0.609088
0.026066
-0.945165
4.05391
0.037314
-0.214267
-0.255333
-0.577333
0.624426
0.013214
-0.920411
4.03314
-0.018657
-0.597267
0.0660667
0.288667
0.578413
0.000363
-0.920411
4.03314
0.018657
-0.597267
0.0660667
-0.288667
0.609088
0.000363
-0.945165
4.05391
0.037314
-0.214267
-0.255333
-0.577333
0.624426
0.013214
-0.96992
4.07468
0.018657
0.168733
-0.576733
-0.288667
0.609088
0.026066
-0.96992
4.07468
-0.018657
0.168733
-0.576733
0.288667
0.578413
0.026066
-0.945165
4.05391
-0.037314
-0.214267
-0.255333
0.577333
0.563075
0.013214
-2.21892
2.58618
0.018657
0.597267
-0.0660667
-0.288667
0.609088
0.674493
-2.21892
2.58618
-0.018657
0.597267
-0.0660667
0.288667
0.578413
0.674493
-0.96992
4.07468
-0.018657
0.168733
-0.576733
0.288667
0.578413
0.026066
-0.96992
4.07468
0.018657
0.168733
-0.576733
-0.288667
0.609088
0.026066
-2.21892
2.58618
-0.018657
0.597267
-0.0660667
0.288667
0.578413
0.674493
-2.19416
2.56541
-0.037314
0.214267
0.255333
0.577333
0.563075
0.661642
-0.945165
4.05391
-0.037314
-0.214267
-0.255333
0.577333
0.563075
0.013214
-0.96992
4.07468
-0.018657
0.168733
-0.576733
0.288667
0.578413
0.026066
-2.19416
2.56541
-0.037314
0.214267
0.255333
0.577333
0.686926
0.661642
-2.21892
2.58618
-0.018657
0.597267
-0.0660667
0.288667
0.671588
0.674493
-2.21892
2.58618
0.018657
0.597267
-0.0660667
-0.288667
0.640913
0.674493
-2.19416
2.56541
0.037314
0.214267
0.255333
-0.577333
0.625575
0.661642
-2.16941
2.54464
0.018657
-0.168733
0.576733
-0.288667
0.640913
0.64879
-2.16941
2.54464
-0.018657
-0.168733
0.576733
0.288667
0.671588
0.64879
-2.52645
3.14095
-0.037314
0.328267
0.0578667
0.577333
0.186926
0.996724
-2.52084
3.10913
-0.018657
0.241467
0.550267
0.288667
0.171588
0.993811
-0.607265
3.44655
-0.018657
-0.415067
0.434533
0.288667
0.171588
0.000363
-0.612876
3.47837
-0.037314
-0.328267
-0.0578667
0.577333
0.186926
0.003276
-2.52084
3.10913
-0.018657
0.241467
0.550267
0.288667
0.171588
0.993811
-2.52084
3.10913
0.018657
0.241467
0.550267
-0.288667
0.140913
0.993811
-0.607265
3.44655
0.018657
-0.415067
0.434533
-0.288667
0.140913
0.000363
-0.607265
3.44655
-0.018657
-0.415067
0.434533
0.288667
0.171588
0.000363
-2.52084
3.10913
0.018657
0.241467
0.550267
-0.288667
0.140913
0.993811
-2.52645
3.14095
0.037314
0.328267
0.0578667
-0.577333
0.125575
0.996724
-0.612876
3.47837
0.037314
-0.328267
-0.0578667
-0.577333
0.125575
0.003276
-0.607265
3.44655
0.018657
-0.415067
0.434533
-0.288667
0.140913
0.000363
-2.52645
3.14095
0.037314
0.328267
0.0578667
-0.577333
0.124426
0.996724
-2.53206
3.17278
0.018657
0.415067
-0.434533
-0.288667
0.109088
0.999637
-0.618488
3.51019
0.018657
-0.241467
-0.550267
-0.288667
0.109088
0.006189
-0.612876
3.47837
0.037314
-0.328267
-0.0578667
-0.577333
0.124426
0.003276
-0.607265
3.44655
-0.018657
-0.415067
0.434533
0.288667
0.078413
0.000363
-0.607265
3.44655
0.018657
-0.415067
0.434533
-0.288667
0.109088
0.000363
-0.612876
3.47837
0.037314
-0.328267
-0.0578667
-0.577333
0.124426
0.003276
-0.618488
3.51019
0.018657
-0.241467
-0.550267
-0.288667
0.109088
0.006189
-0.618488
3.51019
-0.018657
-0.241467
-0.550267
0.288667
0.078413
0.006189
-0.612876
3.47837
-0.037314
-0.328267
-0.0578667
0.577333
0.063075
0.003276
-2.53206
3.17278
0.018657
0.415067
-0.434533
-0.288667
0.109088
0.999637
-2.53206
3.17278
-0.018657
0.415067
-0.434533
0.288667
0.078413
0.999637
-0.618488
3.51019
-0.018657
-0.241467
-0.550267
0.288667
0.078413
0.006189
-0.618488
3.51019
0.018657
-0.241467
-0.550267
-0.288667
0.109088
0.006189
-2.53206
3.17278
-0.018657
0.415067
-0.434533
0.288667
0.078413
0.999637
-2.52645
3.14095
-0.037314
0.328267
0.0578667
0.577333
0.063075
0.996724
-0.612876
3.47837
-0.037314
-0.328267
-0.0578667
0.577333
0.063075
0.003276
-0.618488
3.51019
-0.018657
-0.241467
-0.550267
0.288667
0.078413
0.006189
-2.52645
3.14095
-0.037314
0.328267
0.0578667
0.577333
0.186926
0.996724
-2.53206
3.17278
-0.018657
0.415067
-0.434533
0.288667
0.171588
0.999637
-2.53206
3.17278
0.018657
0.415067
-0.434533
-0.288667
0.140913
0.999637
-2.52645
3.14095
0.037314
0.328267
0.0578667
-0.577333
0.125575
0.996724
-2.52084
3.10913
0.018657
0.241467
0.550267
-0.288667
0.140913
0.993811
-2.52084
3.10913
-0.018657
0.241467
0.550267
0.288667
0.171588
0.993811
-2.41105
3.79543
-0.037314
0.288667
-0.166667
0.577333
0.499426
0.882375
-2.42721
3.76745
-0.018657
0.538667
0.266333
0.288667
0.484088
0.890763
-0.744436
2.7959
-0.018657
-0.0386667
0.599667
0.288667
0.484088
0.017139
-0.728279
2.82389
-0.037314
-0.288667
0.166667
0.577333
0.499426
0.008751
-2.42721
3.76745
-0.018657
0.538667
0.266333
0.288667
0.484088
0.890763
-2.42721
3.76745
0.018657
0.538667
0.266333
-0.288667
0.453413
0.890763
-0.744436
2.7959
0.018657
-0.0386667
0.599667
-0.288667
0.453413
0.017139
-0.744436
2.7959
-0.018657
-0.0386667
0.599667
0.288667
0.484088
0.017139
-2.42721
3.76745
0.018657
0.538667
0.266333
-0.288667
0.453413
0.890763
-2.41105
3.79543
0.037314
0.288667
-0.166667
-0.577333
0.438075
0.882375
-0.728279
2.82389
0.037314
-0.288667
0.166667
-0.577333
0.438075
0.008751
-0.744436
2.7959
0.018657
-0.0386667
0.599667
-0.288667
0.453413
0.017139
-2.41105
3.79543
0.037314
0.288667
-0.166667
-0.577333
0.311926
0.882375
-2.39489
3.82342
0.018657
0.0386667
-0.599667
-0.288667
0.296588
0.873986
-0.712122
2.85187
0.018657
-0.538667
-0.266333
-0.288667
0.296588
0.000363
-0.728279
2.82389
0.037314
-0.288667
0.166667
-0.577333
0.311926
0.008751
-0.744436
2.7959
-0.018657
-0.0386667
0.599667
0.288667
0.484088
0.017139
-0.744436
2.7959
0.018657
-0.0386667
0.599667
-0.288667
0.453413
0.017139
-0.728279
2.82389
0.037314
-0.288667
0.166667
-0.577333
0.438075
0.008751
-0.712122
2.85187
0.018657
-0.538667
-0.266333
-0.288667
0.453413
0.000363
-0.712122
2.85187
-0.018657
-0.538667
-0.266333
0.288667
0.484088
0.000363
-0.728279
2.82389
-0.037314
-0.288667
0.166667
0.577333
0.499426
0.008751
-2.39489
3.82342
0.018657
0.0386667
-0.599667
-0.288667
0.296588
0.873986
-2.39489
3.82342
-0.018657
0.0386667
-0.599667
0.288667
0.265913
0.873986
-0.712122
2.85187
-0.018657
-0.538667
-0.266333
0.288667
0.265913
0.000363
-0.712122
2.85187
0.018657
-0.538667
-0.266333
-0.288667
0.296588
0.000363
-2.39489
3.82342
-0.018657
0.0386667
-0.599667
0.288667
0.265913
0.873986
-2.41105
3.79543
-0.037314
0.288667
-0.166667
0.577333
0.250575
0.882375
-0.728279
2.82389
-0.037314
-0.288667
0.166667
0.577333
0.250575
0.008751
-0.712122
2.85187
-0.018657
-0.538667
-0.266333
0.288667
0.265913
0.000363
-2.41105
3.79543
-0.037314
0.288667
-0.166667
0.577333
0.250575
0.882375
-2.39489
3.82342
-0.018657
0.0386667
-0.599667
0.288667
0.265913
0.873986
-2.39489
3.82342
0.018657
0.0386667
-0.599667
-0.288667
0.296588
0.873986
-2.41105
3.79543
0.037314
0.288667
-0.166667
-0.577333
0.311926
0.882375
-2.42721
3.76745
0.018657
0.538667
0.266333
-0.288667
0.296588
0.890763
-2.42721
3.76745
-0.018657
0.538667
0.266333
0.288667
0.265913
0.890763
-1.90195
4.22262
-0.037313
0.114
-0.313233
0.577333
0.936926
0.361148
-1.93232
4.21157
-0.018657
0.583833
-0.142233
0.288667
0.921588
0.376913
-1.26774
2.38565
-0.018657
0.355833
0.484233
0.288667
0.921588
0.031892
-1.23738
2.3967
-0.037314
-0.114
0.313233
0.577333
0.936926
0.016127
-1.93232
4.21157
-0.018657
0.583833
-0.142233
0.288667
0.921588
0.376913
-1.93232
4.21157
0.018657
0.583833
-0.142233
-0.288667
0.890912
0.376913
-1.26774
2.38565
0.018657
0.355833
0.484233
-0.288667
0.890912
0.031892
-1.26774
2.38565
-0.018657
0.355833
0.484233
0.288667
0.921588
0.031892
-1.93232
4.21157
0.018657
0.583833
-0.142233
-0.288667
0.890912
0.376913
-1.90195
4.22262
0.037314
0.114
-0.313233
-0.577333
0.875575
0.361148
-1.23738
2.3967
0.037313
-0.114
0.313233
-0.577333
0.875575
0.016127
-1.26774
2.38565
0.018657
0.355833
0.484233
-0.288667
0.890912
0.031892
-1.90195
4.22262
0.037314
0.114
-0.313233
-0.577333
0.999425
0.361148
-1.87159
4.23367
0.018657
-0.355833
-0.484233
-0.288667
0.984088
0.345384
-1.20701
2.40776
0.018657
-0.583833
0.142233
-0.288667
0.984088
0.000363
-1.23738
2.3967
0.037313
-0.114
0.313233
-0.577333
0.999426
0.016127
-1.26774
2.38565
-0.018657
0.355833
0.484233
0.288667
0.921588
0.031892
-1.26774
2.38565
0.018657
0.355833
0.484233
-0.288667
0.890912
0.031892
-1.23738
2.3967
0.037313
-0.114
0.313233
-0.577333
0.875575
0.016127
-1.20701
2.40776
0.018657
-0.583833
0.142233
-0.288667
0.890912
0.000363
-1.20701
2.40776
-0.018657
-0.583833
0.142233
0.288667
0.921588
0.000363
-1.23738
2.3967
-0.037314
-0.114
0.313233
0.577333
0.936926
0.016127
-1.87159
4.23367
0.018657
-0.355833
-0.484233
-0.288667
0.984088
0.345384
-1.87159
4.23367
-0.018657
-0.355833
-0.484233
0.288667
0.953412
0.345384
-1.20701
2.40776
-0.018657
-0.583833
0.142233
0.288667
0.953412
0.000363
-1.20701
2.40776
0.018657
-0.583833
0.142233
-0.288667
0.984088
0.000363
-1.87159
4.23367
-0.018657
-0.355833
-0.484233
0.288667
0.953412
0.345384
-1.90195
4.22262
-0.037313
0.114
-0.313233
0.577333
0.938075
0.361148
-1.23738
2.3967
-0.037314
-0.114
0.313233
0.577333
0.938075
0.016127
-1.20701
2.40776
-0.018657
-0.583833
0.142233
0.288667
0.953412
0.000363
-1.90195
4.22262
-0.037313
0.114
-0.313233
0.577333
0.938075
0.361148
-1.87159
4.23367
-0.018657
-0.355833
-0.484233
0.288667
0.953412
0.345384
-1.87159
4.23367
0.018657
-0.355833
-0.484233
-0.288667
0.984088
0.345384
-1.90195
4.22262
0.037314
0.114
-0.313233
-0.577333
0.999425
0.361148
-1.93232
4.21157
0.018657
0.583833
-0.142233
-0.288667
0.984088
0.376913
-1.93232
4.21157
-0.018657
0.583833
-0.142233
0.288667
0.953412
0.376913
-1.23738
4.22262
-0.037313
-0.114
-0.313233
0.577333
0.750575
0.016128
-1.26774
4.23367
-0.018657
0.355833
-0.484233
0.288667
0.765913
0.031892
-1.93232
2.40776
-0.018657
0.583833
0.142233
0.288667
0.765913
0.376913
-1.90195
2.3967
-0.037314
0.114
0.313233
0.577333
0.750575
0.361149
-1.26774
4.23367
-0.018657
0.355833
-0.484233
0.288667
0.765913
0.031892
-1.26774
4.23367
0.018657
0.355833
-0.484233
-0.288667
0.796588
0.031892
-1.93232
2.40776
0.018657
0.583833
0.142233
-0.288667
0.796588
0.376913
-1.93232
2.40776
-0.018657
0.583833
0.142233
0.288667
0.765913
0.376913
-1.26774
4.23367
0.018657
0.355833
-0.484233
-0.288667
0.796588
0.031892
-1.23738
4.22262
0.037314
-0.114
-0.313233
-0.577333
0.811926
0.016128
-1.90195
2.3967
0.037313
0.114
0.313233
-0.577333
0.811926
0.361149
-1.93232
2.40776
0.018657
0.583833
0.142233
-0.288667
0.796588
0.376913
-1.23738
4.22262
0.037314
-0.114
-0.313233
-0.577333
0.813075
0.016128
-1.20701
4.21157
0.018657
-0.583833
-0.142233
-0.288667
0.828413
0.000363
-1.87159
2.38565
0.018657
-0.355833
0.484233
-0.288667
0.828413
0.345384
-1.90195
2.3967
0.037313
0.114
0.313233
-0.577333
0.813075
0.361149
-1.93232
2.40776
-0.018657
0.583833
0.142233
0.288667
0.859088
0.376913
-1.93232
2.40776
0.018657
0.583833
0.142233
-0.288667
0.828413
0.376913
-1.90195
2.3967
0.037313
0.114
0.313233
-0.577333
0.813075
0.361149
-1.87159
2.38565
0.018657
-0.355833
0.484233
-0.288667
0.828413
0.345384
-1.87159
2.38565
-0.018657
-0.355833
0.484233
0.288667
0.859088
0.345384
-1.90195
2.3967
-0.037314
0.114
0.313233
0.577333
0.874426
0.361149
-1.20701
4.21157
0.018657
-0.583833
-0.142233
-0.288667
0.828413
0.000363
-1.20701
4.21157
-0.018657
-0.583833
-0.142233
0.288667
0.859088
0.000363
-1.87159
2.38565
-0.018657
-0.355833
0.484233
0.288667
0.859088
0.345384
-1.87159
2.38565
0.018657
-0.355833
0.484233
-0.288667
0.828413
0.345384
-1.20701
4.21157
-0.018657
-0.583833
-0.142233
0.288667
0.859088
0.000363
-1.23738
4.22262
-0.037313
-0.114
-0.313233
0.577333
0.874426
0.016128
-1.90195
2.3967
-0.037314
0.114
0.313233
0.577333
0.874426
0.361149
-1.87159
2.38565
-0.018657
-0.355833
0.484233
0.288667
0.859088
0.345384
-1.23738
4.22262
-0.037313
-0.114
-0.313233
0.577333
0.750575
0.016128
-1.20701
4.21157
-0.018657
-0.583833
-0.142233
0.288667
0.765913
0.000363
-1.20701
4.21157
0.018657
-0.583833
-0.142233
-0.288667
0.796588
0.000363
-1.23738
4.22262
0.037314
-0.114
-0.313233
-0.577333
0.811926
0.016128
-1.26774
4.23367
0.018657
0.355833
-0.484233
-0.288667
0.796588
0.031892
-1.26774
4.23367
-0.018657
0.355833
-0.484233
0.288667
0.765913
0.031892
-0.728279
3.79543
-0.037314
-0.288667
-0.166667
0.577333
0.313075
0.008751
-0.744436
3.82342
-0.018657
-0.0386667
-0.599667
0.288667
0.328413
0.017139
-2.42721
2.85187
-0.018657
0.538667
-0.266333
0.288667
0.328413
0.890763
-2.41105
2.82389
-0.037314
0.288667
0.166667
0.577333
0.313075
0.882375
-0.744436
3.82342
-0.018657
-0.0386667
-0.599667
0.288667
0.328413
0.017139
-0.744436
3.82342
0.018657
-0.0386667
-0.599667
-0.288667
0.359088
0.017139
-2.42721
2.85187
0.018657
0.538667
-0.266333
-0.288667
0.359088
0.890763
-2.42721
2.85187
-0.018657
0.538667
-0.266333
0.288667
0.328413
0.890763
-0.744436
3.82342
0.018657
-0.0386667
-0.599667
-0.288667
0.359088
0.017139
-0.728279
3.79543
0.037314
-0.288667
-0.166667
-0.577333
0.374426
0.008751
-2.41105
2.82389
0.037314
0.288667
0.166667
-0.577333
0.374426
0.882375
-2.42721
2.85187
0.018657
0.538667
-0.266333
-0.288667
0.359088
0.890763
-0.728279
3.79543
0.037314
-0.288667
-0.166667
-0.577333
0.375575
0.008751
-0.712122
3.76745
0.018657
-0.538667
0.266333
-0.288667
0.390913
0.000363
-2.39489
2.7959
0.018657
0.0386667
0.599667
-0.288667
0.390913
0.873987
-2.41105
2.82389
0.037314
0.288667
0.166667
-0.577333
0.375575
0.882375
-2.42721
2.85187
-0.018657
0.538667
-0.266333
0.288667
0.421588
0.890763
-2.42721
2.85187
0.018657
0.538667
-0.266333
-0.288667
0.390913
0.890763
-2.41105
2.82389
0.037314
0.288667
0.166667
-0.577333
0.375575
0.882375
-2.39489
2.7959
0.018657
0.0386667
0.599667
-0.288667
0.390913
0.873987
-2.39489
2.7959
-0.018657
0.0386667
0.599667
0.288667
0.421588
0.873987
-2.41105
2.82389
-0.037314
0.288667
0.166667
0.577333
0.436926
0.882375
-0.712122
3.76745
0.018657
-0.538667
0.266333
-0.288667
0.390913
0.000363
-0.712122
3.76745
-0.018657
-0.538667
0.266333
0.288667
0.421588
0.000363
-2.39489
2.7959
-0.018657
0.0386667
0.599667
0.288667
0.421588
0.873987
-2.39489
2.7959
0.018657
0.0386667
0.599667
-0.288667
0.390913
0.873987
-0.712122
3.76745
-0.018657
-0.538667
0.266333
0.288667
0.421588
0.000363
-0.728279
3.79543
-0.037314
-0.288667
-0.166667
0.577333
0.436926
0.008751
-2.41105
2.82389
-0.037314
0.288667
0.166667
0.577333
0.436926
0.882375
-2.39489
2.7959
-0.018657
0.0386667
0.599667
0.288667
0.421588
0.873987
-0.728279
3.79543
-0.037314
-0.288667
-0.166667
0.577333
0.313075
0.008751
-0.712122
3.76745
-0.018657
-0.538667
0.266333
0.288667
0.328413
0.000363
-0.712122
3.76745
0.018657
-0.538667
0.266333
-0.288667
0.359088
0.000363
-0.728279
3.79543
0.037314
-0.288667
-0.166667
-0.577333
0.374426
0.008751
-0.744436
3.82342
0.018657
-0.0386667
-0.599667
-0.288667
0.359088
0.017139
-0.744436
3.82342
-0.018657
-0.0386667
-0.599667
0.288667
0.328413
0.017139
-0.612876
3.14095
-0.037314
-0.328267
0.0578667
0.577333
0.188075
0.003276
-0.607265
3.17278
-0.018657
-0.415067
-0.434533
0.288667
0.203413
0.000363
-2.52084
3.51019
-0.018657
0.241467
-0.550267
0.288667
0.203413
0.993811
-2.52645
3.47837
-0.037314
0.328267
-0.0578667
0.577333
0.188075
0.996724
-0.607265
3.17278
-0.018657
-0.415067
-0.434533
0.288667
0.203413
0.000363
-0.607265
3.17278
0.018657
-0.415067
-0.434533
-0.288667
0.234088
0.000363
-2.52084
3.51019
0.018657
0.241467
-0.550267
-0.288667
0.234088
0.993811
-2.52084
3.51019
-0.018657
0.241467
-0.550267
0.288667
0.203413
0.993811
-0.607265
3.17278
0.018657
-0.415067
-0.434533
-0.288667
0.234088
0.000363
-0.612876
3.14095
0.037314
-0.328267
0.0578667
-0.577333
0.249426
0.003276
-2.52645
3.47837
0.037314
0.328267
-0.0578667
-0.577333
0.249426
0.996724
-2.52084
3.51019
0.018657
0.241467
-0.550267
-0.288667
0.234088
0.993811
-0.612876
3.14095
0.037314
-0.328267
0.0578667
-0.577333
0.000575
0.003276
-0.618488
3.10913
0.018657
-0.241467
0.550267
-0.288667
0.015912
0.006189
-2.53206
3.44655
0.018657
0.415067
0.434533
-0.288667
0.015913
0.999637
-2.52645
3.47837
0.037314
0.328267
-0.0578667
-0.577333
0.000575
0.996724
-2.52084
3.51019
-0.018657
0.241467
-0.550267
0.288667
0.203413
0.993811
-2.52084
3.51019
0.018657
0.241467
-0.550267
-0.288667
0.234088
0.993811
-2.52645
3.47837
0.037314
0.328267
-0.0578667
-0.577333
0.249426
0.996724
-2.53206
3.44655
0.018657
0.415067
0.434533
-0.288667
0.234088
0.999637
-2.53206
3.44655
-0.018657
0.415067
0.434533
0.288667
0.203413
0.999637
-2.52645
3.47837
-0.037314
0.328267
-0.0578667
0.577333
0.188075
0.996724
-0.618488
3.10913
0.018657
-0.241467
0.550267
-0.288667
0.015912
0.006189
-0.618488
3.10913
-0.018657
-0.241467
0.550267
0.288667
0.046588
0.006189
-2.53206
3.44655
-0.018657
0.415067
0.434533
0.288667
0.046588
0.999637
-2.53206
3.44655
0.018657
0.415067
0.434533
-0.288667
0.015913
0.999637
-0.618488
3.10913
-0.018657
-0.241467
0.550267
0.288667
0.046588
0.006189
-0.612876
3.14095
-0.037314
-0.328267
0.0578667
0.577333
0.061925
0.003276
-2.52645
3.47837
-0.037314
0.328267
-0.0578667
0.577333
0.061926
0.996724
-2.53206
3.44655
-0.018657
0.415067
0.434533
0.288667
0.046588
0.999637
-0.612876
3.14095
-0.037314
-0.328267
0.0578667
0.577333
0.061925
0.003276
-0.618488
3.10913
-0.018657
-0.241467
0.550267
0.288667
0.046588
0.006189
-0.618488
3.10913
0.018657
-0.241467
0.550267
-0.288667
0.015912
0.006189
-0.612876
3.14095
0.037314
-0.328267
0.0578667
-0.577333
0.000575
0.003276
-0.607265
3.17278
0.018657
-0.415067
-0.434533
-0.288667
0.015912
0.000363
-0.607265
3.17278
-0.018657
-0.415067
-0.434533
0.288667
0.046588
0.000363
-0.945166
2.56541
-0.037314
-0.214267
0.255333
0.577333
0.688075
0.013214
-0.920411
2.58618
-0.018657
-0.597267
-0.0660667
0.288667
0.703413
0.000363
-2.16941
4.07468
-0.018657
-0.168733
-0.576733
0.288667
0.703413
0.64879
-2.19416
4.05391
-0.037314
0.214267
-0.255333
0.577333
0.688075
0.661641
-0.920411
2.58618
-0.018657
-0.597267
-0.0660667
0.288667
0.703413
0.000363
-0.920411
2.58618
0.018657
-0.597267
-0.0660667
-0.288667
0.734088
0.000363
-2.16941
4.07468
0.018657
-0.168733
-0.576733
-0.288667
0.734088
0.64879
-2.16941
4.07468
-0.018657
-0.168733
-0.576733
0.288667
0.703413
0.64879
-0.920411
2.58618
0.018657
-0.597267
-0.0660667
-0.288667
0.734088
0.000363
-0.945166
2.56541
0.037314
-0.214267
0.255333
-0.577333
0.749426
0.013214
-2.19416
4.05391
0.037314
0.214267
-0.255333
-0.577333
0.749426
0.661641
-2.16941
4.07468
0.018657
-0.168733
-0.576733
-0.288667
0.734088
0.64879
-0.945166
2.56541
0.037314
-0.214267
0.255333
-0.577333
0.500575
0.013214
-0.96992
2.54464
0.018657
0.168733
0.576733
-0.288667
0.515913
0.026066
-2.21892
4.03314
0.018657
0.597267
0.0660667
-0.288667
0.515913
0.674493
-2.19416
4.05391
0.037314
0.214267
-0.255333
-0.577333
0.500575
0.661641
-2.16941
4.07468
-0.018657
-0.168733
-0.576733
0.288667
0.703413
0.64879
-2.16941
4.07468
0.018657
-0.168733
-0.576733
-0.288667
0.734088
0.64879
-2.19416
4.05391
0.037314
0.214267
-0.255333
-0.577333
0.749426
0.661641
-2.21892
4.03314
0.018657
0.597267
0.0660667
-0.288667
0.734088
0.674493
-2.21892
4.03314
-0.018657
0.597267
0.0660667
0.288667
0.703413
0.674493
-2.19416
4.05391
-0.037314
0.214267
-0.255333
0.577333
0.688075
0.661641
-0.96992
2.54464
0.018657
0.168733
0.576733
-0.288667
0.515913
0.026066
-0.96992
2.54464
-0.018657
0.168733
0.576733
0.288667
0.546588
0.026066
-2.21892
4.03314
-0.018657
0.597267
0.0660667
0.288667
0.546588
0.674493
-2.21892
4.03314
0.018657
0.597267
0.0660667
-0.288667
0.515913
0.674493
-0.96992
2.54464
-0.018657
0.168733
0.576733
0.288667
0.546588
0.026066
-0.945166
2.56541
-0.037314
-0.214267
0.255333
0.577333
0.561926
0.013214
-2.19416
4.05391
-0.037314
0.214267
-0.255333
0.577333
0.561926
0.661641
-2.21892
4.03314
-0.018657
0.597267
0.0660667
0.288667
0.546588
0.674493
-0.945166
2.56541
-0.037314
-0.214267
0.255333
0.577333
0.561926
0.013214
-0.96992
2.54464
-0.018657
0.168733
0.576733
0.288667
0.546588
0.026066
-0.96992
2.54464
0.018657
0.168733
0.576733
-0.288667
0.515913
0.026066
-0.945166
2.56541
0.037314
-0.214267
0.255333
-0.577333
0.500575
0.013214
-0.920411
2.58618
0.018657
-0.597267
-0.0660667
-0.288667
0.515913
0.000363
-0.920411
2.58618
-0.018657
-0.597267
-0.0660667
0.288667
0.546588
0.000363
-1.56966
2.33811
-0.037314
0
-0.333333
-0.577333
0.750575
0.387325
-1.56966
4.28121
-0.037314
0
0
0
0.811926
0.387325
-1.53735
4.28121
-0.018657
0.5
0.333333
-0.288667
0.811926
0.406697
-1.53735
2.33811
-0.018657
0
0
0
0.750575
0.406697
-1.53735
2.33811
-0.018657
0
0
0
0.750575
0.406697
-1.53735
4.28121
-0.018657
0.5
0.333333
-0.288667
0.811926
0.406697
-1.53735
4.28121
0.018657
0.5
0.333333
0.288667
0.811926
0.416383
-1.53735
2.33811
0.018657
0
0
0
0.750575
0.416382
-1.53735
2.33811
0.018657
0
0
0
0.905149
0.456578
-1.53735
4.28121
0.018657
0.5
0.333333
0.288667
0.905149
0.495321
-1.56966
4.28121
0.037314
0
0
0
0.874474
0.495321
-1.56966
2.33811
0.037314
0
-0.333333
0.577333
0.874474
0.456578
-1.56966
2.33811
0.037314
0
-0.333333
0.577333
0.874474
0.456578
-1.56966
4.28121
0.037314
0
0
0
0.874474
0.495321
-1.60198
4.28121
0.018657
0
0
0
0.859136
0.495321
-1.60198
2.33811
0.018657
0
0
0
0.859136
0.456577
-1.53735
4.28121
-0.018657
0.5
0.333333
-0.288667
0.831421
0.456577
-1.56966
4.28121
-0.037314
0
0
0
0.857987
0.466263
-1.60198
4.28121
-0.018657
0
0
0
0.857987
0.485635
-1.60198
4.28121
0.018657
0
0
0
0.831421
0.495321
-1.56966
4.28121
0.037314
0
0
0
0.804856
0.485635
-1.53735
4.28121
0.018657
0.5
0.333333
0.288667
0.804855
0.466263
-1.60198
2.33811
0.018657
0
0
0
0.844899
0.416383
-1.60198
4.28121
0.018657
0
0
0
0.844899
0.377639
-1.60198
4.28121
-0.018657
0
0
0
0.875575
0.377639
-1.60198
2.33811
-0.018657
0
0
0
0.875575
0.416383
-1.60198
2.33811
-0.018657
0
0
0
0.750575
0.377639
-1.60198
4.28121
-0.018657
0
0
0
0.811926
0.377639
-1.56966
4.28121
-0.037314
0
0
0
0.811926
0.387325
-1.56966
2.33811
-0.037314
0
-0.333333
-0.577333
0.750575
0.387325
-1.56966
2.33811
-0.037314
0
-0.333333
-0.577333
0.804856
0.505732
-1.53735
2.33811
-0.018657
0
0
0
0.831421
0.496046
-1.53735
2.33811
0.018657
0
0
0
0.857987
0.505732
-1.56966
2.33811
0.037314
0
-0.333333
0.577333
0.857987
0.525104
-1.60198
2.33811
0.018657
0
0
0
0.831421
0.53479
-1.60198
2.33811
-0.018657
0
0
0
0.804855
0.525104
