0.378683
4.55554
0.04438
0.325367
0.155
-0.6424
0.958177
0.033461
0.366546
4.56494
0.042868
0.214133
0.2456
-0.6624
0.947236
0.034106
0.35441
4.57435
0.04438
0.1032
0.334367
-0.6513
0.936081
0.034106
0.34274
4.5834
0.048859
-0.000800009
0.416467
-0.611833
0.92514
0.03346
0.331984
4.59173
0.056132
-0.0931
0.4886
-0.5487
0.914834
0.032193
0.322557
4.59904
0.065921
-0.170833
0.5491
-0.467133
0.905558
0.030355
0.314821
4.60503
0.077848
-0.232633
0.597467
-0.371933
0.89767
0.028015
0.309072
4.60949
0.091455
-0.278067
0.633667
-0.266933
0.891473
0.025263
0.305532
4.61223
0.10622
-0.307
0.6579
-0.1551
0.887204
0.022206
0.304337
4.61316
0.121575
-0.3193
0.670133
-0.0387667
0.885027
0.01896
0.305532
4.61223
0.13693
-0.314633
0.669967
0.0799
0.885027
0.015651
0.309072
4.60949
0.151695
-0.292433
0.656667
0.198433
0.887204
0.012405
0.314821
4.60503
0.165302
-0.251967
0.629233
0.313767
0.891473
0.009348
0.322557
4.59904
0.177229
-0.192867
0.5867
0.4217
0.89767
0.006596
0.331984
4.59173
0.187017
-0.115633
0.528667
0.5167
0.905558
0.004256
0.34274
4.5834
0.19429
-0.0223
0.456033
0.592367
0.914834
0.002418
0.35441
4.57435
0.198769
0.0828667
0.371467
0.642433
0.92514
0.001152
0.366546
4.56494
0.200282
0.193633
0.279667
0.662367
0.936081
0.000506
0.378683
4.55554
0.198769
0.3028
0.1866
0.6509
0.947236
0.000507
0.390353
4.54649
0.194291
0.4037
0.0982667
0.6104
0.958177
0.001152
0.401108
4.53816
0.187017
0.4916
0.0194333
0.545833
0.968484
0.002419
0.410535
4.53085
0.177229
0.564167
-0.047
0.463167
0.977759
0.004258
0.418272
4.52485
0.165302
0.620867
-0.0997
0.367833
0.985647
0.006598
0.42402
4.5204
0.151695
0.662267
-0.1384
0.263933
0.991845
0.009349
0.42756
4.51765
0.13693
0.689167
-0.1633
0.1542
0.996114
0.012407
0.428756
4.51673
0.121575
0.701867
-0.174467
0.0403667
0.99829
0.015653
0.42756
4.51765
0.10622
0.699967
-0.171667
-0.0762
0.99829
0.018962
0.42402
4.5204
0.091455
0.6823
-0.154333
-0.193733
0.996114
0.022207
0.418272
4.52485
0.077848
0.6473
-0.121633
-0.309333
0.991845
0.025265
0.410535
4.53085
0.065921
0.593467
-0.0730667
-0.4185
0.985647
0.028016
0.401108
4.53816
0.056132
0.520333
-0.00906667
-0.515067
0.977759
0.030356
0.390353
4.54649
0.048859
0.429567
0.0683
-0.5919
0.968484
0.032194
0.42402
4.5204
0.091455
0.6823
-0.154333
-0.193733
0.956438
0.094767
0.42756
4.51765
0.10622
0.699967
-0.171667
-0.0762
0.947167
0.094881
0.101011
4.14429
0.115153
0.86595
-0.315475
-0.11595
0.945737
0.075307
0.09717
4.1424
0.100351
0.832775
-0.316825
-0.29625
0.95562
0.075251
0.378683
4.55554
0.198769
0.3028
0.1866
0.6509
0.878153
0.965037
0.366546
4.56494
0.200282
0.193633
0.279667
0.662367
0.879003
0.968323
0.020497
4.15963
0.204859
-0.039225
0.08985
0.987075
0.81363
0.975266
0.035805
4.15894
0.20403
0.143175
0.024325
0.973925
0.81404
0.972562
0.304337
4.61316
0.121575
-0.3193
0.670133
-0.0387667
0.895279
0.140685
0.305532
4.61223
0.10622
-0.307
0.6579
-0.1551
0.885027
0.140778
-0.052285
4.1491
0.108445
-0.86225
0.2378
-0.239225
0.886402
0.119013
-0.054418
4.15126
0.123571
-0.887475
0.261275
-0.0602
0.896165
0.118919
0.390353
4.54649
0.048859
0.429567
0.0683
-0.5919
0.665647
0.013371
0.401108
4.53816
0.056132
0.520333
-0.00906667
-0.515067
0.66366
0.0166
0.069839
4.13845
0.064145
0.546725
-0.250275
-0.77295
0.600076
0.010936
0.056627
4.13788
0.056358
0.39415
-0.204925
-0.8836
0.600986
0.008334
0.418272
4.52485
0.165302
0.620867
-0.0997
0.367833
0.904298
0.093153
0.410535
4.53085
0.177229
0.564167
-0.047
0.463167
0.8942
0.092258
0.076705
4.15473
0.18447
0.6031
-0.161025
0.710025
0.893282
0.072179
0.086914
4.15278
0.173095
0.71015
-0.20995
0.5686
0.902798
0.073191
0.322557
4.59904
0.177229
-0.192867
0.5867
0.4217
0.938754
0.140685
0.314821
4.60503
0.165302
-0.251967
0.629233
0.313767
0.928364
0.140629
-0.043045
4.15686
0.167408
-0.777425
0.2824
0.476325
0.927628
0.119195
-0.033816
4.15819
0.179633
-0.677925
0.268425
0.63625
0.937495
0.119461
0.331984
4.59173
0.056132
-0.0931
0.4886
-0.5487
0.905608
0.117906
0.34274
4.5834
0.048859
-0.000800009
0.416467
-0.611833
0.894903
0.117902
-0.003187
4.13975
0.053741
-0.318875
0.026325
-0.9198
0.897589
0.096932
-0.016997
4.14118
0.060345
-0.4768
0.080225
-0.83025
0.907009
0.09666
0.42756
4.51765
0.10622
0.699967
-0.171667
-0.0762
0.947167
0.094881
0.428756
4.51673
0.121575
0.701867
-0.174467
0.0403667
0.936915
0.094767
0.101881
4.14636
0.130411
0.8692
-0.303525
0.06475
0.9351
0.075117
0.101011
4.14429
0.115153
0.86595
-0.315475
-0.11595
0.945737
0.075307
0.366546
4.56494
0.200282
0.193633
0.279667
0.662367
0.879003
0.968323
0.35441
4.57435
0.198769
0.0828667
0.371467
0.642433
0.879884
0.971604
0.005313
4.1599
0.202695
-0.221925
0.15045
0.956625
0.813199
0.97789
0.020497
4.15963
0.204859
-0.039225
0.08985
0.987075
0.81363
0.975266
0.305532
4.61223
0.10622
-0.307
0.6579
-0.1551
0.948353
0.1177
0.309072
4.60949
0.091455
-0.278067
0.633667
-0.266933
0.938523
0.117782
-0.047231
4.14693
0.094032
-0.80735
0.20765
-0.41055
0.938269
0.096021
-0.052285
4.1491
0.108445
-0.86225
0.2378
-0.239225
0.948353
0.095893
0.401108
4.53816
0.056132
0.520333
-0.00906667
-0.515067
0.66366
0.0166
0.410535
4.53085
0.065921
0.593467
-0.0730667
-0.4185
0.661249
0.019661
0.081279
4.13942
0.074348
0.6728
-0.28455
-0.632375
0.598667
0.013366
0.069839
4.13845
0.064145
0.546725
-0.250275
-0.77295
0.600076
0.010936
0.410535
4.53085
0.177229
0.564167
-0.047
0.463167
0.8942
0.092258
0.401108
4.53816
0.187017
0.4916
0.0194333
0.545833
0.885156
0.091238
0.06446
4.15644
0.193636
0.470675
-0.1044
0.829275
0.885027
0.071041
0.076705
4.15473
0.18447
0.6031
-0.161025
0.710025
0.893282
0.072179
0.314821
4.60503
0.165302
-0.251967
0.629233
0.313767
0.928364
0.140629
0.309072
4.60949
0.151695
-0.292433
0.656667
0.198433
0.917372
0.140609
-0.049707
4.15521
0.15363
-0.84565
0.28485
0.30275
0.917182
0.119012
-0.043045
4.15686
0.167408
-0.777425
0.2824
0.476325
0.927628
0.119195
0.34274
4.5834
0.048859
-0.000800009
0.416467
-0.611833
0.894903
0.117902
0.35441
4.57435
0.04438
0.1032
0.334367
-0.6513
0.885027
0.117875
0.011658
4.13868
0.049951
-0.144475
-0.03185
-0.973775
0.889294
0.097216
-0.003187
4.13975
0.053741
-0.318875
0.026325
-0.9198
0.897589
0.096932
0.428756
4.51673
0.121575
0.701867
-0.174467
0.0403667
0.936915
0.094767
0.42756
4.51765
0.13693
0.689167
-0.1633
0.1542
0.926073
0.094432
0.099749
4.14851
0.145536
0.84375
-0.281625
0.2416
0.924116
0.074689
0.101881
4.14636
0.130411
0.8692
-0.303525
0.06475
0.9351
0.075117
0.35441
4.57435
0.198769
0.0828667
0.371467
0.642433
0.879884
0.971604
0.34274
4.5834
0.19429
-0.0223
0.456033
0.592367
0.880764
0.974754
-0.009163
4.15974
0.197623
-0.394825
0.202025
0.884175
0.812765
0.980334
0.005313
4.1599
0.202695
-0.221925
0.15045
0.956625
0.813199
0.97789
0.309072
4.60949
0.091455
-0.278067
0.633667
-0.266933
0.938523
0.117782
0.314821
4.60503
0.077848
-0.232633
0.597467
-0.371933
0.927845
0.117844
-0.03945
4.14484
0.080886
-0.723775
0.17125
-0.569625
0.927747
0.096195
-0.047231
4.14693
0.094032
-0.80735
0.20765
-0.41055
0.938269
0.096021
0.410535
4.53085
0.065921
0.593467
-0.0730667
-0.4185
0.661249
0.019661
0.418272
4.52485
0.077848
0.6473
-0.121633
-0.309333
0.658506
0.022436
0.090508
4.14076
0.086573
0.76855
-0.306725
-0.4707
0.596814
0.015531
0.081279
4.13942
0.074348
0.6728
-0.28455
-0.632375
0.598667
0.013366
0.401108
4.53816
0.187017
0.4916
0.0194333
0.545833
0.876677
0.958951
0.390353
4.54649
0.194291
0.4037
0.0982667
0.6104
0.877368
0.961873
0.05065
4.15787
0.20024
0.315675
-0.0417
0.919525
0.814415
0.969882
0.06446
4.15644
0.193636
0.470675
-0.1044
0.829275
0.814739
0.967329
0.309072
4.60949
0.151695
-0.292433
0.656667
0.198433
0.917372
0.140609
0.305532
4.61223
0.13693
-0.314633
0.669967
0.0799
0.906201
0.140629
-0.053548
4.15333
0.138828
-0.882175
0.277325
0.122075
0.906558
0.118919
-0.049707
4.15521
0.15363
-0.84565
0.28485
0.30275
0.917182
0.119012
0.366546
4.56494
0.042868
0.214133
0.2456
-0.6624
0.668065
0.006906
0.378683
4.55554
0.04438
0.325367
0.155
-0.6424
0.667135
0.010098
0.04215
4.13772
0.051286
0.221825
-0.151
-0.956575
0.601362
0.00566
0.026966
4.13799
0.049122
0.0389
-0.09205
-0.98695
0.60119
0.003017
0.35441
4.57435
0.04438
0.1032
0.334367
-0.6513
0.668401
0.003919
0.366546
4.56494
0.042868
0.214133
0.2456
-0.6624
0.668065
0.006906
0.026966
4.13799
0.049122
0.0389
-0.09205
-0.98695
0.60119
0.003017
0.011658
4.13868
0.049951
-0.144475
-0.03185
-0.973775
0.600476
0.000506
0.42756
4.51765
0.13693
0.689167
-0.1633
0.1542
0.926073
0.094432
0.42402
4.5204
0.151695
0.662267
-0.1384
0.263933
0.91506
0.093887
0.094695
4.15068
0.159949
0.79055
-0.2503
0.410875
0.913209
0.074039
0.099749
4.14851
0.145536
0.84375
-0.281625
0.2416
0.924116
0.074689
0.34274
4.5834
0.19429
-0.0223
0.456033
0.592367
0.880764
0.974754
0.331984
4.59173
0.187017
-0.115633
0.528667
0.5167
0.881607
0.977651
-0.022375
4.15917
0.189836
-0.54905
0.241725
0.7749
0.812343
0.982503
-0.009163
4.15974
0.197623
-0.394825
0.202025
0.884175
0.812765
0.980334
0.314821
4.60503
0.077848
-0.232633
0.597467
-0.371933
0.927845
0.117844
0.322557
4.59904
0.065921
-0.170833
0.5491
-0.467133
0.916731
0.117886
-0.029241
4.14289
0.069511
-0.6129
0.1287
-0.711425
0.917192
0.096411
-0.03945
4.14484
0.080886
-0.723775
0.17125
-0.569625
0.927747
0.096195
0.418272
4.52485
0.077848
0.6473
-0.121633
-0.309333
0.964369
0.094431
0.42402
4.5204
0.091455
0.6823
-0.154333
-0.193733
0.956438
0.094767
0.09717
4.1424
0.100351
0.832775
-0.316825
-0.29625
0.95562
0.075251
0.090508
4.14076
0.086573
0.76855
-0.306725
-0.4707
0.964369
0.074951
0.390353
4.54649
0.194291
0.4037
0.0982667
0.6104
0.877368
0.961873
0.378683
4.55554
0.198769
0.3028
0.1866
0.6509
0.878153
0.965037
0.035805
4.15894
0.20403
0.143175
0.024325
0.973925
0.81404
0.972562
0.05065
4.15787
0.20024
0.315675
-0.0417
0.919525
0.814415
0.969882
0.305532
4.61223
0.13693
-0.314633
0.669967
0.0799
0.906201
0.140629
0.304337
4.61316
0.121575
-0.3193
0.670133
-0.0387667
0.895279
0.140685
-0.054418
4.15126
0.123571
-0.887475
0.261275
-0.0602
0.896165
0.118919
-0.053548
4.15333
0.138828
-0.882175
0.277325
0.122075
0.906558
0.118919
0.378683
4.55554
0.04438
0.325367
0.155
-0.6424
0.667135
0.010098
0.390353
4.54649
0.048859
0.429567
0.0683
-0.5919
0.665647
0.013371
0.056627
4.13788
0.056358
0.39415
-0.204925
-0.8836
0.600986
0.008334
0.04215
4.13772
0.051286
0.221825
-0.151
-0.956575
0.601362
0.00566
0.42402
4.5204
0.151695
0.662267
-0.1384
0.263933
0.91506
0.093887
0.418272
4.52485
0.165302
0.620867
-0.0997
0.367833
0.904298
0.093153
0.086914
4.15278
0.173095
0.71015
-0.20995
0.5686
0.902798
0.073191
0.094695
4.15068
0.159949
0.79055
-0.2503
0.410875
0.913209
0.074039
0.331984
4.59173
0.187017
-0.115633
0.528667
0.5167
0.948143
0.140778
0.322557
4.59904
0.177229
-0.192867
0.5867
0.4217
0.938754
0.140685
-0.033816
4.15819
0.179633
-0.677925
0.268425
0.63625
0.937495
0.119461
-0.022375
4.15917
0.189836
-0.54905
0.241725
0.7749
0.946403
0.1198
0.322557
4.59904
0.065921
-0.170833
0.5491
-0.467133
0.916731
0.117886
0.331984
4.59173
0.056132
-0.0931
0.4886
-0.5487
0.905608
0.117906
-0.016997
4.14118
0.060345
-0.4768
0.080225
-0.83025
0.907009
0.09666
-0.029241
4.14289
0.069511
-0.6129
0.1287
-0.711425
0.917192
0.096411
-0.033816
4.15819
0.179633
-0.677925
0.268425
0.63625
0.127116
0.003876
-0.043045
4.15686
0.167408
-0.777425
0.2824
0.476325
0.135655
0.002311
-0.028155
3.92438
0.202091
-0.83745
-0.136675
0.4959
0.117156
0.035091
-0.020562
3.93059
0.213896
-0.739925
-0.07385
0.64895
0.108735
0.035747
0.101011
4.14429
0.115153
0.86595
-0.315475
-0.11595
0.404613
0.960242
0.101881
4.14636
0.130411
0.8692
-0.303525
0.06475
0.393563
0.960163
0.108397
3.97112
0.162711
0.93165
0.265025
0.0463
0.374975
0.935976
0.108746
3.96741
0.147753
0.935625
0.2257
-0.139925
0.385895
0.93563
-0.043045
4.15686
0.167408
-0.777425
0.2824
0.476325
0.135655
0.002311
-0.049707
4.15521
0.15363
-0.84565
0.28485
0.30275
0.145417
0.001203
-0.033263
3.91879
0.188706
-0.902575
-0.194125
0.32535
0.126791
0.034757
-0.028155
3.92438
0.202091
-0.83745
-0.136675
0.4959
0.117156
0.035091
0.101881
4.14636
0.130411
0.8692
-0.303525
0.06475
0.393563
0.960163
0.099749
4.14851
0.145536
0.84375
-0.281625
0.2416
0.382499
0.960609
0.105285
3.97367
0.177604
0.893475
0.2948
0.230675
0.364036
0.936642
0.108397
3.97112
0.162711
0.93165
0.265025
0.0463
0.374975
0.935976
-0.049707
4.15521
0.15363
-0.84565
0.28485
0.30275
0.145417
0.001203
-0.053548
4.15333
0.138828
-0.882175
0.277325
0.122075
0.156026
0.000593
-0.035689
3.91405
0.174257
-0.933675
-0.244025
0.14365
0.13727
0.034759
-0.033263
3.91879
0.188706
-0.902575
-0.194125
0.32535
0.126791
0.034757
0.099749
4.14851
0.145536
0.84375
-0.281625
0.2416
0.382499
0.960609
0.094695
4.15068
0.159949
0.79055
-0.2503
0.410875
0.371849
0.961564
0.099532
3.97495
0.191859
0.82235
0.313875
0.40705
0.353498
0.937602
0.105285
3.97367
0.177604
0.893475
0.2948
0.230675
0.364036
0.936642
-0.053548
4.15333
0.138828
-0.882175
0.277325
0.122075
0.156026
0.000593
-0.054418
4.15126
0.123571
-0.887475
0.261275
-0.0602
0.167075
0.000506
-0.03534
3.91034
0.159299
-0.9302
-0.28455
-0.0428
0.148189
0.035096
-0.035689
3.91405
0.174257
-0.933675
-0.244025
0.14365
0.13727
0.034759
0.094695
4.15068
0.159949
0.79055
-0.2503
0.410875
0.371849
0.961564
0.086914
4.15278
0.173095
0.71015
-0.20995
0.5686
0.36202
0.962989
0.091357
3.97492
0.204928
0.720275
0.32135
0.569225
0.343766
0.93882
0.099532
3.97495
0.191859
0.82235
0.313875
0.40705
0.353498
0.937602
-0.054418
4.15126
0.123571
-0.887475
0.261275
-0.0602
0.167075
0.000506
-0.052285
4.1491
0.108445
-0.86225
0.2378
-0.239225
0.178139
0.000946
-0.032228
3.90779
0.144406
-0.8924
-0.3142
-0.22765
0.159131
0.035754
-0.03534
3.91034
0.159299
-0.9302
-0.28455
-0.0428
0.148189
0.035096
0.086914
4.15278
0.173095
0.71015
-0.20995
0.5686
0.36202
0.962989
0.076705
4.15473
0.18447
0.6031
-0.161025
0.710025
0.353391
0.964831
0.081075
3.97357
0.216309
0.5903
0.31665
0.711175
0.335215
0.940248
0.091357
3.97492
0.204928
0.720275
0.32135
0.569225
0.343766
0.93882
-0.052285
4.1491
0.108445
-0.86225
0.2378
-0.239225
0.178139
0.000946
-0.047231
4.14693
0.094032
-0.80735
0.20765
-0.41055
0.188794
0.001894
-0.026475
3.90651
0.130151
-0.82145
-0.331925
-0.40465
0.169673
0.03671
-0.032228
3.90779
0.144406
-0.8924
-0.3142
-0.22765
0.159131
0.035754
0.076705
4.15473
0.18447
0.6031
-0.161025
0.710025
0.353391
0.964831
0.06446
4.15644
0.193636
0.470675
-0.1044
0.829275
0.346293
0.967018
0.069082
3.97096
0.225565
0.436625
0.299525
0.827075
0.328173
0.941832
0.081075
3.97357
0.216309
0.5903
0.31665
0.711175
0.335215
0.940248
-0.047231
4.14693
0.094032
-0.80735
0.20765
-0.41055
0.188794
0.001894
-0.03945
4.14484
0.080886
-0.723775
0.17125
-0.569625
0.198629
0.003315
-0.0183
3.90655
0.117082
-0.71945
-0.337
-0.56745
0.179411
0.037926
-0.026475
3.90651
0.130151
-0.82145
-0.331925
-0.40465
0.169673
0.03671
0.06446
4.15644
0.193636
0.470675
-0.1044
0.829275
0.346293
0.967018
0.05065
4.15787
0.20024
0.315675
-0.0417
0.919525
0.340999
0.969468
0.055837
3.96719
0.23234
0.26465
0.270275
0.91165
0.32291
0.943511
0.069082
3.97096
0.225565
0.436625
0.299525
0.827075
0.328173
0.941832
0.026966
4.13799
0.049122
0.0389
-0.09205
-0.98695
0.60119
0.003017
0.04215
4.13772
0.051286
0.221825
-0.151
-0.956575
0.601362
0.00566
0.059248
3.93092
0.086303
0.2911
-0.124025
-0.942725
0.570224
0.03541
0.045398
3.92469
0.0845
0.10745
-0.182
-0.970875
0.56925
0.033783
-0.03945
4.14484
0.080886
-0.723775
0.17125
-0.569625
0.198629
0.003315
-0.029241
4.14289
0.069511
-0.6129
0.1287
-0.711425
0.207266
0.005154
-0.008018
3.9079
0.105701
-0.5895
-0.329175
-0.7099
0.18797
0.039356
-0.0183
3.90655
0.117082
-0.71945
-0.337
-0.56745
0.179411
0.037926
0.05065
4.15787
0.20024
0.315675
-0.0417
0.919525
0.340999
0.969468
0.035805
4.15894
0.20403
0.143175
0.024325
0.973925
0.337713
0.972085
0.04185
3.9624
0.236373
0.081125
0.22975
0.960675
0.319629
0.94522
0.055837
3.96719
0.23234
0.26465
0.270275
0.91165
0.32291
0.943511
0.04215
4.13772
0.051286
0.221825
-0.151
-0.956575
0.601362
0.00566
0.056627
4.13788
0.056358
0.39415
-0.204925
-0.8836
0.600986
0.008334
0.072225
3.93754
0.090976
0.462775
-0.062025
-0.876825
0.570644
0.037045
0.059248
3.93092
0.086303
0.2911
-0.124025
-0.942725
0.570224
0.03541
-0.029241
4.14289
0.069511
-0.6129
0.1287
-0.711425
0.207266
0.005154
-0.016997
4.14118
0.060345
-0.4768
0.080225
-0.83025
0.214375
0.007341
0.003975
3.91051
0.096445
-0.4358
-0.308725
-0.826125
0.195023
0.040944
-0.008018
3.9079
0.105701
-0.5895
-0.329175
-0.7099
0.18797
0.039356
0.035805
4.15894
0.20403
0.143175
0.024325
0.973925
0.81404
0.972562
0.020497
4.15963
0.204859
-0.039225
0.08985
0.987075
0.81363
0.975266
0.027659
3.95677
0.237511
-0.10635
0.179425
0.9715
0.786409
0.94799
0.04185
3.9624
0.236373
0.081125
0.22975
0.960675
0.787629
0.946288
0.056627
4.13788
0.056358
0.39415
-0.204925
-0.8836
0.445725
0.967729
0.069839
4.13845
0.064145
0.546725
-0.250275
-0.77295
0.440543
0.965454
0.083831
3.94428
0.098341
0.615225
0.0015
-0.7765
0.421338
0.937519
0.072225
3.93754
0.090976
0.462775
-0.062025
-0.876825
0.426429
0.938719
-0.016997
4.14118
0.060345
-0.4768
0.080225
-0.83025
0.214375
0.007341
-0.003187
4.13975
0.053741
-0.318875
0.026325
-0.9198
0.219681
0.00979
0.01722
3.91428
0.08967
-0.263825
-0.276375
-0.910875
0.200297
0.04263
0.003975
3.91051
0.096445
-0.4358
-0.308725
-0.826125
0.195023
0.040944
0.020497
4.15963
0.204859
-0.039225
0.08985
0.987075
0.81363
0.975266
0.005313
4.1599
0.202695
-0.221925
0.15045
0.956625
0.813199
0.97789
0.013809
3.95054
0.235708
-0.2897
0.121325
0.9435
0.785147
0.949549
0.027659
3.95677
0.237511
-0.10635
0.179425
0.9715
0.786409
0.94799
0.069839
4.13845
0.064145
0.546725
-0.250275
-0.77295
0.440543
0.965454
0.081279
4.13942
0.074348
0.6728
-0.28455
-0.632375
0.433544
0.9635
0.093618
3.95088
0.108114
0.74245
0.06415
-0.646525
0.414445
0.93658
0.083831
3.94428
0.098341
0.615225
0.0015
-0.7765
0.421338
0.937519
-0.003187
4.13975
0.053741
-0.318875
0.026325
-0.9198
0.219681
0.00979
0.011658
4.13868
0.049951
-0.144475
-0.03185
-0.973775
0.22298
0.012409
0.031207
3.91907
0.085637
-0.080225
-0.2335
-0.96
0.203589
0.044348
0.01722
3.91428
0.08967
-0.263825
-0.276375
-0.910875
0.200297
0.04263
0.005313
4.1599
0.202695
-0.221925
0.15045
0.956625
0.813199
0.97789
-0.009163
4.15974
0.197623
-0.394825
0.202025
0.884175
0.812765
0.980334
0.000832
3.94392
0.231034
-0.460925
0.0579
0.878
0.783894
0.950907
0.013809
3.95054
0.235708
-0.2897
0.121325
0.9435
0.785147
0.949549
0.081279
4.13942
0.074348
0.6728
-0.28455
-0.632375
0.433544
0.9635
0.090508
4.14076
0.086573
0.76855
-0.306725
-0.4707
0.424996
0.961943
0.101212
3.95709
0.11992
0.84
0.123675
-0.4928
0.406017
0.935938
0.093618
3.95088
0.108114
0.74245
0.06415
-0.646525
0.414445
0.93658
0.011658
4.13868
0.049951
-0.144475
-0.03185
-0.973775
0.600476
0.000506
0.026966
4.13799
0.049122
0.0389
-0.09205
-0.98695
0.60119
0.003017
0.045398
3.92469
0.0845
0.10745
-0.182
-0.970875
0.56925
0.033783
0.031207
3.91907
0.085637
-0.080225
-0.2335
-0.96
0.56776
0.032225
-0.009163
4.15974
0.197623
-0.394825
0.202025
0.884175
0.114959
0.008121
-0.022375
4.15917
0.189836
-0.54905
0.241725
0.7749
0.120128
0.005838
-0.010774
3.93719
0.223669
-0.61295
-0.0081
0.778225
0.101852
0.036701
0.000832
3.94392
0.231034
-0.460925
0.0579
0.878
0.096771
0.037915
0.090508
4.14076
0.086573
0.76855
-0.306725
-0.4707
0.424996
0.961943
0.09717
4.1424
0.100351
0.832775
-0.316825
-0.29625
0.415227
0.960843
0.10632
3.96267
0.133304
0.904925
0.1781
-0.321775
0.396377
0.935617
0.101212
3.95709
0.11992
0.84
0.123675
-0.4928
0.406017
0.935938
-0.022375
4.15917
0.189836
-0.54905
0.241725
0.7749
0.120128
0.005838
-0.033816
4.15819
0.179633
-0.677925
0.268425
0.63625
0.127116
0.003876
-0.020562
3.93059
0.213896
-0.739925
-0.07385
0.64895
0.108735
0.035747
-0.010774
3.93719
0.223669
-0.61295
-0.0081
0.778225
0.101852
0.036701
0.09717
4.1424
0.100351
0.832775
-0.316825
-0.29625
0.415227
0.960843
0.101011
4.14429
0.115153
0.86595
-0.315475
-0.11595
0.404613
0.960242
0.108746
3.96741
0.147753
0.935625
0.2257
-0.139925
0.385895
0.93563
0.10632
3.96267
0.133304
0.904925
0.1781
-0.321775
0.396377
0.935617
-0.026475
3.90651
0.130151
-0.82145
-0.331925
-0.40465
0.169673
0.03671
-0.0183
3.90655
0.117082
-0.71945
-0.337
-0.56745
0.179411
0.037926
0.185878
3.53627
0.223375
-0.604375
-0.5264
-0.5871
0.119525
0.121589
0.178593
3.53341
0.236464
-0.707225
-0.554825
-0.42205
0.109878
0.120887
0.069082
3.97096
0.225565
0.436625
0.299525
0.827075
0.328173
0.941832
0.055837
3.96719
0.23234
0.26465
0.270275
0.91165
0.32291
0.943511
0.248192
3.60639
0.341029
0.173125
0.32555
0.922275
0.260407
0.862705
0.259764
3.61375
0.33438
0.331275
0.41005
0.8423
0.265427
0.861773
0.045398
3.92469
0.0845
0.10745
-0.182
-0.970875
0.56925
0.033783
0.059248
3.93092
0.086303
0.2911
-0.124025
-0.942725
0.570224
0.03541
0.253491
3.58103
0.193435
0.315225
-0.01895
-0.939525
0.514999
0.115815
0.241533
3.57166
0.191402
0.157625
-0.12715
-0.97105
0.51377
0.114852
-0.0183
3.90655
0.117082
-0.71945
-0.337
-0.56745
0.179411
0.037926
-0.008018
3.9079
0.105701
-0.5895
-0.329175
-0.7099
0.18797
0.039356
0.19496
3.54082
0.212025
-0.4773
-0.4774
-0.729225
0.127936
0.122404
0.185878
3.53627
0.223375
-0.604375
-0.5264
-0.5871
0.119525
0.121589
0.055837
3.96719
0.23234
0.26465
0.270275
0.91165
0.32291
0.943511
0.04185
3.9624
0.236373
0.081125
0.22975
0.960675
0.319629
0.94522
0.236022
3.59803
0.344894
0.0089
0.22865
0.9659
0.257404
0.863646
0.248192
3.60639
0.341029
0.173125
0.32555
0.922275
0.260407
0.862705
0.059248
3.93092
0.086303
0.2911
-0.124025
-0.942725
0.429525
0.940133
0.072225
3.93754
0.090976
0.462775
-0.062025
-0.876825
0.426429
0.938719
0.264648
3.59038
0.198357
0.459975
0.0896
-0.8726
0.364522
0.859681
0.253491
3.58103
0.193435
0.315225
-0.01895
-0.939525
0.367931
0.860435
-0.008018
3.9079
0.105701
-0.5895
-0.329175
-0.7099
0.18797
0.039356
0.003975
3.91051
0.096445
-0.4358
-0.308725
-0.826125
0.195023
0.040944
0.205489
3.5469
0.202849
-0.331175
-0.40985
-0.84245
0.134788
0.123299
0.19496
3.54082
0.212025
-0.4773
-0.4774
-0.729225
0.127936
0.122404
0.04185
3.9624
0.236373
0.081125
0.22975
0.960675
0.787629
0.946288
0.027659
3.95677
0.237511
-0.10635
0.179425
0.9715
0.786409
0.94799
0.223721
3.58899
0.345828
-0.15485
0.1234
0.971925
0.742443
0.867352
0.236022
3.59803
0.344894
0.0089
0.22865
0.9659
0.744058
0.866413
0.072225
3.93754
0.090976
0.462775
-0.062025
-0.876825
0.426429
0.938719
0.083831
3.94428
0.098341
0.615225
0.0015
-0.7765
0.421338
0.937519
0.274574
3.59934
0.205979
0.58675
0.1946
-0.773225
0.359128
0.859052
0.264648
3.59038
0.198357
0.459975
0.0896
-0.8726
0.364522
0.859681
0.003975
3.91051
0.096445
-0.4358
-0.308725
-0.826125
0.195023
0.040944
0.01722
3.91428
0.08967
-0.263825
-0.276375
-0.910875
0.200297
0.04263
0.217061
3.55426
0.196201
-0.172175
-0.326575
-0.922125
0.139818
0.124242
0.205489
3.5469
0.202849
-0.331175
-0.40985
-0.84245
0.134788
0.123299
0.027659
3.95677
0.237511
-0.10635
0.179425
0.9715
0.786409
0.94799
0.013809
3.95054
0.235708
-0.2897
0.121325
0.9435
0.785147
0.949549
0.211762
3.57962
0.343795
-0.31185
0.013975
0.940725
0.740826
0.868185
0.223721
3.58899
0.345828
-0.15485
0.1234
0.971925
0.742443
0.867352
0.083831
3.94428
0.098341
0.615225
0.0015
-0.7765
0.421338
0.937519
0.093618
3.95088
0.108114
0.74245
0.06415
-0.646525
0.414445
0.93658
0.282889
3.60757
0.216008
0.691225
0.29235
-0.6452
0.351957
0.858571
0.274574
3.59934
0.205979
0.58675
0.1946
-0.773225
0.359128
0.859052
0.01722
3.91428
0.08967
-0.263825
-0.276375
-0.910875
0.200297
0.04263
0.031207
3.91907
0.085637
-0.080225
-0.2335
-0.96
0.203589
0.044348
0.229232
3.56262
0.192336
-0.007
-0.231025
-0.965375
0.142831
0.125195
0.217061
3.55426
0.196201
-0.172175
-0.326575
-0.922125
0.139818
0.124242
0.013809
3.95054
0.235708
-0.2897
0.121325
0.9435
0.093687
0.039343
0.000832
3.94392
0.231034
-0.460925
0.0579
0.878
0.096771
0.037915
0.200606
3.57027
0.338873
-0.4563
-0.0954
0.873975
0.035698
0.121279
0.211762
3.57962
0.343795
-0.31185
0.013975
0.940725
0.032298
0.122049
0.093618
3.95088
0.108114
0.74245
0.06415
-0.646525
0.414445
0.93658
0.101212
3.95709
0.11992
0.84
0.123675
-0.4928
0.406017
0.935938
0.289271
3.61475
0.228059
0.76985
0.379375
-0.493075
0.343284
0.858257
0.282889
3.60757
0.216008
0.691225
0.29235
-0.6452
0.351957
0.858571
0.031207
3.91907
0.085637
-0.080225
-0.2335
-0.96
0.56776
0.032225
0.045398
3.92469
0.0845
0.10745
-0.182
-0.970875
0.56925
0.033783
0.241533
3.57166
0.191402
0.157625
-0.12715
-0.97105
0.51377
0.114852
0.229232
3.56262
0.192336
-0.007
-0.231025
-0.965375
0.511985
0.113995
0.000832
3.94392
0.231034
-0.460925
0.0579
0.878
0.096771
0.037915
-0.010774
3.93719
0.223669
-0.61295
-0.0081
0.778225
0.101852
0.036701
0.190679
3.56131
0.331251
-0.583075
-0.200675
0.7746
0.041083
0.120632
0.200606
3.57027
0.338873
-0.4563
-0.0954
0.873975
0.035698
0.121279
0.101212
3.95709
0.11992
0.84
0.123675
-0.4928
0.406017
0.935938
0.10632
3.96267
0.133304
0.904925
0.1781
-0.321775
0.396377
0.935617
0.293477
3.62061
0.241669
0.81975
0.4525
-0.322125
0.333442
0.858122
0.289271
3.61475
0.228059
0.76985
0.379375
-0.493075
0.343284
0.858257
-0.010774
3.93719
0.223669
-0.61295
-0.0081
0.778225
0.101852
0.036701
-0.020562
3.93059
0.213896
-0.739925
-0.07385
0.64895
0.108735
0.035747
0.182365
3.55308
0.321221
-0.687825
-0.2981
0.64645
0.048246
0.120136
0.190679
3.56131
0.331251
-0.583075
-0.200675
0.7746
0.041083
0.120632
0.10632
3.96267
0.133304
0.904925
0.1781
-0.321775
0.396377
0.935617
0.108746
3.96741
0.147753
0.935625
0.2257
-0.139925
0.385895
0.93563
0.295345
3.62492
0.256314
0.83885
0.508825
-0.1383
0.32281
0.858172
0.293477
3.62061
0.241669
0.81975
0.4525
-0.322125
0.333442
0.858122
-0.020562
3.93059
0.213896
-0.739925
-0.07385
0.64895
0.108735
0.035747
-0.028155
3.92438
0.202091
-0.83745
-0.136675
0.4959
0.117156
0.035091
0.175982
3.5459
0.30917
-0.76695
-0.3843
0.494075
0.056913
0.119807
0.182365
3.55308
0.321221
-0.687825
-0.2981
0.64645
0.048246
0.120136
0.108746
3.96741
0.147753
0.935625
0.2257
-0.139925
0.385895
0.93563
0.108397
3.97112
0.162711
0.93165
0.265025
0.0463
0.374975
0.935976
0.294802
3.62752
0.271432
0.826125
0.5459
0.0518
0.311797
0.858405
0.295345
3.62492
0.256314
0.83885
0.508825
-0.1383
0.32281
0.858172
-0.028155
3.92438
0.202091
-0.83745
-0.136675
0.4959
0.117156
0.035091
-0.033263
3.91879
0.188706
-0.902575
-0.194125
0.32535
0.126791
0.034757
0.171776
3.54004
0.295561
-0.81755
-0.4562
0.32285
0.06675
0.11966
0.175982
3.5459
0.30917
-0.76695
-0.3843
0.494075
0.056913
0.119807
0.108397
3.97112
0.162711
0.93165
0.265025
0.0463
0.374975
0.935976
0.105285
3.97367
0.177604
0.893475
0.2948
0.230675
0.364036
0.936642
0.29187
3.6283
0.286441
0.781625
0.561925
0.241025
0.300825
0.858811
0.294802
3.62752
0.271432
0.826125
0.5459
0.0518
0.311797
0.858405
-0.033263
3.91879
0.188706
-0.902575
-0.194125
0.32535
0.126791
0.034757
-0.035689
3.91405
0.174257
-0.933675
-0.244025
0.14365
0.13727
0.034759
0.169909
3.53573
0.280916
-0.837525
-0.5111
0.13875
0.07738
0.119699
0.171776
3.54004
0.295561
-0.81755
-0.4562
0.32285
0.06675
0.11966
0.105285
3.97367
0.177604
0.893475
0.2948
0.230675
0.364036
0.936642
0.099532
3.97495
0.191859
0.82235
0.313875
0.40705
0.353498
0.937602
0.286661
3.62724
0.300765
0.706575
0.5559
0.421875
0.290316
0.859375
0.29187
3.6283
0.286441
0.781625
0.561925
0.241025
0.300825
0.858811
-0.035689
3.91405
0.174257
-0.933675
-0.244025
0.14365
0.13727
0.034759
-0.03534
3.91034
0.159299
-0.9302
-0.28455
-0.0428
0.148189
0.035096
0.170452
3.53313
0.265798
-0.825675
-0.5468
-0.051625
0.088393
0.119924
0.169909
3.53573
0.280916
-0.837525
-0.5111
0.13875
0.07738
0.119699
0.099532
3.97495
0.191859
0.82235
0.313875
0.40705
0.353498
0.937602
0.091357
3.97492
0.204928
0.720275
0.32135
0.569225
0.343766
0.93882
0.279376
3.62438
0.313854
0.603625
0.5277
0.586825
0.280675
0.860075
0.286661
3.62724
0.300765
0.706575
0.5559
0.421875
0.290316
0.859375
-0.03534
3.91034
0.159299
-0.9302
-0.28455
-0.0428
0.148189
0.035096
-0.032228
3.90779
0.144406
-0.8924
-0.3142
-0.22765
0.159131
0.035754
0.173384
3.53235
0.250789
-0.78185
-0.56165
-0.24105
0.099366
0.120325
0.170452
3.53313
0.265798
-0.825675
-0.5468
-0.051625
0.088393
0.119924
0.091357
3.97492
0.204928
0.720275
0.32135
0.569225
0.343766
0.93882
0.081075
3.97357
0.216309
0.5903
0.31665
0.711175
0.335215
0.940248
0.270294
3.61982
0.325205
0.4768
0.4784
0.72895
0.272271
0.860885
0.279376
3.62438
0.313854
0.603625
0.5277
0.586825
0.280675
0.860075
-0.032228
3.90779
0.144406
-0.8924
-0.3142
-0.22765
0.159131
0.035754
-0.026475
3.90651
0.130151
-0.82145
-0.331925
-0.40465
0.169673
0.03671
0.178593
3.53341
0.236464
-0.707225
-0.554825
-0.42205
0.109878
0.120887
0.173384
3.53235
0.250789
-0.78185
-0.56165
-0.24105
0.099366
0.120325
0.081075
3.97357
0.216309
0.5903
0.31665
0.711175
0.335215
0.940248
0.069082
3.97096
0.225565
0.436625
0.299525
0.827075
0.328173
0.941832
0.259764
3.61375
0.33438
0.331275
0.41005
0.8423
0.265427
0.861773
0.270294
3.61982
0.325205
0.4768
0.4784
0.72895
0.272271
0.860885
0.289271
3.61475
0.228059
0.76985
0.379375
-0.493075
0.343284
0.858257
0.293477
3.62061
0.241669
0.81975
0.4525
-0.322125
0.333442
0.858122
0.606042
3.2167
0.32205
0.716125
0.62675
-0.271275
0.29672
0.751646
0.601583
3.21384
0.307559
0.6663
0.577975
-0.444
0.307112
0.752223
0.190679
3.56131
0.331251
-0.583075
-0.200675
0.7746
0.041083
0.120632
0.182365
3.55308
0.321221
-0.687825
-0.2981
0.64645
0.048246
0.120136
0.512751
3.1125
0.387439
-0.5689
-0.52625
0.60405
0.023679
0.233794
0.520624
3.11926
0.39886
-0.476125
-0.4322
0.743
0.015532
0.234423
0.293477
3.62061
0.241669
0.81975
0.4525
-0.322125
0.333442
0.858122
0.295345
3.62492
0.256314
0.83885
0.508825
-0.1383
0.32281
0.858172
0.608501
3.21741
0.337265
0.73975
0.654225
-0.089775
0.28579
0.751122
0.606042
3.2167
0.32205
0.716125
0.62675
-0.271275
0.29672
0.751646
0.182365
3.55308
0.321221
-0.687825
-0.2981
0.64645
0.048246
0.120136
0.175982
3.5459
0.30917
-0.76695
-0.3843
0.494075
0.056913
0.119807
0.506465
3.1076
0.374229
-0.63985
-0.600025
0.44475
0.033128
0.233174
0.512751
3.1125
0.387439
-0.5689
-0.52625
0.60405
0.023679
0.233794
0.295345
3.62492
0.256314
0.83885
0.508825
-0.1383
0.32281
0.858172
0.294802
3.62752
0.271432
0.826125
0.5459
0.0518
0.311797
0.858405
0.608868
3.21594
0.35262
0.7365
0.659625
0.095475
0.274742
0.750671
0.608501
3.21741
0.337265
0.73975
0.654225
-0.089775
0.28579
0.751122
0.175982
3.5459
0.30917
-0.76695
-0.3843
0.494075
0.056913
0.119807
0.171776
3.54004
0.295561
-0.81755
-0.4562
0.32285
0.06675
0.11966
0.502006
3.10474
0.359737
-0.6874
-0.6518
0.270675
0.043516
0.232588
0.506465
3.1076
0.374229
-0.63985
-0.600025
0.44475
0.033128
0.233174
0.294802
3.62752
0.271432
0.826125
0.5459
0.0518
0.311797
0.858405
0.29187
3.6283
0.286441
0.781625
0.561925
0.241025
0.300825
0.858811
0.607126
3.21235
0.367524
0.706225
0.64215
0.279125
0.264001
0.75031
0.608868
3.21594
0.35262
0.7365
0.659625
0.095475
0.274742
0.750671
0.171776
3.54004
0.295561
-0.81755
-0.4562
0.32285
0.06675
0.11966
0.169909
3.53573
0.280916
-0.837525
-0.5111
0.13875
0.07738
0.119699
0.499547
3.10403
0.344522
-0.710425
-0.6803
0.087325
0.054442
0.232057
0.502006
3.10474
0.359737
-0.6874
-0.6518
0.270675
0.043516
0.232588
0.29187
3.6283
0.286441
0.781625
0.561925
0.241025
0.300825
0.858811
0.286661
3.62724
0.300765
0.706575
0.5559
0.421875
0.290316
0.859375
0.603344
3.20678
0.381405
0.649325
0.601125
0.455275
0.25398
0.750053
0.607126
3.21235
0.367524
0.706225
0.64215
0.279125
0.264001
0.75031
0.169909
3.53573
0.280916
-0.837525
-0.5111
0.13875
0.07738
0.119699
0.170452
3.53313
0.265798
-0.825675
-0.5468
-0.051625
0.088393
0.119924
0.49918
3.1055
0.329167
-0.708175
-0.6846
-0.0997
0.065489
0.231603
0.499547
3.10403
0.344522
-0.710425
-0.6803
0.087325
0.054442
0.232057
0.286661
3.62724
0.300765
0.706575
0.5559
0.421875
0.290316
0.859375
0.279376
3.62438
0.313854
0.603625
0.5277
0.586825
0.280675
0.860075
0.597666
3.19943
0.393729
0.56705
0.53635
0.617275
0.245063
0.74991
0.603344
3.20678
0.381405
0.649325
0.601125
0.455275
0.25398
0.750053
0.170452
3.53313
0.265798
-0.825675
-0.5468
-0.051625
0.088393
0.119924
0.173384
3.53235
0.250789
-0.78185
-0.56165
-0.24105
0.099366
0.120325
0.500922
3.10909
0.314263
-0.6803
-0.664075
-0.284475
0.07623
0.231242
0.49918
3.1055
0.329167
-0.708175
-0.6846
-0.0997
0.065489
0.231603
0.279376
3.62438
0.313854
0.603625
0.5277
0.586825
0.280675
0.860075
0.270294
3.61982
0.325205
0.4768
0.4784
0.72895
0.272271
0.860885
0.590312
3.1906
0.404023
0.4618
0.448675
0.757975
0.237594
0.749886
0.597666
3.19943
0.393729
0.56705
0.53635
0.617275
0.245063
0.74991
0.173384
3.53235
0.250789
-0.78185
-0.56165
-0.24105
0.099366
0.120325
0.178593
3.53341
0.236464
-0.707225
-0.554825
-0.42205
0.109878
0.120887
0.504704
3.11467
0.300382
-0.6271
-0.6186
-0.46075
0.086253
0.230988
0.500922
3.10909
0.314263
-0.6803
-0.664075
-0.284475
0.07623
0.231242
0.270294
3.61982
0.325205
0.4768
0.4784
0.72895
0.272271
0.860885
0.259764
3.61375
0.33438
0.331275
0.41005
0.8423
0.265427
0.861773
0.581563
3.18062
0.41189
0.3373
0.340425
0.87015
0.231859
0.749983
0.590312
3.1906
0.404023
0.4618
0.448675
0.757975
0.237594
0.749886
0.178593
3.53341
0.236464
-0.707225
-0.554825
-0.42205
0.109878
0.120887
0.185878
3.53627
0.223375
-0.604375
-0.5264
-0.5871
0.119525
0.121589
0.510381
3.12201
0.288058
-0.54955
-0.548875
-0.621875
0.095173
0.230852
0.504704
3.11467
0.300382
-0.6271
-0.6186
-0.46075
0.086253
0.230988
0.259764
3.61375
0.33438
0.331275
0.41005
0.8423
0.265427
0.861773
0.248192
3.60639
0.341029
0.173125
0.32555
0.922275
0.260407
0.862705
0.571755
3.16987
0.417029
0.198775
0.2157
0.94735
0.22808
0.750196
0.581563
3.18062
0.41189
0.3373
0.340425
0.87015
0.231859
0.749983
0.241533
3.57166
0.191402
0.157625
-0.12715
-0.97105
0.369225
0.861285
0.253491
3.58103
0.193435
0.315225
-0.01895
-0.939525
0.367931
0.860435
0.56818
3.18421
0.26712
0.24155
0.189125
-0.93645
0.33594
0.754601
0.557549
3.17369
0.263343
0.097275
0.0557
-0.9808
0.33857
0.755099
0.185878
3.53627
0.223375
-0.604375
-0.5264
-0.5871
0.119525
0.121589
0.19496
3.54082
0.212025
-0.4773
-0.4774
-0.729225
0.127936
0.122404
0.517736
3.13084
0.277765
-0.449525
-0.456625
-0.76105
0.102647
0.230838
0.510381
3.12201
0.288058
-0.54955
-0.548875
-0.621875
0.095173
0.230852
0.248192
3.60639
0.341029
0.173125
0.32555
0.922275
0.260407
0.862705
0.236022
3.59803
0.344894
0.0089
0.22865
0.9659
0.257404
0.863646
0.561266
3.15878
0.419243
0.0526
0.080425
0.985
0.2264
0.750518
0.571755
3.16987
0.417029
0.198775
0.2157
0.94735
0.22808
0.750196
0.253491
3.58103
0.193435
0.315225
-0.01895
-0.939525
0.367931
0.860435
0.264648
3.59038
0.198357
0.459975
0.0896
-0.8726
0.364522
0.859681
0.578268
3.19384
0.273733
0.375525
0.311825
-0.855025
0.331264
0.754042
0.56818
3.18421
0.26712
0.24155
0.189125
-0.93645
0.33594
0.754601
0.19496
3.54082
0.212025
-0.4773
-0.4774
-0.729225
0.127936
0.122404
0.205489
3.5469
0.202849
-0.331175
-0.40985
-0.84245
0.134788
0.123299
0.526485
3.14083
0.269897
-0.330025
-0.344875
-0.871625
0.108388
0.230947
0.517736
3.13084
0.277765
-0.449525
-0.456625
-0.76105
0.102647
0.230838
0.236022
3.59803
0.344894
0.0089
0.22865
0.9659
0.744058
0.866413
0.223721
3.58899
0.345828
-0.15485
0.1234
0.971925
0.742443
0.867352
0.550499
3.14775
0.418445
-0.094225
-0.0585
0.981175
0.693251
0.754878
0.561266
3.15878
0.419243
0.0526
0.080425
0.985
0.695062
0.75446
0.264648
3.59038
0.198357
0.459975
0.0896
-0.8726
0.364522
0.859681
0.274574
3.59934
0.205979
0.58675
0.1946
-0.773225
0.359128
0.859052
0.587424
3.20218
0.282927
0.4936
0.41925
-0.741725
0.324723
0.753444
0.578268
3.19384
0.273733
0.375525
0.311825
-0.855025
0.331264
0.754042
0.205489
3.5469
0.202849
-0.331175
-0.40985
-0.84245
0.134788
0.123299
0.217061
3.55426
0.196201
-0.172175
-0.326575
-0.922125
0.139818
0.124242
0.536293
3.15157
0.264758
-0.195225
-0.218175
-0.94765
0.112176
0.231175
0.526485
3.14083
0.269897
-0.330025
-0.344875
-0.871625
0.108388
0.230947
0.223721
3.58899
0.345828
-0.15485
0.1234
0.971925
0.742443
0.867352
0.211762
3.57962
0.343795
-0.31185
0.013975
0.940725
0.740826
0.868185
0.539868
3.13723
0.414667
-0.234925
-0.19415
0.93695
0.691541
0.755333
0.550499
3.14775
0.418445
-0.094225
-0.0585
0.981175
0.693251
0.754878
0.274574
3.59934
0.205979
0.58675
0.1946
-0.773225
0.359128
0.859052
0.282889
3.60757
0.216008
0.691225
0.29235
-0.6452
0.351957
0.858571
0.595297
3.20894
0.294349
0.5915
0.508525
-0.6027
0.316568
0.75283
0.587424
3.20218
0.282927
0.4936
0.41925
-0.741725
0.324723
0.753444
0.217061
3.55426
0.196201
-0.172175
-0.326575
-0.922125
0.139818
0.124242
0.229232
3.56262
0.192336
-0.007
-0.231025
-0.965375
0.142831
0.125195
0.546781
3.16267
0.262545
-0.050625
-0.082375
-0.98475
0.113864
0.231513
0.536293
3.15157
0.264758
-0.195225
-0.218175
-0.94765
0.112176
0.231175
0.211762
3.57962
0.343795
-0.31185
0.013975
0.940725
0.032298
0.122049
0.200606
3.57027
0.338873
-0.4563
-0.0954
0.873975
0.035698
0.121279
0.52978
3.12761
0.408054
-0.363725
-0.320325
0.855875
0.008999
0.235037
0.539868
3.13723
0.414667
-0.234925
-0.19415
0.93695
0.004332
0.235612
0.282889
3.60757
0.216008
0.691225
0.29235
-0.6452
0.351957
0.858571
0.289271
3.61475
0.228059
0.76985
0.379375
-0.493075
0.343284
0.858257
0.601583
3.21384
0.307559
0.6663
0.577975
-0.444
0.307112
0.752223
0.595297
3.20894
0.294349
0.5915
0.508525
-0.6027
0.316568
0.75283
0.229232
3.56262
0.192336
-0.007
-0.231025
-0.965375
0.511985
0.113995
0.241533
3.57166
0.191402
0.157625
-0.12715
-0.97105
0.51377
0.114852
0.557549
3.17369
0.263343
0.097275
0.0557
-0.9808
0.464686
0.218369
0.546781
3.16267
0.262545
-0.050625
-0.082375
-0.98475
0.463065
0.217879
0.200606
3.57027
0.338873
-0.4563
-0.0954
0.873975
0.035698
0.121279
0.190679
3.56131
0.331251
-0.583075
-0.200675
0.7746
0.041083
0.120632
0.520624
3.11926
0.39886
-0.476125
-0.4322
0.743
0.015532
0.234423
0.52978
3.12761
0.408054
-0.363725
-0.320325
0.855875
0.008999
0.235037
0.597666
3.19943
0.393729
0.56705
0.53635
0.617275
0.245063
0.74991
0.590312
3.1906
0.404023
0.4618
0.448675
0.757975
0.237594
0.749886
0.824518
2.97811
0.374892
0.2207
0.51745
0.77205
0.272337
0.682919
0.825305
2.98945
0.364598
0.2652
0.64205
0.633925
0.279512
0.684385
0.500922
3.10909
0.314263
-0.6803
-0.664075
-0.284475
0.07623
0.231242
0.504704
3.11467
0.300382
-0.6271
-0.6186
-0.46075
0.086253
0.230988
0.799813
2.86769
0.271252
-0.276175
-0.756825
-0.480825
0.124307
0.312564
0.800006
2.86103
0.285132
-0.294
-0.82935
-0.308725
0.114455
0.313635
0.590312
3.1906
0.404023
0.4618
0.448675
0.757975
0.237594
0.749886
0.581563
3.18062
0.41189
0.3373
0.340425
0.87015
0.231859
0.749983
0.823278
2.96505
0.382759
0.166425
0.368425
0.88205
0.266945
0.681339
0.824518
2.97811
0.374892
0.2207
0.51745
0.77205
0.272337
0.682919
0.504704
3.11467
0.300382
-0.6271
-0.6186
-0.46075
0.086253
0.230988
0.510381
3.12201
0.288058
-0.54955
-0.548875
-0.621875
0.095173
0.230852
0.800115
2.87687
0.258928
-0.2481
-0.654775
-0.6385
0.132987
0.311277
0.799813
2.86769
0.271252
-0.276175
-0.756825
-0.480825
0.124307
0.312564
0.581563
3.18062
0.41189
0.3373
0.340425
0.87015
0.231859
0.749983
0.571755
3.16987
0.417029
0.198775
0.2157
0.94735
0.22808
0.750196
0.821632
2.95076
0.387899
0.10455
0.200525
0.956725
0.263542
0.679705
0.823278
2.96505
0.382759
0.166425
0.368425
0.88205
0.266945
0.681339
0.557549
3.17369
0.263343
0.097275
0.0557
-0.9808
0.33857
0.755099
0.56818
3.18421
0.26712
0.24155
0.189125
-0.93645
0.33594
0.754601
0.810468
2.96019
0.23799
0.09835
0.32955
-0.9301
0.371264
0.684766
0.808033
2.9456
0.234212
0.030425
0.1584
-0.981375
0.374287
0.683343
0.510381
3.12201
0.288058
-0.54955
-0.548875
-0.621875
0.095173
0.230852
0.517736
3.13084
0.277765
-0.449525
-0.456625
-0.76105
0.102647
0.230838
0.800902
2.88821
0.248634
-0.209525
-0.52535
-0.775125
0.14016
0.309822
0.800115
2.87687
0.258928
-0.2481
-0.654775
-0.6385
0.132987
0.311277
0.571755
3.16987
0.417029
0.198775
0.2157
0.94735
0.22808
0.750196
0.561266
3.15878
0.419243
0.0526
0.080425
0.985
0.2264
0.750518
0.819643
2.93579
0.390112
0.038275
0.021625
0.990625
0.26226
0.678079
0.821632
2.95076
0.387899
0.10455
0.200525
0.956725
0.263542
0.679705
0.56818
3.18421
0.26712
0.24155
0.189125
-0.93645
0.33594
0.754601
0.578268
3.19384
0.273733
0.375525
0.311825
-0.855025
0.331264
0.754042
0.81299
2.97374
0.244603
0.16175
0.483325
-0.840875
0.366221
0.686004
0.810468
2.96019
0.23799
0.09835
0.32955
-0.9301
0.371264
0.684766
0.517736
3.13084
0.277765
-0.449525
-0.456625
-0.76105
0.102647
0.230838
0.526485
3.14083
0.269897
-0.330025
-0.344875
-0.871625
0.108388
0.230947
0.802142
2.90127
0.240767
-0.160725
-0.372425
-0.8836
0.145552
0.308256
0.800902
2.88821
0.248634
-0.209525
-0.52535
-0.775125
0.14016
0.309822
0.561266
3.15878
0.419243
0.0526
0.080425
0.985
0.695062
0.75446
0.550499
3.14775
0.418445
-0.094225
-0.0585
0.981175
0.693251
0.754878
0.817387
2.92072
0.389314
-0.02855
-0.159
0.981375
0.671821
0.680033
0.819643
2.93579
0.390112
0.038275
0.021625
0.990625
0.673899
0.681588
0.578268
3.19384
0.273733
0.375525
0.311825
-0.855025
0.331264
0.754042
0.587424
3.20218
0.282927
0.4936
0.41925
-0.741725
0.324723
0.753444
0.8155
2.98573
0.253796
0.217375
0.613775
-0.720025
0.359354
0.687008
0.81299
2.97374
0.244603
0.16175
0.483325
-0.840875
0.366221
0.686004
0.526485
3.14083
0.269897
-0.330025
-0.344875
-0.871625
0.108388
0.230947
0.536293
3.15157
0.264758
-0.195225
-0.218175
-0.94765
0.112176
0.231175
0.803788
2.91556
0.235627
-0.102775
-0.201975
-0.9572
0.148954
0.306638
0.802142
2.90127
0.240767
-0.160725
-0.372425
-0.8836
0.145552
0.308256
0.550499
3.14775
0.418445
-0.094225
-0.0585
0.981175
0.00171
0.236128
0.539868
3.13723
0.414667
-0.234925
-0.19415
0.93695
0.004332
0.235612
0.814952
2.90613
0.385536
-0.092175
-0.332
0.9302
0.041255
0.31174
0.817387
2.92072
0.389314
-0.02855
-0.159
0.981375
0.038234
0.310337
0.587424
3.20218
0.282927
0.4936
0.41925
-0.741725
0.324723
0.753444
0.595297
3.20894
0.294349
0.5915
0.508525
-0.6027
0.316568
0.75283
0.817904
2.9957
0.265218
0.26295
0.717425
-0.57485
0.350924
0.687741
0.8155
2.98573
0.253796
0.217375
0.613775
-0.720025
0.359354
0.687008
0.536293
3.15157
0.264758
-0.195225
-0.218175
-0.94765
0.460856
0.217647
0.546781
3.16267
0.262545
-0.050625
-0.082375
-0.98475
0.463065
0.217879
0.805777
2.93053
0.233414
-0.03795
-0.021925
-0.990675
0.451469
0.285581
0.803788
2.91556
0.235627
-0.102775
-0.201975
-0.9572
0.449145
0.287189
0.539868
3.13723
0.414667
-0.234925
-0.19415
0.93695
0.004332
0.235612
0.52978
3.12761
0.408054
-0.363725
-0.320325
0.855875
0.008999
0.235037
0.81243
2.89258
0.378923
-0.14955
-0.489125
0.841375
0.046296
0.312958
0.814952
2.90613
0.385536
-0.092175
-0.332
0.9302
0.041255
0.31174
0.595297
3.20894
0.294349
0.5915
0.508525
-0.6027
0.316568
0.75283
0.601583
3.21384
0.307559
0.6663
0.577975
-0.444
0.307112
0.752223
0.820108
3.00327
0.278428
0.29735
0.7927
-0.412275
0.341257
0.688173
0.817904
2.9957
0.265218
0.26295
0.717425
-0.57485
0.350924
0.687741
0.546781
3.16267
0.262545
-0.050625
-0.082375
-0.98475
0.463065
0.217879
0.557549
3.17369
0.263343
0.097275
0.0557
-0.9808
0.464686
0.218369
0.808033
2.9456
0.234212
0.030425
0.1584
-0.981375
0.453226
0.284208
0.805777
2.93053
0.233414
-0.03795
-0.021925
-0.990675
0.451469
0.285581
0.52978
3.12761
0.408054
-0.363725
-0.320325
0.855875
0.008999
0.235037
0.520624
3.11926
0.39886
-0.476125
-0.4322
0.743
0.015532
0.234423
0.80992
2.88059
0.36973
-0.198675
-0.624175
0.721
0.053162
0.313944
0.81243
2.89258
0.378923
-0.14955
-0.489125
0.841375
0.046296
0.312958
0.601583
3.21384
0.307559
0.6663
0.577975
-0.444
0.307112
0.752223
0.606042
3.2167
0.32205
0.716125
0.62675
-0.271275
0.29672
0.751646
0.822027
3.00814
0.292919
0.320325
0.83925
-0.238375
0.330724
0.688289
0.820108
3.00327
0.278428
0.29735
0.7927
-0.412275
0.341257
0.688173
0.520624
3.11926
0.39886
-0.476125
-0.4322
0.743
0.015532
0.234423
0.512751
3.1125
0.387439
-0.5689
-0.52625
0.60405
0.023679
0.233794
0.807516
2.87062
0.358308
-0.2385
-0.732975
0.5759
0.061589
0.31466
0.80992
2.88059
0.36973
-0.198675
-0.624175
0.721
0.053162
0.313944
0.606042
3.2167
0.32205
0.716125
0.62675
-0.271275
0.29672
0.751646
0.608501
3.21741
0.337265
0.73975
0.654225
-0.089775
0.28579
0.751122
0.823589
3.01013
0.308135
0.331875
0.857225
-0.05825
0.319729
0.688083
0.822027
3.00814
0.292919
0.320325
0.83925
-0.238375
0.330724
0.688289
0.512751
3.1125
0.387439
-0.5689
-0.52625
0.60405
0.023679
0.233794
0.506465
3.1076
0.374229
-0.63985
-0.600025
0.44475
0.033128
0.233174
0.805312
2.86305
0.345098
-0.268675
-0.813025
0.41275
0.071254
0.315078
0.807516
2.87062
0.358308
-0.2385
-0.732975
0.5759
0.061589
0.31466
0.608501
3.21741
0.337265
0.73975
0.654225
-0.089775
0.28579
0.751122
0.608868
3.21594
0.35262
0.7365
0.659625
0.095475
0.274742
0.750671
0.824732
3.00917
0.323489
0.3321
0.846675
0.123775
0.308696
0.687565
0.823589
3.01013
0.308135
0.331875
0.857225
-0.05825
0.319729
0.688083
0.506465
3.1076
0.374229
-0.63985
-0.600025
0.44475
0.033128
0.233174
0.502006
3.10474
0.359737
-0.6874
-0.6518
0.270675
0.043516
0.232588
0.803393
2.85817
0.330607
-0.289225
-0.8631
0.237525
0.081785
0.315183
0.805312
2.86305
0.345098
-0.268675
-0.813025
0.41275
0.071254
0.315078
0.608868
3.21594
0.35262
0.7365
0.659625
0.095475
0.274742
0.750671
0.607126
3.21235
0.367524
0.706225
0.64215
0.279125
0.264001
0.75031
0.825414
3.00528
0.338394
0.3211
0.8074
0.3033
0.298047
0.686753
0.824732
3.00917
0.323489
0.3321
0.846675
0.123775
0.308696
0.687565
0.502006
3.10474
0.359737
-0.6874
-0.6518
0.270675
0.043516
0.232588
0.499547
3.10403
0.344522
-0.710425
-0.6803
0.087325
0.054442
0.232057
0.801831
2.85618
0.315391
-0.3003
-0.882625
0.055525
0.092777
0.314969
0.803393
2.85817
0.330607
-0.289225
-0.8631
0.237525
0.081785
0.315183
0.607126
3.21235
0.367524
0.706225
0.64215
0.279125
0.264001
0.75031
0.603344
3.20678
0.381405
0.649325
0.601125
0.455275
0.25398
0.750053
0.825607
2.99862
0.352274
0.2988
0.739125
0.475325
0.288193
0.68568
0.825414
3.00528
0.338394
0.3211
0.8074
0.3033
0.298047
0.686753
0.499547
3.10403
0.344522
-0.710425
-0.6803
0.087325
0.054442
0.232057
0.49918
3.1055
0.329167
-0.708175
-0.6846
-0.0997
0.065489
0.231603
0.800688
2.85715
0.300036
-0.30195
-0.871375
-0.1282
0.103808
0.314447
0.801831
2.85618
0.315391
-0.3003
-0.882625
0.055525
0.092777
0.314969
0.603344
3.20678
0.381405
0.649325
0.601125
0.455275
0.25398
0.750053
0.597666
3.19943
0.393729
0.56705
0.53635
0.617275
0.245063
0.74991
0.825305
2.98945
0.364598
0.2652
0.64205
0.633925
0.279512
0.684385
0.825607
2.99862
0.352274
0.2988
0.739125
0.475325
0.288193
0.68568
0.49918
3.1055
0.329167
-0.708175
-0.6846
-0.0997
0.065489
0.231603
0.500922
3.10909
0.314263
-0.6803
-0.664075
-0.284475
0.07623
0.231242
0.800006
2.86103
0.285132
-0.294
-0.82935
-0.308725
0.114455
0.313635
0.800688
2.85715
0.300036
-0.30195
-0.871375
-0.1282
0.103808
0.314447
0.814952
2.90613
0.385536
-0.092175
-0.332
0.9302
0.041255
0.31174
0.81243
2.89258
0.378923
-0.14955
-0.489125
0.841375
0.046296
0.312958
2.02584
2.92817
0.419001
0.053675
-0.515475
0.84685
0.059956
0.515861
2.02139
2.94129
0.425614
0.02965
-0.34085
0.93295
0.054677
0.51351
0.817904
2.9957
0.265218
0.26295
0.717425
-0.57485
0.350924
0.687741
0.820108
3.00327
0.278428
0.29735
0.7927
-0.412275
0.341257
0.688173
1.97816
3.02892
0.318506
-0.10725
0.890625
-0.41895
0.352129
0.493849
1.97995
3.02121
0.305295
-0.092225
0.794775
-0.5842
0.36194
0.492719
0.805777
2.93053
0.233414
-0.03795
-0.021925
-0.990675
0.451469
0.285581
0.808033
2.9456
0.234212
0.030425
0.1584
-0.981375
0.453226
0.284208
1.99593
2.97246
0.274289
-0.00395
0.151375
-0.982775
0.497843
0.476544
2.00136
2.95815
0.273492
0.02105
-0.04515
-0.9936
0.496496
0.479075
0.81243
2.89258
0.378923
-0.14955
-0.489125
0.841375
0.046296
0.312958
0.80992
2.88059
0.36973
-0.198675
-0.624175
0.721
0.053162
0.313944
2.02954
2.91643
0.409807
0.0755
-0.668625
0.72885
0.067038
0.517873
2.02584
2.92817
0.419001
0.053675
-0.515475
0.84685
0.059956
0.515861
0.820108
3.00327
0.278428
0.29735
0.7927
-0.412275
0.341257
0.688173
0.822027
3.00814
0.292919
0.320325
0.83925
-0.238375
0.330724
0.688289
1.97745
3.03414
0.332997
-0.11825
0.953175
-0.23905
0.341495
0.494457
1.97816
3.02892
0.318506
-0.10725
0.890625
-0.41895
0.352129
0.493849
0.80992
2.88059
0.36973
-0.198675
-0.624175
0.721
0.053162
0.313944
0.807516
2.87062
0.358308
-0.2385
-0.732975
0.5759
0.061589
0.31466
2.03233
2.90652
0.398386
0.094275
-0.7951
0.584275
0.07565
0.519469
2.02954
2.91643
0.409807
0.0755
-0.668625
0.72885
0.067038
0.517873
0.822027
3.00814
0.292919
0.320325
0.83925
-0.238375
0.330724
0.688289
0.823589
3.01013
0.308135
0.331875
0.857225
-0.05825
0.319729
0.688083
1.97784
3.03665
0.348212
-0.12485
0.980675
-0.050675
0.330446
0.494519
1.97745
3.03414
0.332997
-0.11825
0.953175
-0.23905
0.341495
0.494457
0.807516
2.87062
0.358308
-0.2385
-0.732975
0.5759
0.061589
0.31466
0.805312
2.86305
0.345098
-0.268675
-0.813025
0.41275
0.071254
0.315078
2.03412
2.8988
0.385175
0.109325
-0.89095
0.41895
0.085462
0.520586
2.03233
2.90652
0.398386
0.094275
-0.7951
0.584275
0.07565
0.519469
0.823589
3.01013
0.308135
0.331875
0.857225
-0.05825
0.319729
0.688083
0.824732
3.00917
0.323489
0.3321
0.846675
0.123775
0.308696
0.687565
1.97931
3.03637
0.363567
-0.1268
0.972175
0.139925
0.319406
0.494032
1.97784
3.03665
0.348212
-0.12485
0.980675
-0.050675
0.330446
0.494519
0.805312
2.86305
0.345098
-0.268675
-0.813025
0.41275
0.071254
0.315078
0.803393
2.85817
0.330607
-0.289225
-0.8631
0.237525
0.081785
0.315183
2.03484
2.89359
0.370684
0.120175
-0.95345
0.239
0.096097
0.521184
2.03412
2.8988
0.385175
0.109325
-0.89095
0.41895
0.085462
0.520586
0.824732
3.00917
0.323489
0.3321
0.846675
0.123775
0.308696
0.687565
0.825414
3.00528
0.338394
0.3211
0.8074
0.3033
0.298047
0.686753
1.98182
3.03329
0.378471
-0.124
0.9276
0.3263
0.3088
0.493015
1.97931
3.03637
0.363567
-0.1268
0.972175
0.139925
0.319406
0.494032
0.803393
2.85817
0.330607
-0.289225
-0.8631
0.237525
0.081785
0.315183
0.801831
2.85618
0.315391
-0.3003
-0.882625
0.055525
0.092777
0.314969
2.03445
2.89107
0.355469
0.126475
-0.980875
0.050575
0.107145
0.521237
2.03484
2.89359
0.370684
0.120175
-0.95345
0.239
0.096097
0.521184
0.825414
3.00528
0.338394
0.3211
0.8074
0.3033
0.298047
0.686753
0.825607
2.99862
0.352274
0.2988
0.739125
0.475325
0.288193
0.68568
1.98526
3.02756
0.392352
-0.116475
0.847825
0.501775
0.299036
0.491507
1.98182
3.03329
0.378471
-0.124
0.9276
0.3263
0.3088
0.493015
0.801831
2.85618
0.315391
-0.3003
-0.882625
0.055525
0.092777
0.314969
0.800688
2.85715
0.300036
-0.30195
-0.871375
-0.1282
0.103808
0.314447
2.03297
2.89136
0.340114
0.127975
-0.9723
-0.140025
0.118182
0.520745
2.03445
2.89107
0.355469
0.126475
-0.980875
0.050575
0.107145
0.521237
0.825607
2.99862
0.352274
0.2988
0.739125
0.475325
0.288193
0.68568
0.825305
2.98945
0.364598
0.2652
0.64205
0.633925
0.279512
0.684385
1.98951
3.01937
0.404676
-0.1044
0.734925
0.65965
0.290488
0.489567
1.98526
3.02756
0.392352
-0.116475
0.847825
0.501775
0.299036
0.491507
0.800688
2.85715
0.300036
-0.30195
-0.871375
-0.1282
0.103808
0.314447
0.800006
2.86103
0.285132
-0.294
-0.82935
-0.308725
0.114455
0.313635
2.03046
2.89443
0.32521
0.12465
-0.92765
-0.32635
0.128784
0.519726
2.03297
2.89136
0.340114
0.127975
-0.9723
-0.140025
0.118182
0.520745
0.825305
2.98945
0.364598
0.2652
0.64205
0.633925
0.279512
0.684385
0.824518
2.97811
0.374892
0.2207
0.51745
0.77205
0.272337
0.682919
1.99439
3.00905
0.414969
-0.088175
0.592375
0.79325
0.283486
0.487268
1.98951
3.01937
0.404676
-0.1044
0.734925
0.65965
0.290488
0.489567
0.800006
2.86103
0.285132
-0.294
-0.82935
-0.308725
0.114455
0.313635
0.799813
2.86769
0.271252
-0.276175
-0.756825
-0.480825
0.124307
0.312564
2.02702
2.90017
0.311329
0.116625
-0.84785
-0.5018
0.138543
0.51822
2.03046
2.89443
0.32521
0.12465
-0.92765
-0.32635
0.128784
0.519726
0.824518
2.97811
0.374892
0.2207
0.51745
0.77205
0.272337
0.682919
0.823278
2.96505
0.382759
0.166425
0.368425
0.88205
0.266945
0.681339
1.99973
2.99699
0.422837
-0.068375
0.42525
0.896475
0.278297
0.484698
1.99439
3.00905
0.414969
-0.088175
0.592375
0.79325
0.283486
0.487268
0.799813
2.86769
0.271252
-0.276175
-0.756825
-0.480825
0.124307
0.312564
0.800115
2.87687
0.258928
-0.2481
-0.654775
-0.6385
0.132987
0.311277
2.02278
2.90835
0.299005
0.10415
-0.73495
-0.659625
0.147086
0.516284
2.02702
2.90017
0.311329
0.116625
-0.84785
-0.5018
0.138543
0.51822
0.823278
2.96505
0.382759
0.166425
0.368425
0.88205
0.266945
0.681339
0.821632
2.95076
0.387899
0.10455
0.200525
0.956725
0.263542
0.679705
2.00531
2.98366
0.427976
-0.045725
0.2402
0.9644
0.275123
0.481958
1.99973
2.99699
0.422837
-0.068375
0.42525
0.896475
0.278297
0.484698
0.808033
2.9456
0.234212
0.030425
0.1584
-0.981375
0.374287
0.683343
0.810468
2.96019
0.23799
0.09835
0.32955
-0.9301
0.371264
0.684766
1.99089
2.98644
0.278067
-0.0287
0.3408
-0.9329
0.382902
0.486712
1.99593
2.97246
0.274289
-0.00395
0.151375
-0.982775
0.386171
0.484096
0.800115
2.87687
0.258928
-0.2481
-0.654775
-0.6385
0.132987
0.311277
0.800902
2.88821
0.248634
-0.209525
-0.52535
-0.775125
0.14016
0.309822
2.01789
2.91867
0.288712
0.08765
-0.5924
-0.79325
0.154082
0.513992
2.02278
2.90835
0.299005
0.10415
-0.73495
-0.659625
0.147086
0.516284
0.821632
2.95076
0.387899
0.10455
0.200525
0.956725
0.675987
0.683171
0.819643
2.93579
0.390112
0.038275
0.021625
0.990625
0.673899
0.681588
2.01092
2.96957
0.430189
-0.021125
0.045125
0.9936
0.716406
0.482556
2.00531
2.98366
0.427976
-0.045725
0.2402
0.9644
0.718132
0.485324
0.810468
2.96019
0.23799
0.09835
0.32955
-0.9301
0.371264
0.684766
0.81299
2.97374
0.244603
0.16175
0.483325
-0.840875
0.366221
0.686004
1.98644
2.99955
0.28468
-0.05225
0.515325
-0.846775
0.377628
0.48908
1.99089
2.98644
0.278067
-0.0287
0.3408
-0.9329
0.382902
0.486712
0.800902
2.88821
0.248634
-0.209525
-0.52535
-0.775125
0.14016
0.309822
0.802142
2.90127
0.240767
-0.160725
-0.372425
-0.8836
0.145552
0.308256
2.01256
2.93073
0.280844
0.06775
-0.425275
-0.896525
0.159264
0.511434
2.01789
2.91867
0.288712
0.08765
-0.5924
-0.79325
0.154082
0.513992
0.819643
2.93579
0.390112
0.038275
0.021625
0.990625
0.673899
0.681588
0.817387
2.92072
0.389314
-0.02855
-0.159
0.981375
0.671821
0.680033
2.01635
2.95526
0.429392
0.004375
-0.151375
0.9828
0.714678
0.479785
2.01092
2.96957
0.430189
-0.021125
0.045125
0.9936
0.716406
0.482556
0.81299
2.97374
0.244603
0.16175
0.483325
-0.840875
0.366221
0.686004
0.8155
2.98573
0.253796
0.217375
0.613775
-0.720025
0.359354
0.687008
1.98275
3.01129
0.293874
-0.073675
0.668375
-0.72875
0.370549
0.491108
1.98644
2.99955
0.28468
-0.05225
0.515325
-0.846775
0.377628
0.48908
0.802142
2.90127
0.240767
-0.160725
-0.372425
-0.8836
0.145552
0.308256
0.803788
2.91556
0.235627
-0.102775
-0.201975
-0.9572
0.148954
0.306638
2.00698
2.94406
0.275705
0.045275
-0.240225
-0.964425
0.162432
0.508706
2.01256
2.93073
0.280844
0.06775
-0.425275
-0.896525
0.159264
0.511434
0.817387
2.92072
0.389314
-0.02855
-0.159
0.981375
0.038234
0.310337
0.814952
2.90613
0.385536
-0.092175
-0.332
0.9302
0.041255
0.31174
2.02139
2.94129
0.425614
0.02965
-0.34085
0.93295
0.054677
0.51351
2.01635
2.95526
0.429392
0.004375
-0.151375
0.9828
0.051403
0.510911
0.8155
2.98573
0.253796
0.217375
0.613775
-0.720025
0.359354
0.687008
0.817904
2.9957
0.265218
0.26295
0.717425
-0.57485
0.350924
0.687741
1.97995
3.02121
0.305295
-0.092225
0.794775
-0.5842
0.36194
0.492719
1.98275
3.01129
0.293874
-0.073675
0.668375
-0.72875
0.370549
0.491108
0.803788
2.91556
0.235627
-0.102775
-0.201975
-0.9572
0.449145
0.287189
0.805777
2.93053
0.233414
-0.03795
-0.021925
-0.990675
0.451469
0.285581
2.00136
2.95815
0.273492
0.02105
-0.04515
-0.9936
0.496496
0.479075
2.00698
2.94406
0.275705
0.045275
-0.240225
-0.964425
0.494592
0.481812
2.03445
2.89107
0.355469
0.126475
-0.980875
0.050575
0.107145
0.521237
2.03297
2.89136
0.340114
0.127975
-0.9723
-0.140025
0.118182
0.520745
2.63007
3.0312
0.338173
0.15685
-0.969825
-0.14375
0.137385
0.604632
2.63148
3.03068
0.353528
0.1533
-0.97925
0.050575
0.126352
0.605143
1.98526
3.02756
0.392352
-0.116475
0.847825
0.501775
0.299036
0.491507
1.98951
3.01937
0.404676
-0.1044
0.734925
0.65965
0.290488
0.489567
2.60784
3.16447
0.402735
-0.166
0.7185
0.66825
0.309765
0.403104
2.60497
3.17323
0.390411
-0.183
0.833525
0.51185
0.318346
0.404884
2.03297
2.89136
0.340114
0.127975
-0.9723
-0.140025
0.118182
0.520745
2.03046
2.89443
0.32521
0.12465
-0.92765
-0.32635
0.128784
0.519726
2.62809
3.03463
0.323269
0.153675
-0.923175
-0.33295
0.147997
0.603657
2.63007
3.0312
0.338173
0.15685
-0.969825
-0.14375
0.137385
0.604632
1.98951
3.01937
0.404676
-0.1044
0.734925
0.65965
0.290488
0.489567
1.99439
3.00905
0.414969
-0.088175
0.592375
0.79325
0.283486
0.487268
2.611
3.15351
0.413029
-0.143425
0.5756
0.798975
0.302718
0.401016
2.60784
3.16447
0.402735
-0.166
0.7185
0.66825
0.309765
0.403104
2.03046
2.89443
0.32521
0.12465
-0.92765
-0.32635
0.128784
0.519726
2.02702
2.90017
0.311329
0.116625
-0.84785
-0.5018
0.138543
0.51822
2.62562
3.04085
0.309389
0.1438
-0.840975
-0.509725
0.157779
0.602256
2.62809
3.03463
0.323269
0.153675
-0.923175
-0.33295
0.147997
0.603657
1.99439
3.00905
0.414969
-0.088175
0.592375
0.79325
0.283486
0.487268
1.99973
2.99699
0.422837
-0.068375
0.42525
0.896475
0.278297
0.484698
2.61431
3.14075
0.420896
-0.116175
0.410375
0.898875
0.297477
0.3987
2.611
3.15351
0.413029
-0.143425
0.5756
0.798975
0.302718
0.401016
2.02702
2.90017
0.311329
0.116625
-0.84785
-0.5018
0.138543
0.51822
2.02278
2.90835
0.299005
0.10415
-0.73495
-0.659625
0.147086
0.516284
2.62275
3.04961
0.297065
0.1275
-0.726225
-0.667125
0.166356
0.600481
2.62562
3.04085
0.309389
0.1438
-0.840975
-0.509725
0.157779
0.602256
1.99973
2.99699
0.422837
-0.068375
0.42525
0.896475
0.278297
0.484698
2.00531
2.98366
0.427976
-0.045725
0.2402
0.9644
0.275123
0.481958
2.61767
3.1267
0.426035
-0.0853
0.22925
0.964075
0.294244
0.396246
2.61431
3.14075
0.420896
-0.116175
0.410375
0.898875
0.297477
0.3987
1.99593
2.97246
0.274289
-0.00395
0.151375
-0.982775
0.386171
0.484096
1.99089
2.98644
0.278067
-0.0287
0.3408
-0.9329
0.382902
0.486712
2.6039
3.13177
0.276127
-0.056925
0.333175
-0.9357
0.401987
0.401186
2.60661
3.11717
0.272349
-0.0219
0.14705
-0.98385
0.40519
0.398885
2.02278
2.90835
0.299005
0.10415
-0.73495
-0.659625
0.147086
0.516284
2.01789
2.91867
0.288712
0.08765
-0.5924
-0.79325
0.154082
0.513992
2.6196
3.06057
0.286771
0.105325
-0.583225
-0.7989
0.173397
0.598402
2.62275
3.04961
0.297065
0.1275
-0.726225
-0.667125
0.166356
0.600481
2.00531
2.98366
0.427976
-0.045725
0.2402
0.9644
0.718132
0.485324
2.01092
2.96957
0.430189
-0.021125
0.045125
0.9936
0.716406
0.482556
2.62093
3.1119
0.428249
-0.052025
0.03935
0.99205
0.755117
0.396692
2.61767
3.1267
0.426035
-0.0853
0.22925
0.964075
0.757014
0.399151
1.99089
2.98644
0.278067
-0.0287
0.3408
-0.9329
0.382902
0.486712
1.98644
2.99955
0.28468
-0.05225
0.515325
-0.846775
0.377628
0.48908
2.60162
3.14542
0.28274
-0.090475
0.506075
-0.85155
0.396774
0.403253
2.6039
3.13177
0.276127
-0.056925
0.333175
-0.9357
0.401987
0.401186
2.01789
2.91867
0.288712
0.08765
-0.5924
-0.79325
0.154082
0.513992
2.01256
2.93073
0.280844
0.06775
-0.425275
-0.896525
0.159264
0.511434
2.61628
3.07332
0.278904
0.078125
-0.417575
-0.89975
0.178634
0.596098
2.6196
3.06057
0.286771
0.105325
-0.583225
-0.7989
0.173397
0.598402
2.01092
2.96957
0.430189
-0.021125
0.045125
0.9936
0.716406
0.482556
2.01635
2.95526
0.429392
0.004375
-0.151375
0.9828
0.714678
0.479785
2.62398
3.09691
0.427451
-0.017675
-0.151875
0.981825
0.753221
0.394241
2.62093
3.1119
0.428249
-0.052025
0.03935
0.99205
0.755117
0.396692
1.98644
2.99955
0.28468
-0.05225
0.515325
-0.846775
0.377628
0.48908
1.98275
3.01129
0.293874
-0.073675
0.668375
-0.72875
0.370549
0.491108
2.59987
3.15759
0.291933
-0.1212
0.65915
-0.7348
0.389753
0.405007
2.60162
3.14542
0.28274
-0.090475
0.506075
-0.85155
0.396774
0.403253
2.01256
2.93073
0.280844
0.06775
-0.425275
-0.896525
0.159264
0.511434
2.00698
2.94406
0.275705
0.045275
-0.240225
-0.964425
0.162432
0.508706
2.61293
3.08737
0.273764
0.047025
-0.2358
-0.96565
0.181863
0.593658
2.61628
3.07332
0.278904
0.078125
-0.417575
-0.89975
0.178634
0.596098
2.01635
2.95526
0.429392
0.004375
-0.151375
0.9828
0.714678
0.479785
2.02139
2.94129
0.425614
0.02965
-0.34085
0.93295
0.713011
0.477119
2.6267
3.08231
0.423673
0.01645
-0.33715
0.934025
0.751397
0.391892
2.62398
3.09691
0.427451
-0.017675
-0.151875
0.981825
0.753221
0.394241
1.98275
3.01129
0.293874
-0.073675
0.668375
-0.72875
0.370549
0.491108
1.97995
3.02121
0.305295
-0.092225
0.794775
-0.5842
0.36194
0.492719
2.59871
3.16783
0.303355
-0.1479
0.786675
-0.59005
0.381192
0.406379
2.59987
3.15759
0.291933
-0.1212
0.65915
-0.7348
0.389753
0.405007
2.00698
2.94406
0.275705
0.045275
-0.240225
-0.964425
0.494592
0.481812
2.00136
2.95815
0.273492
0.02105
-0.04515
-0.9936
0.496496
0.479075
2.60966
3.10217
0.271551
0.013225
-0.0451
-0.994025
0.539484
0.560546
2.61293
3.08737
0.273764
0.047025
-0.2358
-0.96565
0.537397
0.562987
2.02139
2.94129
0.425614
0.02965
-0.34085
0.93295
0.054677
0.51351
2.02584
2.92817
0.419001
0.053675
-0.515475
0.84685
0.059956
0.515861
2.62897
3.06866
0.41706
0.0491
-0.5094
0.8506
0.079359
0.600695
2.6267
3.08231
0.423673
0.01645
-0.33715
0.934025
0.074144
0.598646
1.97995
3.02121
0.305295
-0.092225
0.794775
-0.5842
0.36194
0.492719
1.97816
3.02892
0.318506
-0.10725
0.890625
-0.41895
0.352129
0.493849
2.59819
3.17572
0.316565
-0.169575
0.8839
-0.42285
0.371421
0.407318
2.59871
3.16783
0.303355
-0.1479
0.786675
-0.59005
0.381192
0.406379
2.00136
2.95815
0.273492
0.02105
-0.04515
-0.9936
0.496496
0.479075
1.99593
2.97246
0.274289
-0.00395
0.151375
-0.982775
0.497843
0.476544
2.60661
3.11717
0.272349
-0.0219
0.14705
-0.98385
0.541012
0.558321
2.60966
3.10217
0.271551
0.013225
-0.0451
-0.994025
0.539484
0.560546
2.02584
2.92817
0.419001
0.053675
-0.515475
0.84685
0.059956
0.515861
2.02954
2.91643
0.409807
0.0755
-0.668625
0.72885
0.067038
0.517873
2.63072
3.05648
0.407867
0.079125
-0.662125
0.73485
0.086383
0.602431
2.62897
3.06866
0.41706
0.0491
-0.5094
0.8506
0.079359
0.600695
1.97816
3.02892
0.318506
-0.10725
0.890625
-0.41895
0.352129
0.493849
1.97745
3.03414
0.332997
-0.11825
0.953175
-0.23905
0.341495
0.494457
2.59833
3.18098
0.331056
-0.1855
0.947175
-0.2396
0.360815
0.407787
2.59819
3.17572
0.316565
-0.169575
0.8839
-0.42285
0.371421
0.407318
2.02954
2.91643
0.409807
0.0755
-0.668625
0.72885
0.067038
0.517873
2.03233
2.90652
0.398386
0.094275
-0.7951
0.584275
0.07565
0.519469
2.63188
3.04625
0.396445
0.105425
-0.7897
0.591225
0.094945
0.603788
2.63072
3.05648
0.407867
0.079125
-0.662125
0.73485
0.086383
0.602431
1.97745
3.03414
0.332997
-0.11825
0.953175
-0.23905
0.341495
0.494457
1.97784
3.03665
0.348212
-0.12485
0.980675
-0.050675
0.330446
0.494519
2.59912
3.1834
0.346272
-0.195025
0.97415
-0.047175
0.349783
0.407768
2.59833
3.18098
0.331056
-0.1855
0.947175
-0.2396
0.360815
0.407787
2.03233
2.90652
0.398386
0.094275
-0.7951
0.584275
0.07565
0.519469
2.03412
2.8988
0.385175
0.109325
-0.89095
0.41895
0.085462
0.520586
2.6324
3.03835
0.383235
0.127025
-0.88735
0.425075
0.104716
0.604713
2.63188
3.04625
0.396445
0.105425
-0.7897
0.591225
0.094945
0.603788
1.97784
3.03665
0.348212
-0.12485
0.980675
-0.050675
0.330446
0.494519
1.97931
3.03637
0.363567
-0.1268
0.972175
0.139925
0.319406
0.494032
2.60053
3.18288
0.361626
-0.197775
0.96375
0.147125
0.338747
0.407262
2.59912
3.1834
0.346272
-0.195025
0.97415
-0.047175
0.349783
0.407768
2.03412
2.8988
0.385175
0.109325
-0.89095
0.41895
0.085462
0.520586
2.03484
2.89359
0.370684
0.120175
-0.95345
0.239
0.096097
0.521184
2.63227
3.0331
0.368744
0.1432
-0.95135
0.2426
0.115321
0.60517
2.6324
3.03835
0.383235
0.127025
-0.88735
0.425075
0.104716
0.604713
1.97931
3.03637
0.363567
-0.1268
0.972175
0.139925
0.319406
0.494032
1.98182
3.03329
0.378471
-0.124
0.9276
0.3263
0.3088
0.493015
2.60251
3.17945
0.376531
-0.193725
0.9163
0.335875
0.328132
0.406288
2.60053
3.18288
0.361626
-0.197775
0.96375
0.147125
0.338747
0.407262
2.03484
2.89359
0.370684
0.120175
-0.95345
0.239
0.096097
0.521184
2.03445
2.89107
0.355469
0.126475
-0.980875
0.050575
0.107145
0.521237
2.63148
3.03068
0.353528
0.1533
-0.97925
0.050575
0.126352
0.605143
2.63227
3.0331
0.368744
0.1432
-0.95135
0.2426
0.115321
0.60517
1.98182
3.03329
0.378471
-0.124
0.9276
0.3263
0.3088
0.493015
1.98526
3.02756
0.392352
-0.116475
0.847825
0.501775
0.299036
0.491507
2.60497
3.17323
0.390411
-0.183
0.833525
0.51185
0.318346
0.404884
2.60251
3.17945
0.376531
-0.193725
0.9163
0.335875
0.328132
0.406288
2.60162
3.14542
0.28274
-0.090475
0.506075
-0.85155
0.396774
0.403253
2.59987
3.15759
0.291933
-0.1212
0.65915
-0.7348
0.389753
0.405007
3.37689
3.27742
0.310283
-0.075625
0.6664
-0.73515
0.400567
0.288003
3.37745
3.26012
0.297439
-0.05155
0.5117
-0.851975
0.410318
0.285837
2.61628
3.07332
0.278904
0.078125
-0.417575
-0.89975
0.178634
0.596098
2.61293
3.08737
0.273764
0.047025
-0.2358
-0.96565
0.181863
0.593658
3.38427
3.17722
0.284924
0.046825
-0.2339
-0.966175
0.19915
0.71384
3.38679
3.15706
0.292113
0.06715
-0.4164
-0.901375
0.194567
0.716948
2.62398
3.09691
0.427451
-0.017675
-0.151875
0.981825
0.070937
0.596363
2.6267
3.08231
0.423673
0.01645
-0.33715
0.934025
0.074144
0.598646
3.40283
3.16809
0.494443
-0.0145
-0.341275
0.9342
0.048625
0.720956
3.40129
3.18892
0.499716
-0.039425
-0.15505
0.98175
0.044219
0.718095
2.59987
3.15759
0.291933
-0.1212
0.65915
-0.7348
0.389753
0.405007
2.59871
3.16783
0.303355
-0.1479
0.786675
-0.59005
0.381192
0.406379
3.37686
3.29192
0.326241
-0.09755
0.7955
-0.5898
0.388657
0.289675
3.37689
3.27742
0.310283
-0.075625
0.6664
-0.73515
0.400567
0.288003
2.61293
3.08737
0.273764
0.047025
-0.2358
-0.96565
0.537397
0.562987
2.60966
3.10217
0.271551
0.013225
-0.0451
-0.994025
0.539484
0.560546
3.38199
3.19842
0.281823
0.023875
-0.0426
-0.994
0.581104
0.675156
3.38427
3.17722
0.284924
0.046825
-0.2339
-0.966175
0.578029
0.678258
2.6267
3.08231
0.423673
0.01645
-0.33715
0.934025
0.074144
0.598646
2.62897
3.06866
0.41706
0.0491
-0.5094
0.8506
0.079359
0.600695
3.40389
3.14865
0.485207
0.01025
-0.51485
0.85105
0.055843
0.723506
3.40283
3.16809
0.494443
-0.0145
-0.341275
0.9342
0.048625
0.720956
2.59871
3.16783
0.303355
-0.1479
0.786675
-0.59005
0.381192
0.406379
2.59819
3.17572
0.316565
-0.169575
0.8839
-0.42285
0.371421
0.407318
3.37736
3.30304
0.3447
-0.116425
0.893825
-0.42145
0.375044
0.29079
3.37686
3.29192
0.326241
-0.09755
0.7955
-0.5898
0.388657
0.289675
2.60966
3.10217
0.271551
0.013225
-0.0451
-0.994025
0.539484
0.560546
2.60661
3.11717
0.272349
-0.0219
0.14705
-0.98385
0.541012
0.558321
3.38005
3.21985
0.282931
-0.0008
0.15025
-0.9838
0.583395
0.672365
3.38199
3.19842
0.281823
0.023875
-0.0426
-0.994
0.581104
0.675156
2.62897
3.06866
0.41706
0.0491
-0.5094
0.8506
0.079359
0.600695
2.63072
3.05648
0.407867
0.079125
-0.662125
0.73485
0.086383
0.602431
3.40445
3.13135
0.472364
0.0339
-0.66915
0.735225
0.065595
0.725647
3.40389
3.14865
0.485207
0.01025
-0.51485
0.85105
0.055843
0.723506
2.59819
3.17572
0.316565
-0.169575
0.8839
-0.42285
0.371421
0.407318
2.59833
3.18098
0.331056
-0.1855
0.947175
-0.2396
0.360815
0.407787
3.37837
3.31038
0.36495
-0.13155
0.9574
-0.236725
0.360252
0.291304
3.37736
3.30304
0.3447
-0.116425
0.893825
-0.42145
0.375044
0.29079
2.63072
3.05648
0.407867
0.079125
-0.662125
0.73485
0.086383
0.602431
2.63188
3.04625
0.396445
0.105425
-0.7897
0.591225
0.094945
0.603788
3.40448
3.11685
0.456406
0.05555
-0.798275
0.590975
0.077505
0.727296
3.40445
3.13135
0.472364
0.0339
-0.66915
0.735225
0.065595
0.725647
2.59833
3.18098
0.331056
-0.1855
0.947175
-0.2396
0.360815
0.407787
2.59912
3.1834
0.346272
-0.195025
0.97415
-0.047175
0.349783
0.407768
3.37985
3.31364
0.386214
-0.142325
0.983775
-0.04285
0.34485
0.291198
3.37837
3.31038
0.36495
-0.13155
0.9574
-0.236725
0.360252
0.291304
2.63188
3.04625
0.396445
0.105425
-0.7897
0.591225
0.094945
0.603788
2.6324
3.03835
0.383235
0.127025
-0.88735
0.425075
0.104716
0.604713
3.40398
3.10573
0.437947
0.074375
-0.89705
0.4237
0.091117
0.728391
3.40448
3.11685
0.456406
0.05555
-0.798275
0.590975
0.077505
0.727296
2.59912
3.1834
0.346272
-0.195025
0.97415
-0.047175
0.349783
0.407768
2.60053
3.18288
0.361626
-0.197775
0.96375
0.147125
0.338747
0.407262
3.38175
3.31271
0.407675
-0.1483
0.9719
0.152575
0.329428
0.290476
3.37985
3.31364
0.386214
-0.142325
0.983775
-0.04285
0.34485
0.291198
2.6324
3.03835
0.383235
0.127025
-0.88735
0.425075
0.104716
0.604713
2.63227
3.0331
0.368744
0.1432
-0.95135
0.2426
0.115321
0.60517
3.40297
3.09839
0.417696
0.089675
-0.961425
0.239725
0.105907
0.728889
3.40398
3.10573
0.437947
0.074375
-0.89705
0.4237
0.091117
0.728391
2.60053
3.18288
0.361626
-0.197775
0.96375
0.147125
0.338747
0.407262
2.60251
3.17945
0.376531
-0.193725
0.9163
0.335875
0.328132
0.406288
3.384
3.30761
0.428507
-0.1493
0.922325
0.3418
0.314581
0.289165
3.38175
3.31271
0.407675
-0.1483
0.9719
0.152575
0.329428
0.290476
2.63227
3.0331
0.368744
0.1432
-0.95135
0.2426
0.115321
0.60517
2.63148
3.03068
0.353528
0.1533
-0.97925
0.050575
0.126352
0.605143
3.40149
3.09512
0.396432
0.10075
-0.98875
0.0462
0.121307
0.728772
3.40297
3.09839
0.417696
0.089675
-0.961425
0.239725
0.105907
0.728889
2.60251
3.17945
0.376531
-0.193725
0.9163
0.335875
0.328132
0.406288
2.60497
3.17323
0.390411
-0.183
0.833525
0.51185
0.318346
0.404884
3.3865
3.29855
0.44791
-0.145325
0.8372
0.517425
0.300878
0.287316
3.384
3.30761
0.428507
-0.1493
0.922325
0.3418
0.314581
0.289165
2.63148
3.03068
0.353528
0.1533
-0.97925
0.050575
0.126352
0.605143
2.63007
3.0312
0.338173
0.15685
-0.969825
-0.14375
0.137385
0.604632
3.39959
3.09606
0.374971
0.107175
-0.977875
-0.1492
0.136725
0.728043
3.40149
3.09512
0.396432
0.10075
-0.98875
0.0462
0.121307
0.728772
2.60497
3.17323
0.390411
-0.183
0.833525
0.51185
0.318346
0.404884
2.60784
3.16447
0.402735
-0.166
0.7185
0.66825
0.309765
0.403104
3.38916
3.28587
0.465139
-0.136575
0.719975
0.672775
0.288846
0.285
3.3865
3.29855
0.44791
-0.145325
0.8372
0.517425
0.300878
0.287316
2.63007
3.0312
0.338173
0.15685
-0.969825
-0.14375
0.137385
0.604632
2.62809
3.03463
0.323269
0.153675
-0.923175
-0.33295
0.147997
0.603657
3.39734
3.10116
0.354139
0.108725
-0.929225
-0.338825
0.151568
0.726731
3.39959
3.09606
0.374971
0.107175
-0.977875
-0.1492
0.136725
0.728043
2.60784
3.16447
0.402735
-0.166
0.7185
0.66825
0.309765
0.403104
2.611
3.15351
0.413029
-0.143425
0.5756
0.798975
0.302718
0.401016
3.39188
3.27005
0.479531
-0.123425
0.575325
0.802075
0.278948
0.282305
3.38916
3.28587
0.465139
-0.136575
0.719975
0.672775
0.288846
0.285
2.62809
3.03463
0.323269
0.153675
-0.923175
-0.33295
0.147997
0.603657
2.62562
3.04085
0.309389
0.1438
-0.840975
-0.509725
0.157779
0.602256
3.39484
3.11022
0.334736
0.105275
-0.844775
-0.51525
0.165266
0.724886
3.39734
3.10116
0.354139
0.108725
-0.929225
-0.338825
0.151568
0.726731
2.611
3.15351
0.413029
-0.143425
0.5756
0.798975
0.302718
0.401016
2.61431
3.14075
0.420896
-0.116175
0.410375
0.898875
0.297477
0.3987
3.39455
3.25171
0.490533
-0.106425
0.40895
0.90055
0.271563
0.279337
3.39188
3.27005
0.479531
-0.123425
0.575325
0.802075
0.278948
0.282305
2.62562
3.04085
0.309389
0.1438
-0.840975
-0.509725
0.157779
0.602256
2.62275
3.04961
0.297065
0.1275
-0.726225
-0.667125
0.166356
0.600481
3.39218
3.12291
0.317508
0.09695
-0.7279
-0.671625
0.177294
0.722579
3.39484
3.11022
0.334736
0.105275
-0.844775
-0.51525
0.165266
0.724886
2.61431
3.14075
0.420896
-0.116175
0.410375
0.898875
0.297477
0.3987
2.61767
3.1267
0.426035
-0.0853
0.22925
0.964075
0.294244
0.396246
3.39707
3.23155
0.497723
-0.08625
0.22715
0.964625
0.266976
0.276208
3.39455
3.25171
0.490533
-0.106425
0.40895
0.90055
0.271563
0.279337
2.60661
3.11717
0.272349
-0.0219
0.14705
-0.98385
0.40519
0.398885
2.6039
3.13177
0.276127
-0.056925
0.333175
-0.9357
0.401987
0.401186
3.37852
3.24068
0.288203
-0.026275
0.3374
-0.9359
0.417533
0.283261
3.38005
3.21985
0.282931
-0.0008
0.15025
-0.9838
0.421937
0.280373
2.62275
3.04961
0.297065
0.1275
-0.726225
-0.667125
0.166356
0.600481
2.6196
3.06057
0.286771
0.105325
-0.583225
-0.7989
0.173397
0.598402
3.38946
3.13872
0.303116
0.084075
-0.5832
-0.801975
0.187187
0.719898
3.39218
3.12291
0.317508
0.09695
-0.7279
-0.671625
0.177294
0.722579
2.61767
3.1267
0.426035
-0.0853
0.22925
0.964075
0.757014
0.399151
2.62093
3.1119
0.428249
-0.052025
0.03935
0.99205
0.755117
0.396692
3.39935
3.21035
0.500823
-0.063625
0.036775
0.992025
0.792613
0.276545
3.39707
3.23155
0.497723
-0.08625
0.22715
0.964625
0.795405
0.279657
2.6039
3.13177
0.276127
-0.056925
0.333175
-0.9357
0.401987
0.401186
2.60162
3.14542
0.28274
-0.090475
0.506075
-0.85155
0.396774
0.403253
3.37745
3.26012
0.297439
-0.05155
0.5117
-0.851975
0.410318
0.285837
3.37852
3.24068
0.288203
-0.026275
0.3374
-0.9359
0.417533
0.283261
2.6196
3.06057
0.286771
0.105325
-0.583225
-0.7989
0.173397
0.598402
2.61628
3.07332
0.278904
0.078125
-0.417575
-0.89975
0.178634
0.596098
3.38679
3.15706
0.292113
0.06715
-0.4164
-0.901375
0.194567
0.716948
3.38946
3.13872
0.303116
0.084075
-0.5832
-0.801975
0.187187
0.719898
2.62093
3.1119
0.428249
-0.052025
0.03935
0.99205
0.755117
0.396692
2.62398
3.09691
0.427451
-0.017675
-0.151875
0.981825
0.753221
0.394241
3.40129
3.18892
0.499716
-0.039425
-0.15505
0.98175
0.789823
0.273453
3.39935
3.21035
0.500823
-0.063625
0.036775
0.992025
0.792613
0.276545
3.39959
3.09606
0.374971
0.107175
-0.977875
-0.1492
0.136725
0.728043
3.39734
3.10116
0.354139
0.108725
-0.929225
-0.338825
0.151568
0.726731
4.95641
3.29488
0.392071
0.203
-0.91025
-0.337875
0.175082
0.968297
4.95878
3.28961
0.413142
0.204725
-0.958825
-0.1501
0.160074
0.969655
3.38916
3.28587
0.465139
-0.136575
0.719975
0.672775
0.288846
0.285
3.39188
3.27005
0.479531
-0.123425
0.575325
0.802075
0.278948
0.282305
4.95253
3.46555
0.519916
-0.0412
0.5869
0.801
0.299286
0.041412
4.94978
3.48165
0.505421
-0.0575
0.730625
0.67135
0.309251
0.044151
3.39734
3.10116
0.354139
0.108725
-0.929225
-0.338825
0.151568
0.726731
3.39484
3.11022
0.334736
0.105275
-0.844775
-0.51525
0.165266
0.724886
4.95382
3.30416
0.372466
0.196025
-0.8266
-0.512275
0.188916
0.966405
4.95641
3.29488
0.392071
0.203
-0.91025
-0.337875
0.175082
0.968297
3.39188
3.27005
0.479531
-0.123425
0.575325
0.802075
0.278948
0.282305
3.39455
3.25171
0.490533
-0.106425
0.40895
0.90055
0.271563
0.279337
4.9552
3.4469
0.530965
-0.020725
0.421275
0.8998
0.291875
0.038403
4.95253
3.46555
0.519916
-0.0412
0.5869
0.801
0.299286
0.041412
3.39484
3.11022
0.334736
0.105275
-0.844775
-0.51525
0.165266
0.724886
3.39218
3.12291
0.317508
0.09695
-0.7279
-0.671625
0.177294
0.722579
4.95109
3.31711
0.355082
0.184125
-0.7113
-0.666725
0.201046
0.964051
4.95382
3.30416
0.372466
0.196025
-0.8266
-0.512275
0.188916
0.966405
3.39455
3.25171
0.490533
-0.106425
0.40895
0.90055
0.271563
0.279337
3.39707
3.23155
0.497723
-0.08625
0.22715
0.964625
0.266976
0.276208
4.95768
3.42642
0.538144
0.0031
0.24005
0.96415
0.287302
0.035239
4.9552
3.4469
0.530965
-0.020725
0.421275
0.8998
0.291875
0.038403
3.38005
3.21985
0.282931
-0.0008
0.15025
-0.9838
0.421937
0.280373
3.37852
3.24068
0.288203
-0.026275
0.3374
-0.9359
0.417533
0.283261
4.93772
3.43668
0.326001
0.045625
0.341075
-0.931575
0.439678
0.042711
4.93913
3.41558
0.320556
0.07265
0.1552
-0.978025
0.444209
0.039812
3.39218
3.12291
0.317508
0.09695
-0.7279
-0.671625
0.177294
0.722579
3.38946
3.13872
0.303116
0.084075
-0.5832
-0.801975
0.187187
0.719898
4.94834
3.33321
0.340587
0.167825
-0.568825
-0.795575
0.211006
0.961327
4.95109
3.31711
0.355082
0.184125
-0.7113
-0.666725
0.201046
0.964051
3.39707
3.23155
0.497723
-0.08625
0.22715
0.964625
0.795405
0.279657
3.39935
3.21035
0.500823
-0.063625
0.036775
0.992025
0.792613
0.276545
4.95989
3.40491
0.541177
0.029375
0.050025
0.9917
0.86851
0.035141
4.95768
3.42642
0.538144
0.0031
0.24005
0.96415
0.871346
0.038282
3.37852
3.24068
0.288203
-0.026275
0.3374
-0.9359
0.417533
0.283261
3.37745
3.26012
0.297439
-0.05155
0.5117
-0.851975
0.410318
0.285837
4.9368
3.45635
0.335453
0.0192
0.51475
-0.849225
0.432305
0.045289
4.93772
3.43668
0.326001
0.045625
0.341075
-0.931575
0.439678
0.042711
3.38946
3.13872
0.303116
0.084075
-0.5832
-0.801975
0.187187
0.719898
3.38679
3.15706
0.292113
0.06715
-0.4164
-0.901375
0.194567
0.716948
4.94567
3.35186
0.329538
0.147775
-0.404575
-0.894125
0.218412
0.958336
4.94834
3.33321
0.340587
0.167825
-0.568825
-0.795575
0.211006
0.961327
3.39935
3.21035
0.500823
-0.063625
0.036775
0.992025
0.792613
0.276545
3.40129
3.18892
0.499716
-0.039425
-0.15505
0.98175
0.789823
0.273453
4.96174
3.38318
0.539947
0.05705
-0.141625
0.98135
0.865679
0.032028
4.95989
3.40491
0.541177
0.029375
0.050025
0.9917
0.86851
0.035141
3.37745
3.26012
0.297439
-0.05155
0.5117
-0.851975
0.410318
0.285837
3.37689
3.27742
0.310283
-0.075625
0.6664
-0.73515
0.400567
0.288003
4.9364
3.47383
0.348548
-0.00565
0.669425
-0.733875
0.422374
0.047448
4.9368
3.45635
0.335453
0.0192
0.51475
-0.849225
0.432305
0.045289
3.38679
3.15706
0.292113
0.06715
-0.4164
-0.901375
0.194567
0.716948
3.38427
3.17722
0.284924
0.046825
-0.2339
-0.966175
0.19915
0.71384
4.94319
3.37234
0.322359
0.12465
-0.2247
-0.958775
0.22298
0.955194
4.94567
3.35186
0.329538
0.147775
-0.404575
-0.894125
0.218412
0.958336
3.40129
3.18892
0.499716
-0.039425
-0.15505
0.98175
0.044219
0.718095
3.40283
3.16809
0.494443
-0.0145
-0.341275
0.9342
0.048625
0.720956
4.96315
3.36208
0.534501
0.085025
-0.32765
0.933425
0.07064
0.962729
4.96174
3.38318
0.539947
0.05705
-0.141625
0.98135
0.066106
0.959857
3.37689
3.27742
0.310283
-0.075625
0.6664
-0.73515
0.400567
0.288003
3.37686
3.29192
0.326241
-0.09755
0.7955
-0.5898
0.388657
0.289675
4.93654
3.48845
0.364783
-0.02795
0.799025
-0.589725
0.410266
0.049104
4.9364
3.47383
0.348548
-0.00565
0.669425
-0.733875
0.422374
0.047448
3.38427
3.17722
0.284924
0.046825
-0.2339
-0.966175
0.578029
0.678258
3.38199
3.19842
0.281823
0.023875
-0.0426
-0.994
0.581104
0.675156
4.94098
3.39385
0.319326
0.0993
-0.035775
-0.987125
0.661967
0.907495
4.94319
3.37234
0.322359
0.12465
-0.2247
-0.958775
0.658865
0.910618
3.40283
3.16809
0.494443
-0.0145
-0.341275
0.9342
0.048625
0.720956
3.40389
3.14865
0.485207
0.01025
-0.51485
0.85105
0.055843
0.723506
4.96407
3.34241
0.52505
0.112175
-0.500925
0.849625
0.078015
0.96528
4.96315
3.36208
0.534501
0.085025
-0.32765
0.933425
0.07064
0.962729
3.37686
3.29192
0.326241
-0.09755
0.7955
-0.5898
0.388657
0.289675
3.37736
3.30304
0.3447
-0.116425
0.893825
-0.42145
0.375044
0.29079
4.93722
3.49965
0.383534
-0.046825
0.898175
-0.4223
0.396447
0.050194
4.93654
3.48845
0.364783
-0.02795
0.799025
-0.589725
0.410266
0.049104
3.38199
3.19842
0.281823
0.023875
-0.0426
-0.994
0.581104
0.675156
3.38005
3.21985
0.282931
-0.0008
0.15025
-0.9838
0.583395
0.672365
4.93913
3.41558
0.320556
0.07265
0.1552
-0.978025
0.664274
0.904693
4.94098
3.39385
0.319326
0.0993
-0.035775
-0.987125
0.661967
0.907495
3.40389
3.14865
0.485207
0.01025
-0.51485
0.85105
0.055843
0.723506
3.40445
3.13135
0.472364
0.0339
-0.66915
0.735225
0.065595
0.725647
4.96447
3.32493
0.511955
0.1374
-0.654725
0.733025
0.087947
0.967413
4.96407
3.34241
0.52505
0.112175
-0.500925
0.849625
0.078015
0.96528
3.37736
3.30304
0.3447
-0.116425
0.893825
-0.42145
0.375044
0.29079
3.37837
3.31038
0.36495
-0.13155
0.9574
-0.236725
0.360252
0.291304
4.9384
3.50699
0.404079
-0.061525
0.96275
-0.238175
0.381448
0.050676
4.93722
3.49965
0.383534
-0.046825
0.898175
-0.4223
0.396447
0.050194
3.40445
3.13135
0.472364
0.0339
-0.66915
0.735225
0.065595
0.725647
3.40448
3.11685
0.456406
0.05555
-0.798275
0.590975
0.077505
0.727296
4.96433
3.31031
0.49572
0.1597
-0.783025
0.588075
0.100054
0.969047
4.96447
3.32493
0.511955
0.1374
-0.654725
0.733025
0.087947
0.967413
3.37837
3.31038
0.36495
-0.13155
0.9574
-0.236725
0.360252
0.291304
3.37985
3.31364
0.386214
-0.142325
0.983775
-0.04285
0.34485
0.291198
4.94005
3.5102
0.425631
-0.071425
0.990225
-0.044625
0.365845
0.050532
4.9384
3.50699
0.404079
-0.061525
0.96275
-0.238175
0.381448
0.050676
3.40448
3.11685
0.456406
0.05555
-0.798275
0.590975
0.077505
0.727296
3.40398
3.10573
0.437947
0.074375
-0.89705
0.4237
0.091117
0.728391
4.96365
3.29911
0.476969
0.1782
-0.880725
0.420425
0.113872
0.970117
4.96433
3.31031
0.49572
0.1597
-0.783025
0.588075
0.100054
0.969047
3.37985
3.31364
0.386214
-0.142325
0.983775
-0.04285
0.34485
0.291198
3.38175
3.31271
0.407675
-0.1483
0.9719
0.152575
0.329428
0.290476
4.94209
3.50915
0.44736
-0.076075
0.97945
0.150675
0.350237
0.049767
4.94005
3.5102
0.425631
-0.071425
0.990225
-0.044625
0.365845
0.050532
3.40398
3.10573
0.437947
0.074375
-0.89705
0.4237
0.091117
0.728391
3.40297
3.09839
0.417696
0.089675
-0.961425
0.239725
0.105907
0.728889
4.96247
3.29177
0.456424
0.192175
-0.94395
0.2366
0.12887
0.970583
4.96365
3.29911
0.476969
0.1782
-0.880725
0.420425
0.113872
0.970117
3.38175
3.31271
0.407675
-0.1483
0.9719
0.152575
0.329428
0.290476
3.384
3.30761
0.428507
-0.1493
0.922325
0.3418
0.314581
0.289165
4.94446
3.50388
0.468432
-0.075275
0.93095
0.33995
0.335225
0.04841
4.94209
3.50915
0.44736
-0.076075
0.97945
0.150675
0.350237
0.049767
3.40297
3.09839
0.417696
0.089675
-0.961425
0.239725
0.105907
0.728889
3.40149
3.09512
0.396432
0.10075
-0.98875
0.0462
0.121307
0.728772
4.96082
3.28856
0.434872
0.2011
-0.970275
0.043875
0.14447
0.970427
4.96247
3.29177
0.456424
0.192175
-0.94395
0.2366
0.12887
0.970583
3.384
3.30761
0.428507
-0.1493
0.922325
0.3418
0.314581
0.289165
3.3865
3.29855
0.44791
-0.145325
0.8372
0.517425
0.300878
0.287316
4.94705
3.4946
0.488037
-0.069
0.84685
0.515725
0.321386
0.046513
4.94446
3.50388
0.468432
-0.075275
0.93095
0.33995
0.335225
0.04841
3.40149
3.09512
0.396432
0.10075
-0.98875
0.0462
0.121307
0.728772
3.39959
3.09606
0.374971
0.107175
-0.977875
-0.1492
0.136725
0.728043
4.95878
3.28961
0.413142
0.204725
-0.958825
-0.1501
0.160074
0.969655
4.96082
3.28856
0.434872
0.2011
-0.970275
0.043875
0.14447
0.970427
3.3865
3.29855
0.44791
-0.145325
0.8372
0.517425
0.300878
0.287316
3.38916
3.28587
0.465139
-0.136575
0.719975
0.672775
0.288846
0.285
4.94978
3.48165
0.505421
-0.0575
0.730625
0.67135
0.309251
0.044151
4.94705
3.4946
0.488037
-0.069
0.84685
0.515725
0.321386
0.046513
4.94319
3.37234
0.322359
0.12465
-0.2247
-0.958775
0.658865
0.910618
4.94098
3.39385
0.319326
0.0993
-0.035775
-0.987125
0.661967
0.907495
5.1784
3.43044
0.359229
0.1681
0.025375
-0.00107498
0.668401
0.944374
5.18024
3.41474
0.361748
0.171125
0.023525
-0.00120001
0.666088
0.946711
4.96315
3.36208
0.534501
0.085025
-0.32765
0.933425
0.07064
0.962729
4.96407
3.34241
0.52505
0.112175
-0.500925
0.849625
0.078015
0.96528
5.16645
3.39232
0.510265
0.24435
0.018875
0.030025
0.094668
0.993204
5.16376
3.40664
0.516894
0.244875
0.021275
0.033175
0.089409
0.990999
4.93654
3.48845
0.364783
-0.02795
0.799025
-0.589725
0.410266
0.049104
4.93722
3.49965
0.383534
-0.046825
0.898175
-0.4223
0.396447
0.050194
5.16282
3.50739
0.404651
0.178775
0.041
0.0116
0.388874
0.012519
5.16545
3.49928
0.391109
0.173975
0.038625
0.00765002
0.398964
0.011199
4.94098
3.39385
0.319326
0.0993
-0.035775
-0.987125
0.445725
0.036705
4.93913
3.41558
0.320556
0.07265
0.1552
-0.978025
0.444209
0.039812
5.17618
3.44628
0.359822
0.16655
0.027575
-0.00059998
0.423325
0.002924
5.1784
3.43044
0.359229
0.1681
0.025375
-0.00107498
0.42424
0.000506
4.96407
3.34241
0.52505
0.112175
-0.500925
0.849625
0.078015
0.96528
4.96447
3.32493
0.511955
0.1374
-0.654725
0.733025
0.087947
0.967413
5.16923
3.37962
0.500944
0.2422
0.01685
0.02635
0.101834
0.995182
5.16645
3.39232
0.510265
0.24435
0.018875
0.030025
0.094668
0.993204
4.93722
3.49965
0.383534
-0.046825
0.898175
-0.4223
0.396447
0.050194
4.9384
3.50699
0.404079
-0.061525
0.96275
-0.238175
0.381448
0.050676
5.16042
3.51268
0.419559
0.184425
0.0427
0.016075
0.377877
0.013421
5.16282
3.50739
0.404651
0.178775
0.041
0.0116
0.388874
0.012519
4.96447
3.32493
0.511955
0.1374
-0.654725
0.733025
0.087947
0.967413
4.96433
3.31031
0.49572
0.1597
-0.783025
0.588075
0.100054
0.969047
5.17199
3.369
0.489288
0.238475
0.01535
0.022325
0.110633
0.996856
5.16923
3.37962
0.500944
0.2422
0.01685
0.02635
0.101834
0.995182
4.9384
3.50699
0.404079
-0.061525
0.96275
-0.238175
0.381448
0.050676
4.94005
3.5102
0.425631
-0.071425
0.990225
-0.044625
0.365845
0.050532
5.15833
3.51496
0.435261
0.190825
0.04355
0.020775
0.366396
0.013867
5.16042
3.51268
0.419559
0.184425
0.0427
0.016075
0.377877
0.013421
4.96433
3.31031
0.49572
0.1597
-0.783025
0.588075
0.100054
0.969047
4.96365
3.29911
0.476969
0.1782
-0.880725
0.420425
0.113872
0.970117
5.17462
3.3609
0.475746
0.2333
0.014425
0.018125
0.120725
0.998164
5.17199
3.369
0.489288
0.238475
0.01535
0.022325
0.110633
0.996856
4.94005
3.5102
0.425631
-0.071425
0.990225
-0.044625
0.365845
0.050532
4.94209
3.50915
0.44736
-0.076075
0.97945
0.150675
0.350237
0.049767
5.15664
3.51413
0.451152
0.197775
0.043475
0.0254
0.354872
0.013841
5.15833
3.51496
0.435261
0.190825
0.04355
0.020775
0.366396
0.013867
4.96365
3.29911
0.476969
0.1782
-0.880725
0.420425
0.113872
0.970117
4.96247
3.29177
0.456424
0.192175
-0.94395
0.2366
0.12887
0.970583
5.17703
3.3556
0.460837
0.226875
0.014125
0.013975
0.131724
0.999055
5.17462
3.3609
0.475746
0.2333
0.014425
0.018125
0.120725
0.998164
4.94209
3.50915
0.44736
-0.076075
0.97945
0.150675
0.350237
0.049767
4.94446
3.50388
0.468432
-0.075275
0.93095
0.33995
0.335225
0.04841
5.15542
3.51022
0.466622
0.205
0.042475
0.0296
0.343748
0.013344
5.15664
3.51413
0.451152
0.197775
0.043475
0.0254
0.354872
0.013841
4.96247
3.29177
0.456424
0.192175
-0.94395
0.2366
0.12887
0.970583
4.96082
3.28856
0.434872
0.2011
-0.970275
0.043875
0.14447
0.970427
5.17911
3.35333
0.445136
0.219525
0.014425
0.010125
0.143206
0.999494
5.17703
3.3556
0.460837
0.226875
0.014125
0.013975
0.131724
0.999055
4.94446
3.50388
0.468432
-0.075275
0.93095
0.33995
0.335225
0.04841
4.94705
3.4946
0.488037
-0.069
0.84685
0.515725
0.321386
0.046513
5.15471
3.50339
0.481077
0.2123
0.0407
0.0331
0.333452
0.012395
5.15542
3.51022
0.466622
0.205
0.042475
0.0296
0.343748
0.013344
4.96082
3.28856
0.434872
0.2011
-0.970275
0.043875
0.14447
0.970427
4.95878
3.28961
0.413142
0.204725
-0.958825
-0.1501
0.160074
0.969655
5.1808
3.35416
0.429245
0.2116
0.0152
0.0068
0.15473
0.999464
5.17911
3.35333
0.445136
0.219525
0.014425
0.010125
0.143206
0.999494
4.94705
3.4946
0.488037
-0.069
0.84685
0.515725
0.321386
0.046513
4.94978
3.48165
0.505421
-0.0575
0.730625
0.67135
0.309251
0.044151
5.15453
3.49391
0.493961
0.219425
0.038375
0.035775
0.324378
0.01103
5.15471
3.50339
0.481077
0.2123
0.0407
0.0331
0.333452
0.012395
4.95878
3.28961
0.413142
0.204725
-0.958825
-0.1501
0.160074
0.969655
4.95641
3.29488
0.392071
0.203
-0.91025
-0.337875
0.175082
0.968297
5.18203
3.35806
0.413774
0.203425
0.016325
0.0041
0.165854
0.998967
5.1808
3.35416
0.429245
0.2116
0.0152
0.0068
0.15473
0.999464
4.94978
3.48165
0.505421
-0.0575
0.730625
0.67135
0.309251
0.044151
4.95253
3.46555
0.519916
-0.0412
0.5869
0.801
0.299286
0.041412
5.1549
3.48212
0.504779
0.226125
0.0357
0.03755
0.316876
0.009303
5.15453
3.49391
0.493961
0.219425
0.038375
0.035775
0.324378
0.01103
4.95641
3.29488
0.392071
0.203
-0.91025
-0.337875
0.175082
0.968297
4.95382
3.30416
0.372466
0.196025
-0.8266
-0.512275
0.188916
0.966405
5.18274
3.36489
0.399319
0.195375
0.01765
0.00199999
0.176149
0.998022
5.18203
3.35806
0.413774
0.203425
0.016325
0.0041
0.165854
0.998967
4.95253
3.46555
0.519916
-0.0412
0.5869
0.801
0.299286
0.041412
4.9552
3.4469
0.530965
-0.020725
0.421275
0.8998
0.291875
0.038403
5.15581
3.46849
0.513115
0.23215
0.0328
0.03835
0.311235
0.007278
5.1549
3.48212
0.504779
0.226125
0.0357
0.03755
0.316876
0.009303
4.95382
3.30416
0.372466
0.196025
-0.8266
-0.512275
0.188916
0.966405
4.95109
3.31711
0.355082
0.184125
-0.7113
-0.666725
0.201046
0.964051
5.18291
3.37438
0.386436
0.18785
0.019025
0.000524998
0.18522
0.996665
5.18274
3.36489
0.399319
0.195375
0.01765
0.00199999
0.176149
0.998022
4.9552
3.4469
0.530965
-0.020725
0.421275
0.8998
0.291875
0.038403
4.95768
3.42642
0.538144
0.0031
0.24005
0.96415
0.287302
0.035239
5.15721
3.45354
0.518649
0.23725
0.029825
0.03825
0.307671
0.005036
5.15581
3.46849
0.513115
0.23215
0.0328
0.03835
0.311235
0.007278
4.93913
3.41558
0.320556
0.07265
0.1552
-0.978025
0.444209
0.039812
4.93772
3.43668
0.326001
0.045625
0.341075
-0.931575
0.439678
0.042711
5.17368
3.46165
0.363503
0.16645
0.0301
0.000399992
0.420179
0.005289
5.17618
3.44628
0.359822
0.16655
0.027575
-0.00059998
0.423325
0.002924
4.95109
3.31711
0.355082
0.184125
-0.7113
-0.666725
0.201046
0.964051
4.94834
3.33321
0.340587
0.167825
-0.568825
-0.795575
0.211006
0.961327
5.18254
3.38616
0.375618
0.181125
0.020425
-0.000424996
0.192719
0.994948
5.18291
3.37438
0.386436
0.18785
0.019025
0.000524998
0.18522
0.996665
4.95768
3.42642
0.538144
0.0031
0.24005
0.96415
0.871346
0.038282
4.95989
3.40491
0.541177
0.029375
0.050025
0.9917
0.86851
0.035141
5.15905
3.43784
0.521168
0.2412
0.026875
0.037325
0.879543
0.005335
5.15721
3.45354
0.518649
0.23725
0.029825
0.03825
0.881608
0.007665
4.93772
3.43668
0.326001
0.045625
0.341075
-0.931575
0.439678
0.042711
4.9368
3.45635
0.335453
0.0192
0.51475
-0.849225
0.432305
0.045289
5.17099
3.47596
0.370132
0.1677
0.0329
0.00202498
0.414923
0.007512
5.17368
3.46165
0.363503
0.16645
0.0301
0.000399992
0.420179
0.005289
4.94834
3.33321
0.340587
0.167825
-0.568825
-0.795575
0.211006
0.961327
4.94567
3.35186
0.329538
0.147775
-0.404575
-0.894125
0.218412
0.958336
5.18164
3.3998
0.367282
0.1755
0.021925
-0.001
0.198358
0.992938
5.18254
3.38616
0.375618
0.181125
0.020425
-0.000424996
0.192719
0.994948
4.95989
3.40491
0.541177
0.029375
0.050025
0.9917
0.86851
0.035141
4.96174
3.38318
0.539947
0.05705
-0.141625
0.98135
0.865679
0.032028
5.16126
3.42201
0.520575
0.2438
0.023975
0.035625
0.877504
0.002918
5.15905
3.43784
0.521168
0.2412
0.026875
0.037325
0.879543
0.005335
4.9368
3.45635
0.335453
0.0192
0.51475
-0.849225
0.432305
0.045289
4.9364
3.47383
0.348548
-0.00565
0.669425
-0.733875
0.422374
0.047448
5.16821
3.48867
0.379453
0.170225
0.035825
0.004425
0.40776
0.009507
5.17099
3.47596
0.370132
0.1677
0.0329
0.00202498
0.414923
0.007512
4.94567
3.35186
0.329538
0.147775
-0.404575
-0.894125
0.655087
0.913943
4.94319
3.37234
0.322359
0.12465
-0.2247
-0.958775
0.658865
0.910618
5.18024
3.41474
0.361748
0.171125
0.023525
-0.00120001
0.666088
0.946711
5.18164
3.3998
0.367282
0.1755
0.021925
-0.001
0.663255
0.949091
4.96174
3.38318
0.539947
0.05705
-0.141625
0.98135
0.865679
0.032028
4.96315
3.36208
0.534501
0.085025
-0.32765
0.933425
0.862961
0.029062
5.16376
3.40664
0.516894
0.244875
0.021275
0.033175
0.875569
0.000506
5.16126
3.42201
0.520575
0.2438
0.023975
0.035625
0.877504
0.002918
4.9364
3.47383
0.348548
-0.00565
0.669425
-0.733875
0.422374
0.047448
4.93654
3.48845
0.364783
-0.02795
0.799025
-0.589725
0.410266
0.049104
5.16545
3.49928
0.391109
0.173975
0.038625
0.00765002
0.398964
0.011199
5.16821
3.48867
0.379453
0.170225
0.035825
0.004425
0.40776
0.009507
5.15721
3.45354
0.518649
0.23725
0.029825
0.03825
0.930358
0.069941
5.15905
3.43784
0.521168
0.2412
0.026875
0.037325
0.922228
0.070028
5.10741
3.42985
0.499038
0.39285
-0.00535
-0.9148
0.951026
0.066847
5.10593
3.44243
0.497019
0.41435
-0.18885
-0.88535
0.957542
0.066776
5.17368
3.46165
0.363503
0.16645
0.0301
0.000399992
0.889029
0.205644
5.17099
3.47596
0.370132
0.1677
0.0329
0.00202498
0.885027
0.203896
5.11698
3.46041
0.377964
0.25325
-0.45095
0.8507
0.885821
0.198657
5.11914
3.44893
0.37265
0.2218
-0.2836
0.9282
0.889029
0.200059
5.18254
3.38616
0.375618
0.181125
0.020425
-0.000424996
0.906747
0.037355
5.18164
3.3998
0.367282
0.1755
0.021925
-0.001
0.914256
0.035962
5.12552
3.39935
0.37568
0.1288
0.4394
0.884
0.944635
0.039538
5.12624
3.38842
0.382362
0.11825
0.5987
0.7866
0.938615
0.040655
5.15905
3.43784
0.521168
0.2412
0.026875
0.037325
0.922228
0.070028
5.16126
3.42201
0.520575
0.2438
0.023975
0.035625
0.914256
0.069445
5.10918
3.41716
0.498563
0.367
0.17975
-0.90785
0.944635
0.066379
5.10741
3.42985
0.499038
0.39285
-0.00535
-0.9148
0.951026
0.066847
5.17099
3.47596
0.370132
0.1677
0.0329
0.00202498
0.923231
0.14179
5.16821
3.48867
0.379453
0.170225
0.035825
0.004425
0.916996
0.144028
5.11476
3.47059
0.385436
0.2857
-0.59945
0.74175
0.894689
0.146138
5.11698
3.46041
0.377964
0.25325
-0.45095
0.8507
0.899687
0.144344
5.18164
3.3998
0.367282
0.1755
0.021925
-0.001
0.914256
0.035962
5.18024
3.41474
0.361748
0.171125
0.023525
-0.00120001
0.922229
0.035206
5.12439
3.41133
0.371243
0.14515
0.26465
0.9487
0.951026
0.038933
5.12552
3.39935
0.37568
0.1288
0.4394
0.884
0.944635
0.039538
5.16126
3.42201
0.520575
0.2438
0.023975
0.035625
0.914256
0.069445
5.16376
3.40664
0.516894
0.244875
0.021275
0.033175
0.906746
0.068213
5.11119
3.40483
0.495612
0.33775
0.3594
-0.8648
0.938615
0.065392
5.10918
3.41716
0.498563
0.367
0.17975
-0.90785
0.944635
0.066379
5.16821
3.48867
0.379453
0.170225
0.035825
0.004425
0.916996
0.144028
5.16545
3.49928
0.391109
0.173975
0.038625
0.00765002
0.911878
0.146729
5.11255
3.4791
0.39478
0.31795
-0.7235
0.6055
0.890586
0.148303
5.11476
3.47059
0.385436
0.2857
-0.59945
0.74175
0.894689
0.146138
5.18024
3.41474
0.361748
0.171125
0.023525
-0.00120001
0.922229
0.035206
5.1784
3.43044
0.359229
0.1681
0.025375
-0.00107498
0.930357
0.035119
5.12292
3.42391
0.369224
0.16665
0.0812
0.97815
0.957542
0.038863
5.12439
3.41133
0.371243
0.14515
0.26465
0.9487
0.951026
0.038933
5.16376
3.40664
0.516894
0.244875
0.021275
0.033175
0.906746
0.068213
5.16645
3.39232
0.510265
0.24435
0.018875
0.030025
0.899988
0.066381
5.11334
3.39336
0.490298
0.3063
0.52675
-0.78735
0.933197
0.063923
5.11119
3.40483
0.495612
0.33775
0.3594
-0.8648
0.938615
0.065392
5.16545
3.49928
0.391109
0.173975
0.038625
0.00765002
0.911878
0.146729
5.16282
3.50739
0.404651
0.178775
0.041
0.0116
0.908076
0.149792
5.11044
3.4856
0.405636
0.34875
-0.8183
0.4472
0.887538
0.150758
5.11255
3.4791
0.39478
0.31795
-0.7235
0.6055
0.890586
0.148303
5.1784
3.43044
0.359229
0.1681
0.025375
-0.00107498
0.89052
0.197644
5.17618
3.44628
0.359822
0.16655
0.027575
-0.00059998
0.887721
0.195294
5.12114
3.43661
0.369699
0.19255
-0.1039
0.9712
0.888276
0.18707
5.12292
3.42391
0.369224
0.16665
0.0812
0.97815
0.89052
0.188954
5.16645
3.39232
0.510265
0.24435
0.018875
0.030025
0.899988
0.066381
5.16923
3.37962
0.500944
0.2422
0.01685
0.02635
0.89424
0.064018
5.11557
3.38317
0.482826
0.27385
0.6753
-0.6784
0.928589
0.062028
5.11334
3.39336
0.490298
0.3063
0.52675
-0.78735
0.933197
0.063923
5.16282
3.50739
0.404651
0.178775
0.041
0.0116
0.908076
0.149792
5.16042
3.51268
0.419559
0.184425
0.0427
0.016075
0.905734
0.153097
5.10851
3.48984
0.417586
0.37685
-0.88015
0.27295
0.885661
0.153408
5.11044
3.4856
0.405636
0.34875
-0.8183
0.4472
0.887538
0.150758
5.16923
3.37962
0.500944
0.2422
0.01685
0.02635
0.89424
0.064018
5.17199
3.369
0.489288
0.238475
0.01535
0.022325
0.889724
0.061215
5.11778
3.37467
0.473482
0.2416
0.79935
-0.5421
0.924969
0.059781
5.11557
3.38317
0.482826
0.27385
0.6753
-0.6784
0.928589
0.062028
5.16042
3.51268
0.419559
0.184425
0.0427
0.016075
0.905734
0.153097
5.15833
3.51496
0.435261
0.190825
0.04355
0.020775
0.904943
0.156518
5.10683
3.49167
0.430173
0.40125
-0.90675
0.0894
0.885027
0.15615
5.10851
3.48984
0.417586
0.37685
-0.88015
0.27295
0.885661
0.153408
5.17199
3.369
0.489288
0.238475
0.01535
0.022325
0.889724
0.061215
5.17462
3.3609
0.475746
0.2333
0.014425
0.018125
0.886613
0.05808
5.11989
3.36817
0.462627
0.2108
0.8941
-0.3838
0.922476
0.057268
5.11778
3.37467
0.473482
0.2416
0.79935
-0.5421
0.924969
0.059781
5.15833
3.51496
0.435261
0.190825
0.04355
0.020775
0.904943
0.156518
5.15664
3.51413
0.451152
0.197775
0.043475
0.0254
0.905734
0.159923
5.10548
3.491
0.442912
0.421
-0.897
-0.09635
0.885661
0.15888
5.10683
3.49167
0.430173
0.40125
-0.90675
0.0894
0.885027
0.15615
5.17462
3.3609
0.475746
0.2333
0.014425
0.018125
0.886613
0.05808
5.17703
3.3556
0.460837
0.226875
0.014125
0.013975
0.885027
0.054733
5.12182
3.36392
0.450676
0.18265
0.95595
-0.20955
0.921205
0.054586
5.11989
3.36817
0.462627
0.2108
0.8941
-0.3838
0.922476
0.057268
5.15664
3.51413
0.451152
0.197775
0.043475
0.0254
0.905734
0.159923
5.15542
3.51022
0.466622
0.205
0.042475
0.0296
0.908076
0.163182
5.1045
3.48787
0.455313
0.4353
-0.85135
-0.2772
0.887538
0.161492
5.10548
3.491
0.442912
0.421
-0.897
-0.09635
0.885661
0.15888
5.17703
3.3556
0.460837
0.226875
0.014125
0.013975
0.885027
0.054733
5.17911
3.35333
0.445136
0.219525
0.014425
0.010125
0.885027
0.051303
5.1235
3.3621
0.438089
0.15825
0.98255
-0.026
0.921204
0.051836
5.12182
3.36392
0.450676
0.18265
0.95595
-0.20955
0.921205
0.054586
5.15542
3.51022
0.466622
0.205
0.042475
0.0296
0.908076
0.163182
5.15471
3.50339
0.481077
0.2123
0.0407
0.0331
0.911878
0.166169
5.10393
3.4824
0.4669
0.4436
-0.77155
-0.44615
0.890586
0.163887
5.1045
3.48787
0.455313
0.4353
-0.85135
-0.2772
0.887538
0.161492
5.17911
3.35333
0.445136
0.219525
0.014425
0.010125
0.885027
0.051303
5.1808
3.35416
0.429245
0.2116
0.0152
0.0068
0.886614
0.047922
5.12485
3.36277
0.42535
0.13855
0.97285
0.15975
0.922476
0.049126
5.1235
3.3621
0.438089
0.15825
0.98255
-0.026
0.921204
0.051836
5.15471
3.50339
0.481077
0.2123
0.0407
0.0331
0.911878
0.166169
5.15453
3.49391
0.493961
0.219425
0.038375
0.035775
0.916996
0.16877
5.10379
3.47479
0.477228
0.4456
-0.66065
-0.59675
0.894688
0.165972
5.10393
3.4824
0.4669
0.4436
-0.77155
-0.44615
0.890586
0.163887
5.1808
3.35416
0.429245
0.2116
0.0152
0.0068
0.886614
0.047922
5.18203
3.35806
0.413774
0.203425
0.016325
0.0041
0.889724
0.04472
5.12583
3.3659
0.412949
0.12425
0.92725
0.3406
0.92497
0.046559
5.12485
3.36277
0.42535
0.13855
0.97285
0.15975
0.922476
0.049126
5.15453
3.49391
0.493961
0.219425
0.038375
0.035775
0.916996
0.16877
5.1549
3.48212
0.504779
0.226125
0.0357
0.03755
0.923231
0.170884
5.10409
3.46534
0.4859
0.44125
-0.5229
-0.7232
0.899687
0.167666
5.10379
3.47479
0.477228
0.4456
-0.66065
-0.59675
0.894688
0.165972
5.18203
3.35806
0.413774
0.203425
0.016325
0.0041
0.889724
0.04472
5.18274
3.36489
0.399319
0.195375
0.01765
0.00199999
0.894241
0.04182
5.1264
3.37137
0.401362
0.1159
0.84745
0.50955
0.92859
0.044234
5.12583
3.3659
0.412949
0.12425
0.92725
0.3406
0.92497
0.046559
5.1549
3.48212
0.504779
0.226125
0.0357
0.03755
0.885027
0.176655
5.15581
3.46849
0.513115
0.23215
0.0328
0.03835
0.888056
0.174299
5.10481
3.45442
0.492583
0.4307
-0.3636
-0.82065
0.888575
0.182287
5.10409
3.46534
0.4859
0.44125
-0.5229
-0.7232
0.886147
0.184176
5.18274
3.36489
0.399319
0.195375
0.01765
0.00199999
0.894241
0.04182
5.18291
3.37438
0.386436
0.18785
0.019025
0.000524998
0.899988
0.039333
5.12654
3.37898
0.391034
0.1139
0.7365
0.66015
0.933197
0.042241
5.1264
3.37137
0.401362
0.1159
0.84745
0.50955
0.92859
0.044234
5.15581
3.46849
0.513115
0.23215
0.0328
0.03835
0.888056
0.174299
5.15721
3.45354
0.518649
0.23725
0.029825
0.03825
0.89067
0.171897
5.10593
3.44243
0.497019
0.41435
-0.18885
-0.88535
0.89067
0.180362
5.10481
3.45442
0.492583
0.4307
-0.3636
-0.82065
0.888575
0.182287
5.17618
3.44628
0.359822
0.16655
0.027575
-0.00059998
0.887721
0.195294
5.17368
3.46165
0.363503
0.16645
0.0301
0.000399992
0.885027
0.192948
5.11914
3.44893
0.37265
0.2218
-0.2836
0.9282
0.886117
0.185189
5.12114
3.43661
0.369699
0.19255
-0.1039
0.9712
0.888276
0.18707
5.18291
3.37438
0.386436
0.18785
0.019025
0.000524998
0.899988
0.039333
5.18254
3.38616
0.375618
0.181125
0.020425
-0.000424996
0.906747
0.037355
5.12624
3.38842
0.382362
0.11825
0.5987
0.7866
0.938615
0.040655
5.12654
3.37898
0.391034
0.1139
0.7365
0.66015
0.933197
0.042241
