-0.83707
5.41173
0.358909
-0.332625
0.5653
-0.695125
0.959907
0.480585
-0.663943
5.38656
0.244833
0.0893
0.3735
-0.4528
0.959907
0.742645
-0.663943
5.35974
0.234294
0.00756666
0
-0.541333
0.937811
0.747507
-0.83707
5.35974
0.338477
-0.406825
0
-0.8461
0.91707
0.490012
-0.83707
5.26969
0.414729
-0.16415
-0.88245
-0.3604
0.779267
0.473462
-0.663943
5.31329
0.273626
0.285733
-0.593367
-0.241733
0.866731
0.738971
-0.663943
5.30611
0.312958
0.5089
-0.6229
-0.0054
0.836792
0.727858
-0.83707
5.25576
0.49098
0.011475
-0.944625
-0.00405
0.721226
0.45192
-0.83707
5.25576
0.49098
0.011475
-0.944625
-0.00405
0.744998
0.091177
-0.663943
5.30611
0.312958
0.5089
-0.6229
-0.0054
0.745318
0.390813
-0.663943
5.31329
0.352289
0.699333
-0.500633
0.193267
0.715713
0.371601
-0.83707
5.26969
0.567232
0.14605
-0.8129
0.32405
0.687604
0.053931
-0.83707
5.26969
0.567232
0.14605
-0.8129
0.32405
0.687604
0.053931
-0.663943
5.31329
0.352289
0.699333
-0.500633
0.193267
0.715713
0.371601
-0.663943
5.33292
0.381082
0.825467
-0.2764
0.323367
0.679011
0.362841
-0.83707
5.30775
0.623052
0.2195
-0.492475
0.59805
0.61645
0.036949
-0.83707
5.30775
0.623052
0.2195
-0.492475
0.59805
0.61645
0.036949
-0.663943
5.33292
0.381082
0.825467
-0.2764
0.323367
0.679011
0.362841
-0.663943
5.35974
0.391621
0.8696
0
0.3686
0.645046
0.36688
-0.83707
5.35974
0.643483
0.2397
0
0.71655
0.550602
0.044779
-0.83707
5.35974
0.643483
0.2397
0
0.71655
0.550602
0.044779
-0.663943
5.35974
0.391621
0.8696
0
0.3686
0.645046
0.36688
-0.663943
5.38656
0.381082
0.825467
0.2764
0.323367
0.622919
0.382636
-0.83707
5.41173
0.623052
0.2195
0.492475
0.59805
0.507705
0.075324
-0.83707
5.41173
0.623052
0.2195
0.492475
0.59805
0.711924
0.432719
-0.663943
5.38656
0.381082
0.825467
0.2764
0.323367
0.711924
0.758873
-0.663943
5.40619
0.352289
0.699333
0.500633
0.193267
0.688916
0.779243
-0.83707
5.44979
0.567232
0.14605
0.8129
0.324025
0.667319
0.472208
-0.83707
5.44979
0.567232
0.14605
0.8129
0.324025
0.667319
0.472208
-0.663943
5.40619
0.352289
0.699333
0.500633
0.193267
0.688916
0.779243
-0.663943
5.41337
0.312958
0.5089
0.6229
-0.0054
0.661102
0.804827
-0.83707
5.46372
0.49098
0.011475
0.944625
-0.00405
0.613397
0.521809
-0.83707
5.46372
0.49098
0.011475
0.944625
-0.00405
0.613397
0.521809
-0.663943
5.41337
0.312958
0.5089
0.6229
-0.0054
0.661102
0.804827
-0.663943
5.40619
0.273626
0.285733
0.593367
-0.241733
0.635936
0.828772
-0.83707
5.44979
0.414729
-0.16415
0.88245
-0.360375
0.564607
0.568231
-0.83707
5.44979
0.414729
-0.16415
0.88245
-0.360375
0.564607
0.568231
-0.663943
5.40619
0.273626
0.285733
0.593367
-0.241733
0.635936
0.828772
-0.663943
5.38656
0.244833
0.0893
0.3735
-0.4528
0.62016
0.844662
-0.83707
5.41173
0.358909
-0.332625
0.5653
-0.695125
0.534023
0.599035
-0.663943
5.33292
0.244833
0.0892667
-0.3735
-0.4528
0.171562
0.769871
-0.663943
5.35974
0.234294
0.00756666
0
-0.541333
0.184784
0.802911
-0.663943
5.38656
0.244833
0.0893
0.3735
-0.4528
0.184784
0.841249
-0.663943
5.40619
0.273626
0.285733
0.593367
-0.241733
0.171562
0.874613
-0.663943
5.41337
0.312958
0.5089
0.6229
-0.0054
0.14866
0.894064
-0.663943
5.40619
0.352289
0.699333
0.500633
0.193267
0.122216
0.894389
-0.663943
5.38656
0.381082
0.825467
0.2764
0.323367
0.099314
0.875501
-0.663943
5.35974
0.391621
0.8696
0
0.3686
0.086092
0.842462
-0.663943
5.33292
0.381082
0.825467
-0.2764
0.323367
0.086092
0.804124
-0.663943
5.31329
0.352289
0.699333
-0.500633
0.193267
0.099314
0.770759
-0.663943
5.30611
0.312958
0.5089
-0.6229
-0.0054
0.122216
0.751309
-0.663943
5.31329
0.273626
0.285733
-0.593367
-0.241733
0.14866
0.750984
-0.83707
5.30775
0.358908
-0.33265
-0.5653
-0.695125
0.850951
0.487405
-0.663943
5.33292
0.244833
0.0892667
-0.3735
-0.4528
0.903706
0.746162
-0.663943
5.31329
0.273626
0.285733
-0.593367
-0.241733
0.866731
0.738971
-0.83707
5.26969
0.414729
-0.16415
-0.88245
-0.3604
0.779267
0.473462
-0.83707
5.35974
0.338477
-0.406825
0
-0.8461
0.91707
0.490012
-0.663943
5.35974
0.234294
0.00756666
0
-0.541333
0.937811
0.747507
-0.663943
5.33292
0.244833
0.0892667
-0.3735
-0.4528
0.903706
0.746162
-0.83707
5.30775
0.358908
-0.33265
-0.5653
-0.695125
0.850951
0.487405
-0.83707
5.35974
0.338477
-0.406825
0
-0.8461
0.91707
0.490012
-0.83707
5.30775
0.358908
-0.33265
-0.5653
-0.695125
0.850951
0.487405
-0.876006
5.31265
0.371361
-0.6223
-0.3851
-0.47425
0.857677
0.432407
-0.876006
5.35974
0.352856
-0.63995
-1.86265e-09
-0.57835
0.917562
0.434768
-0.876006
5.35974
0.352856
-0.63995
-1.86265e-09
-0.57835
0.786871
0.041813
-0.876006
5.31265
0.371361
-0.6223
-0.3851
-0.47425
0.842733
0.006715
-0.892134
5.33164
0.419598
-0.9454
-0.19985
-0.23745
0.850761
0.053723
-0.892134
5.35974
0.408555
-0.9549
0
-0.2765
0.817426
0.074667
-0.83707
5.30775
0.358908
-0.33265
-0.5653
-0.695125
0.850951
0.487405
-0.83707
5.26969
0.414729
-0.16415
-0.88245
-0.3604
0.779267
0.473462
-0.876006
5.27818
0.421918
-0.59195
-0.60765
-0.2465
0.792752
0.419778
-0.876006
5.31265
0.371361
-0.6223
-0.3851
-0.47425
0.857677
0.432407
-0.876006
5.31265
0.371361
-0.6223
-0.3851
-0.47425
0.842733
0.006715
-0.876006
5.27818
0.421918
-0.59195
-0.60765
-0.2465
0.907236
0.004727
-0.892134
5.31107
0.449767
-0.927
-0.34045
-0.1348
0.889253
0.052536
-0.892134
5.33164
0.419598
-0.9454
-0.19985
-0.23745
0.850761
0.053723
-0.83707
5.26969
0.414729
-0.16415
-0.88245
-0.3604
0.779267
0.473462
-0.83707
5.25576
0.49098
0.011475
-0.944625
-0.00405
0.721226
0.45192
-0.876006
5.26556
0.49098
-0.57925
-0.6724
0
0.740183
0.400267
-0.876006
5.27818
0.421918
-0.59195
-0.60765
-0.2465
0.792752
0.419778
-0.876006
5.27818
0.421918
-0.59195
-0.60765
-0.2465
0.907236
0.004727
-0.876006
5.26556
0.49098
-0.57925
-0.6724
0
0.963098
0.03638
-0.892134
5.30354
0.49098
-0.9181
-0.3899
0
0.922588
0.071425
-0.892134
5.31107
0.449767
-0.927
-0.34045
-0.1348
0.889253
0.052536
-0.83707
5.25576
0.49098
0.011475
-0.944625
-0.00405
0.744998
0.091177
-0.83707
5.26969
0.567232
0.14605
-0.8129
0.32405
0.687604
0.053931
-0.876006
5.27818
0.560042
-0.59195
-0.60765
0.2465
0.693335
0.020109
-0.876006
5.26556
0.49098
-0.57925
-0.6724
0
0.745318
0.053843
-0.876006
5.26556
0.49098
-0.57925
-0.6724
0
0.963098
0.03638
-0.876006
5.27818
0.560042
-0.59195
-0.60765
0.2465
0.995349
0.093194
-0.892134
5.31107
0.532193
-0.927
-0.34045
0.1348
0.941834
0.105329
-0.892134
5.30354
0.49098
-0.9181
-0.3899
0
0.922588
0.071425
-0.83707
5.26969
0.567232
0.14605
-0.8129
0.32405
0.687604
0.053931
-0.83707
5.30775
0.623052
0.2195
-0.492475
0.59805
0.61645
0.036949
-0.876006
5.31265
0.610599
-0.6223
-0.3851
0.47425
0.62889
0.004727
-0.876006
5.27818
0.560042
-0.59195
-0.60765
0.2465
0.693335
0.020109
-0.876006
5.27818
0.560042
-0.59195
-0.60765
0.2465
0.995349
0.093194
-0.876006
5.31265
0.610599
-0.6223
-0.3851
0.47425
0.995349
0.159945
-0.892134
5.33164
0.562363
-0.9454
-0.19985
0.23745
0.941834
0.145162
-0.892134
5.31107
0.532193
-0.927
-0.34045
0.1348
0.941834
0.105329
-0.83707
5.30775
0.623052
0.2195
-0.492475
0.59805
0.61645
0.036949
-0.83707
5.35974
0.643483
0.2397
0
0.71655
0.550602
0.044779
-0.876006
5.35974
0.629104
-0.63995
-1.86265e-09
0.57835
0.569251
0.011819
-0.876006
5.31265
0.610599
-0.6223
-0.3851
0.47425
0.62889
0.004727
-0.876006
5.31265
0.610599
-0.6223
-0.3851
0.47425
0.995349
0.159945
-0.876006
5.35974
0.629104
-0.63995
-1.86265e-09
0.57835
0.963098
0.218748
-0.892134
5.35974
0.573405
-0.9549
0
0.2765
0.922588
0.180252
-0.892134
5.33164
0.562363
-0.9454
-0.19985
0.23745
0.941834
0.145162
-0.83707
5.35974
0.643483
0.2397
0
0.71655
0.984287
0.234766
-0.83707
5.41173
0.623052
0.2195
0.492475
0.59805
0.92261
0.273517
-0.876006
5.40683
0.610599
-0.6223
0.3851
0.47425
0.907236
0.253845
-0.876006
5.35974
0.629104
-0.63995
-1.86265e-09
0.57835
0.963098
0.218748
-0.876006
5.35974
0.629104
-0.63995
-1.86265e-09
0.57835
0.963098
0.218748
-0.876006
5.40683
0.610599
-0.6223
0.3851
0.47425
0.907236
0.253845
-0.892134
5.38784
0.562363
-0.9454
0.19985
0.23745
0.889253
0.201197
-0.892134
5.35974
0.573405
-0.9549
0
0.2765
0.922588
0.180252
-0.83707
5.41173
0.623052
0.2195
0.492475
0.59805
0.711924
0.432719
-0.83707
5.44979
0.567232
0.14605
0.8129
0.324025
0.667319
0.472208
-0.876006
5.4413
0.560042
-0.59195
0.60765
0.246475
0.628432
0.436033
-0.876006
5.40683
0.610599
-0.6223
0.3851
0.47425
0.668833
0.400267
-0.876006
5.40683
0.610599
-0.6223
0.3851
0.47425
0.907236
0.253845
-0.876006
5.4413
0.560042
-0.59195
0.60765
0.246475
0.842733
0.255834
-0.892134
5.40841
0.532193
-0.927
0.34045
0.1348
0.850761
0.202383
-0.892134
5.38784
0.562363
-0.9454
0.19985
0.23745
0.889253
0.201197
-0.83707
5.44979
0.567232
0.14605
0.8129
0.324025
0.667319
0.472208
-0.83707
5.46372
0.49098
0.011475
0.944625
-0.00405
0.613397
0.521809
-0.876006
5.45391
0.49098
-0.57925
0.6724
0
0.579594
0.480957
-0.876006
5.4413
0.560042
-0.59195
0.60765
0.246475
0.628432
0.436033
-0.876006
5.4413
0.560042
-0.59195
0.60765
0.246475
0.842733
0.255834
-0.876006
5.45391
0.49098
-0.57925
0.6724
0
0.786871
0.22418
-0.892134
5.41594
0.49098
-0.9181
0.3899
0
0.817426
0.183494
-0.892134
5.40841
0.532193
-0.927
0.34045
0.1348
0.850761
0.202383
-0.83707
5.46372
0.49098
0.011475
0.944625
-0.00405
0.613397
0.521809
-0.83707
5.44979
0.414729
-0.16415
0.88245
-0.360375
0.564607
0.568231
-0.876006
5.4413
0.421918
-0.59195
0.60765
-0.246475
0.535405
0.523002
-0.876006
5.45391
0.49098
-0.57925
0.6724
0
0.579594
0.480957
-0.876006
5.45391
0.49098
-0.57925
0.6724
0
0.786871
0.22418
-0.876006
5.4413
0.421918
-0.59195
0.60765
-0.246475
0.75462
0.167366
-0.892134
5.40841
0.449767
-0.927
0.34045
-0.1348
0.79818
0.149591
-0.892134
5.41594
0.49098
-0.9181
0.3899
0
0.817426
0.183494
-0.83707
5.44979
0.414729
-0.16415
0.88245
-0.360375
0.564607
0.568231
-0.83707
5.41173
0.358909
-0.332625
0.5653
-0.695125
0.534023
0.599035
-0.876006
5.40683
0.371361
-0.6223
0.3851
-0.47425
0.507705
0.550902
-0.876006
5.4413
0.421918
-0.59195
0.60765
-0.246475
0.535405
0.523002
-0.876006
5.4413
0.421918
-0.59195
0.60765
-0.246475
0.75462
0.167366
-0.876006
5.40683
0.371361
-0.6223
0.3851
-0.47425
0.75462
0.100615
-0.892134
5.38784
0.419598
-0.9454
0.19985
-0.23745
0.79818
0.109757
-0.892134
5.40841
0.449767
-0.927
0.34045
-0.1348
0.79818
0.149591
-0.83707
5.41173
0.358909
-0.332625
0.5653
-0.695125
0.959907
0.480585
-0.83707
5.35974
0.338477
-0.406825
0
-0.8461
0.91707
0.490012
-0.876006
5.35974
0.352856
-0.63995
-1.86265e-09
-0.57835
0.917562
0.434768
-0.876006
5.40683
0.371361
-0.6223
0.3851
-0.47425
0.956361
0.42623
-0.876006
5.40683
0.371361
-0.6223
0.3851
-0.47425
0.75462
0.100615
-0.876006
5.35974
0.352856
-0.63995
-1.86265e-09
-0.57835
0.786871
0.041813
-0.892134
5.35974
0.408555
-0.9549
0
-0.2765
0.817426
0.074667
-0.892134
5.38784
0.419598
-0.9454
0.19985
-0.23745
0.79818
0.109757
-0.83707
5.41173
-0.358909
-0.332625
0.5653
0.695125
0.341207
0.274358
-0.83707
5.35974
-0.338477
-0.406825
0
0.8461
0.413716
0.274394
-0.663943
5.35974
-0.234295
0.00756666
0
0.541333
0.465447
0.421007
-0.663943
5.38656
-0.244834
0.0893
0.3735
0.4528
0.428046
0.420989
-0.83707
5.26969
-0.414729
-0.16415
-0.88245
0.360375
0.083977
0.504395
-0.83707
5.25576
-0.490981
0.011475
-0.944625
0.00405
0.138004
0.462266
-0.663943
5.30611
-0.312958
0.5089
-0.6229
0.0054
0.163955
0.687721
-0.663943
5.31329
-0.273626
0.285733
-0.593367
0.241733
0.136086
0.709452
-0.83707
5.25576
-0.490981
0.011475
-0.944625
0.00405
0.138004
0.462266
-0.83707
5.26969
-0.567232
0.14605
-0.8129
-0.324025
0.1916
0.451484
-0.663943
5.31329
-0.35229
0.699333
-0.500633
-0.193267
0.1916
0.68216
-0.663943
5.30611
-0.312958
0.5089
-0.6229
0.0054
0.163955
0.687721
-0.83707
5.26969
-0.567232
0.14605
-0.8129
-0.324025
0.004651
0.07189
-0.83707
5.30775
-0.623052
0.2195
-0.492475
-0.59805
0.042397
0.028239
-0.663943
5.33292
-0.381083
0.825467
-0.2764
-0.323367
0.120833
0.350103
-0.663943
5.31329
-0.35229
0.699333
-0.500633
-0.193267
0.101363
0.372619
-0.83707
5.30775
-0.623052
0.2195
-0.492475
-0.59805
0.042397
0.028239
-0.83707
5.35974
-0.643484
0.2397
0
-0.71655
0.106375
0.004727
-0.663943
5.35974
-0.391622
0.8696
0
-0.3686
0.153834
0.337976
-0.663943
5.33292
-0.381083
0.825467
-0.2764
-0.323367
0.120833
0.350103
-0.83707
5.35974
-0.643484
0.2397
0
-0.71655
0.106375
0.004727
-0.83707
5.41173
-0.623052
0.2195
0.492475
-0.59805
0.179443
0.007654
-0.663943
5.38656
-0.381083
0.825467
0.2764
-0.323367
0.191523
0.339485
-0.663943
5.35974
-0.391622
0.8696
0
-0.3686
0.153834
0.337976
-0.83707
5.41173
-0.623052
0.2195
0.492475
-0.59805
0.179443
0.007654
-0.83707
5.44979
-0.567232
0.14605
0.8129
-0.324025
0.242022
0.036236
-0.663943
5.40619
-0.35229
0.699333
0.500633
-0.193267
0.223802
0.354228
-0.663943
5.38656
-0.381083
0.825467
0.2764
-0.323367
0.191523
0.339485
-0.83707
5.44979
-0.567232
0.14605
0.8129
-0.324025
0.418219
0.823347
-0.83707
5.46372
-0.490981
0.011475
0.944625
0.00405
0.371773
0.774505
-0.663943
5.41337
-0.312958
0.5089
0.6229
0.0054
0.425053
0.481376
-0.663943
5.40619
-0.35229
0.699333
0.500633
-0.193267
0.449011
0.50657
-0.83707
5.46372
-0.490981
0.011475
0.944625
0.00405
0.371773
0.774505
-0.83707
5.44979
-0.414729
-0.16415
0.88245
0.360375
0.322117
0.720498
-0.663943
5.40619
-0.273627
0.285733
0.593367
0.241733
0.39944
0.453519
-0.663943
5.41337
-0.312958
0.5089
0.6229
0.0054
0.425053
0.481376
-0.83707
5.44979
-0.414729
-0.16415
0.88245
0.360375
0.322117
0.720498
-0.83707
5.41173
-0.358909
-0.332625
0.5653
0.695125
0.282558
0.675797
-0.663943
5.38656
-0.244834
0.0893
0.3735
0.4528
0.379035
0.430461
-0.663943
5.40619
-0.273627
0.285733
0.593367
0.241733
0.39944
0.453519
-0.663943
5.33292
-0.244834
0.0892667
-0.3735
0.4528
0.151139
0.438258
-0.663943
5.31329
-0.273626
0.285733
-0.593367
0.241733
0.11886
0.423515
-0.663943
5.30611
-0.312958
0.5089
-0.6229
0.0054
0.100641
0.39949
-0.663943
5.31329
-0.35229
0.699333
-0.500633
-0.193267
0.101363
0.372619
-0.663943
5.33292
-0.381083
0.825467
-0.2764
-0.323367
0.120833
0.350103
-0.663943
5.35974
-0.391622
0.8696
0
-0.3686
0.153834
0.337976
-0.663943
5.38656
-0.381083
0.825467
0.2764
-0.323367
0.191523
0.339485
-0.663943
5.40619
-0.35229
0.699333
0.500633
-0.193267
0.223802
0.354228
-0.663943
5.41337
-0.312958
0.5089
0.6229
0.0054
0.242022
0.378254
-0.663943
5.40619
-0.273627
0.285733
0.593367
0.241733
0.2413
0.405124
-0.663943
5.38656
-0.244834
0.0893
0.3735
0.4528
0.22183
0.42764
-0.663943
5.35974
-0.234295
0.00756666
0
0.541333
0.188829
0.439768
-0.83707
5.30775
-0.358909
-0.33265
-0.5653
0.695125
0.043994
0.566584
-0.83707
5.26969
-0.414729
-0.16415
-0.88245
0.360375
0.083977
0.504395
-0.663943
5.31329
-0.273626
0.285733
-0.593367
0.241733
0.136086
0.709452
-0.663943
5.33292
-0.244834
0.0892667
-0.3735
0.4528
0.115463
0.74153
-0.83707
5.35974
-0.338477
-0.406825
0
0.8461
0.413716
0.274394
-0.83707
5.30775
-0.358909
-0.33265
-0.5653
0.695125
0.477608
0.238232
-0.663943
5.33292
-0.244834
0.0892667
-0.3735
0.4528
0.498403
0.402354
-0.663943
5.35974
-0.234295
0.00756666
0
0.541333
0.465447
0.421007
-0.83707
5.35974
-0.338477
-0.406825
0
0.8461
0.028769
0.632168
-0.876006
5.35974
-0.352856
-0.63995
-1.86265e-09
0.57835
0.004651
0.603105
-0.876006
5.31265
-0.371361
-0.6223
-0.3851
0.47425
0.01844
0.543704
-0.83707
5.30775
-0.358909
-0.33265
-0.5653
0.695125
0.043994
0.566584
-0.876006
5.35974
-0.352856
-0.63995
-1.86265e-09
0.57835
0.403991
0.249439
-0.892134
5.35974
-0.408555
-0.9549
0
0.2765
0.389472
0.195038
-0.892134
5.33164
-0.419598
-0.9454
-0.19985
0.23745
0.424005
0.175493
-0.876006
5.31265
-0.371361
-0.6223
-0.3851
0.47425
0.461858
0.216686
-0.83707
5.30775
-0.358909
-0.33265
-0.5653
0.695125
0.043994
0.566584
-0.876006
5.31265
-0.371361
-0.6223
-0.3851
0.47425
0.01844
0.543704
-0.876006
5.27818
-0.421918
-0.59195
-0.60765
0.246475
0.054653
0.487379
-0.83707
5.26969
-0.414729
-0.16415
-0.88245
0.360375
0.083977
0.504395
-0.876006
5.31265
-0.371361
-0.6223
-0.3851
0.47425
0.461858
0.216686
-0.892134
5.33164
-0.419598
-0.9454
-0.19985
0.23745
0.424005
0.175493
-0.892134
5.31107
-0.449768
-0.927
-0.34045
0.1348
0.444627
0.141621
-0.876006
5.27818
-0.421918
-0.59195
-0.60765
0.246475
0.496416
0.159925
-0.83707
5.26969
-0.414729
-0.16415
-0.88245
0.360375
0.083977
0.504395
-0.876006
5.27818
-0.421918
-0.59195
-0.60765
0.246475
0.054653
0.487379
-0.876006
5.26556
-0.49098
-0.57925
-0.6724
0
0.103586
0.449222
-0.83707
5.25576
-0.490981
0.011475
-0.944625
0.00405
0.138004
0.462266
-0.876006
5.27818
-0.421918
-0.59195
-0.60765
0.246475
0.496416
0.159925
-0.892134
5.31107
-0.449768
-0.927
-0.34045
0.1348
0.444627
0.141621
-0.892134
5.30354
-0.49098
-0.9181
-0.3899
0
0.445813
0.102497
-0.876006
5.26556
-0.49098
-0.57925
-0.6724
0
0.498403
0.094363
-0.83707
5.25576
-0.490981
0.011475
-0.944625
0.00405
0.024099
0.750984
-0.876006
5.26556
-0.49098
-0.57925
-0.6724
0
0.076791
0.764058
-0.876006
5.27818
-0.560043
-0.59195
-0.60765
-0.246475
0.063896
0.819411
-0.83707
5.26969
-0.567232
0.14605
-0.8129
-0.324025
0.009862
0.812099
-0.876006
5.26556
-0.49098
-0.57925
-0.6724
0
0.498403
0.094363
-0.892134
5.30354
-0.49098
-0.9181
-0.3899
0
0.445813
0.102497
-0.892134
5.31107
-0.532193
-0.927
-0.34045
-0.1348
0.427245
0.068605
-0.876006
5.27818
-0.560043
-0.59195
-0.60765
-0.246475
0.467289
0.037568
-0.83707
5.26969
-0.567232
0.14605
-0.8129
-0.324025
0.009862
0.812099
-0.876006
5.27818
-0.560043
-0.59195
-0.60765
-0.246475
0.063896
0.819411
-0.876006
5.31265
-0.6106
-0.6223
-0.3851
-0.47425
0.059176
0.886428
-0.83707
5.30775
-0.623052
0.2195
-0.492475
-0.59805
0.004651
0.886093
-0.876006
5.27818
-0.560043
-0.59195
-0.60765
-0.246475
0.467289
0.037568
-0.892134
5.31107
-0.532193
-0.927
-0.34045
-0.1348
0.427245
0.068605
-0.892134
5.33164
-0.562363
-0.9454
-0.19985
-0.23745
0.393899
0.049026
-0.876006
5.31265
-0.6106
-0.6223
-0.3851
-0.47425
0.411408
0.004759
-0.83707
5.30775
-0.623052
0.2195
-0.492475
-0.59805
0.004651
0.886093
-0.876006
5.31265
-0.6106
-0.6223
-0.3851
-0.47425
0.059176
0.886428
-0.876006
5.35974
-0.629105
-0.63995
-1.86265e-09
-0.57835
0.063896
0.947153
-0.83707
5.35974
-0.643484
0.2397
0
-0.71655
0.009862
0.953139
-0.876006
5.31265
-0.6106
-0.6223
-0.3851
-0.47425
0.411408
0.004759
-0.892134
5.33164
-0.562363
-0.9454
-0.19985
-0.23745
0.393899
0.049026
-0.892134
5.35974
-0.573406
-0.9549
0
-0.2765
0.354709
0.049007
-0.876006
5.35974
-0.629105
-0.63995
-1.86265e-09
-0.57835
0.345736
0.004727
-0.83707
5.35974
-0.643484
0.2397
0
-0.71655
0.009862
0.953139
-0.876006
5.35974
-0.629105
-0.63995
-1.86265e-09
-0.57835
0.063896
0.947153
-0.876006
5.40683
-0.6106
-0.6223
0.3851
-0.47425
0.076791
0.985315
-0.83707
5.41173
-0.623052
0.2195
0.492475
-0.59805
0.024099
0.995273
-0.876006
5.35974
-0.629105
-0.63995
-1.86265e-09
-0.57835
0.345736
0.004727
-0.892134
5.35974
-0.573406
-0.9549
0
-0.2765
0.354709
0.049007
-0.892134
5.38784
-0.562363
-0.9454
0.19985
-0.23745
0.320177
0.068552
-0.876006
5.40683
-0.6106
-0.6223
0.3851
-0.47425
0.287868
0.03748
-0.83707
5.41173
-0.623052
0.2195
0.492475
-0.59805
0.449011
0.853937
-0.876006
5.40683
-0.6106
-0.6223
0.3851
-0.47425
0.402082
0.881454
-0.876006
5.4413
-0.560043
-0.59195
0.60765
-0.246475
0.374194
0.853748
-0.83707
5.44979
-0.567232
0.14605
0.8129
-0.324025
0.418219
0.823347
-0.876006
5.40683
-0.6106
-0.6223
0.3851
-0.47425
0.287868
0.03748
-0.892134
5.38784
-0.562363
-0.9454
0.19985
-0.23745
0.320177
0.068552
-0.892134
5.40841
-0.532193
-0.927
0.34045
-0.1348
0.299555
0.102425
-0.876006
5.4413
-0.560043
-0.59195
0.60765
-0.246475
0.253311
0.094242
-0.83707
5.44979
-0.567232
0.14605
0.8129
-0.324025
0.418219
0.823347
-0.876006
5.4413
-0.560043
-0.59195
0.60765
-0.246475
0.374194
0.853748
-0.876006
5.45391
-0.490981
-0.57925
0.6724
0
0.332127
0.809511
-0.83707
5.46372
-0.490981
0.011475
0.944625
0.00405
0.371773
0.774505
-0.876006
5.4413
-0.560043
-0.59195
0.60765
-0.246475
0.253311
0.094242
-0.892134
5.40841
-0.532193
-0.927
0.34045
-0.1348
0.299555
0.102425
-0.892134
5.41594
-0.490981
-0.9181
0.3899
0
0.298369
0.141548
-0.876006
5.45391
-0.490981
-0.57925
0.6724
0
0.251323
0.159804
-0.83707
5.46372
-0.490981
0.011475
0.944625
0.00405
0.371773
0.774505
-0.876006
5.45391
-0.490981
-0.57925
0.6724
0
0.332127
0.809511
-0.876006
5.4413
-0.421918
-0.59195
0.60765
0.246475
0.287153
0.760596
-0.83707
5.44979
-0.414729
-0.16415
0.88245
0.360375
0.322117
0.720498
-0.876006
5.45391
-0.490981
-0.57925
0.6724
0
0.251323
0.159804
-0.892134
5.41594
-0.490981
-0.9181
0.3899
0
0.298369
0.141548
-0.892134
5.40841
-0.449768
-0.927
0.34045
0.1348
0.316936
0.17544
-0.876006
5.4413
-0.421918
-0.59195
0.60765
0.246475
0.282438
0.216598
-0.83707
5.44979
-0.414729
-0.16415
0.88245
0.360375
0.322117
0.720498
-0.876006
5.4413
-0.421918
-0.59195
0.60765
0.246475
0.287153
0.760596
-0.876006
5.40683
-0.371361
-0.6223
0.3851
0.47425
0.251323
0.72011
-0.83707
5.41173
-0.358909
-0.332625
0.5653
0.695125
0.282558
0.675797
-0.876006
5.4413
-0.421918
-0.59195
0.60765
0.246475
0.282438
0.216598
-0.892134
5.40841
-0.449768
-0.927
0.34045
0.1348
0.316936
0.17544
-0.892134
5.38784
-0.419598
-0.9454
0.19985
0.23745
0.350283
0.195019
-0.876006
5.40683
-0.371361
-0.6223
0.3851
0.47425
0.338318
0.249407
-0.83707
5.41173
-0.358909
-0.332625
0.5653
0.695125
0.341207
0.274358
-0.876006
5.40683
-0.371361
-0.6223
0.3851
0.47425
0.338318
0.249407
-0.876006
5.35974
-0.352856
-0.63995
-1.86265e-09
0.57835
0.403991
0.249439
-0.83707
5.35974
-0.338477
-0.406825
0
0.8461
0.413716
0.274394
-0.876006
5.40683
-0.371361
-0.6223
0.3851
0.47425
0.338318
0.249407
-0.892134
5.38784
-0.419598
-0.9454
0.19985
0.23745
0.350283
0.195019
-0.892134
5.35974
-0.408555
-0.9549
0
0.2765
0.389472
0.195038
-0.876006
5.35974
-0.352856
-0.63995
-1.86265e-09
0.57835
0.403991
0.249439
