-0.892134
5.35974
0.408555
-1
0
0
0.817426
0.074667
-0.892134
5.33164
0.419598
-1
0
0
0.850761
0.053723
-0.892134
5.31107
0.449767
-1
0
0
0.889253
0.052536
-0.892134
5.30354
0.49098
-1
0
0
0.922588
0.071425
-0.892134
5.31107
0.532193
-1
0
0
0.941834
0.105329
-0.892134
5.33164
0.562363
-1
0
0
0.941834
0.145162
-0.892134
5.35974
0.573405
-1
0
0
0.922588
0.180252
-0.892134
5.38784
0.562363
-1
0
0
0.889253
0.201197
-0.892134
5.40841
0.532193
-1
0
0
0.850761
0.202383
-0.892134
5.41594
0.49098
-1
0
0
0.817426
0.183494
-0.892134
5.40841
0.449767
-1
0
0
0.79818
0.149591
-0.892134
5.38784
0.419598
-1
0
0
0.79818
0.109757
-0.892134
5.35974
-0.408555
-1
0
0
0.389472
0.195038
-0.892134
5.38784
-0.419598
-1
0
0
0.350283
0.195019
-0.892134
5.40841
-0.449768
-1
0
0
0.316936
0.17544
-0.892134
5.41594
-0.490981
-1
0
0
0.298369
0.141548
-0.892134
5.40841
-0.532193
-1
0
0
0.299555
0.102425
-0.892134
5.38784
-0.562363
-1
0
0
0.320177
0.068552
-0.892134
5.35974
-0.573406
-1
0
0
0.354709
0.049007
-0.892134
5.33164
-0.562363
-1
0
0
0.393899
0.049026
-0.892134
5.31107
-0.532193
-1
0
0
0.427245
0.068605
-0.892134
5.30354
-0.49098
-1
0
0
0.445813
0.102497
-0.892134
5.31107
-0.449768
-1
0
0
0.444627
0.141621
-0.892134
5.33164
-0.419598
-1
0
0
0.424005
0.175493
