-1.9714
3.08153
0.228561
0
0
1
0.610632
0.825746
-1.91702
3.00015
0.228561
0
0
1
0.592146
0.833273
-1.71565
3.20152
0.228561
0
0
1
0.580787
0.777141
-1.73916
3.2367
0.228561
0
0
1
0.58878
0.773887
-1.37029
2.8914
0.228561
0
0
1
0.486854
0.790402
-1.28891
2.94577
0.228561
0
0
1
0.479196
0.77223
-1.44409
3.17801
0.228561
0
0
1
0.531953
0.75075
-1.47927
3.1545
0.228561
0
0
1
0.535264
0.758606
-1.75426
3.81839
0.228561
0
0
1
0.657418
0.678376
-1.83564
3.76401
0.228561
0
0
1
0.665075
0.696548
-1.68047
3.53177
0.228561
0
0
1
0.612318
0.718029
-1.64528
3.55528
0.228561
0
0
1
0.609007
0.710172
-2.04487
3.2589
0.228561
0
0
1
0.643268
0.804311
-2.02577
3.16291
0.228561
0
0
1
0.629119
0.818219
-1.76267
3.27189
0.228561
0
0
1
0.596772
0.770633
-1.77092
3.31339
0.228561
0
0
1
0.60289
0.764619
-1.0606
3.35489
0.228561
0
0
1
0.486853
0.678376
-1.07969
3.45089
0.228561
0
0
1
0.501003
0.664468
-1.35363
3.39639
0.228561
0
0
1
0.541382
0.704159
-1.34538
3.35489
0.228561
0
0
1
0.535264
0.710172
-1.91702
3.70964
0.228561
0
0
1
0.672733
0.71472
-1.9714
3.62826
0.228561
0
0
1
0.672733
0.734389
-1.73916
3.47308
0.228561
0
0
1
0.615628
0.734389
-1.71565
3.50826
0.228561
0
0
1
0.615628
0.725885
-2.04487
3.45089
0.228561
0
0
1
0.665075
0.77223
-2.06396
3.35489
0.228561
0
0
1
0.657418
0.790402
-1.77918
3.35489
0.228561
0
0
1
0.609007
0.758606
-1.77092
3.39639
0.228561
0
0
1
0.612318
0.75075
-1.37029
3.81839
0.228561
0
0
1
0.592146
0.635505
-1.46628
3.83748
0.228561
0
0
1
0.610632
0.643032
-1.52078
3.56354
0.228561
0
0
1
0.58878
0.694891
-1.47927
3.55528
0.228561
0
0
1
0.580787
0.691637
-2.06396
3.35489
0.228561
0
0
1
0.657418
0.790402
-2.04487
3.2589
0.228561
0
0
1
0.643268
0.804311
-1.77092
3.31339
0.228561
0
0
1
0.60289
0.764619
-1.77918
3.35489
0.228561
0
0
1
0.609007
0.758606
-1.9714
3.62826
0.228561
0
0
1
0.672733
0.734389
-2.02577
3.54688
0.228561
0
0
1
0.672733
0.754058
-1.76267
3.4379
0.228561
0
0
1
0.615628
0.742893
-1.73916
3.47308
0.228561
0
0
1
0.615628
0.734389
-1.46628
3.83748
0.228561
0
0
1
0.610632
0.643032
-1.56228
3.85657
0.228561
0
0
1
0.629119
0.65056
-1.56228
3.57179
0.228561
0
0
1
0.596772
0.698146
-1.52078
3.56354
0.228561
0
0
1
0.58878
0.694891
-2.02577
3.16291
0.228561
0
0
1
0.629119
0.818219
-1.9714
3.08153
0.228561
0
0
1
0.610632
0.825746
-1.73916
3.2367
0.228561
0
0
1
0.58878
0.773887
-1.76267
3.27189
0.228561
0
0
1
0.596772
0.770633
-1.83564
3.76401
0.228561
0
0
1
0.665075
0.696548
-1.91702
3.70964
0.228561
0
0
1
0.672733
0.71472
-1.71565
3.50826
0.228561
0
0
1
0.615628
0.725885
-1.68047
3.53177
0.228561
0
0
1
0.612318
0.718029
-1.28891
3.76401
0.228561
0
0
1
0.572136
0.635505
-1.37029
3.81839
0.228561
0
0
1
0.592146
0.635505
-1.47927
3.55528
0.228561
0
0
1
0.580787
0.691637
-1.44409
3.53177
0.228561
0
0
1
0.572136
0.691637
-1.75426
2.8914
0.228561
0
0
1
0.552126
0.833273
-1.65827
2.8723
0.228561
0
0
1
0.533639
0.825746
-1.60378
3.14625
0.228561
0
0
1
0.555492
0.773887
-1.64528
3.1545
0.228561
0
0
1
0.563484
0.777141
-1.65827
3.83748
0.228561
0
0
1
0.643268
0.664468
-1.75426
3.81839
0.228561
0
0
1
0.657418
0.678376
-1.64528
3.55528
0.228561
0
0
1
0.609007
0.710172
-1.60378
3.56354
0.228561
0
0
1
0.60289
0.704159
-1.15316
3.62826
0.228561
0
0
1
0.533639
0.643032
-1.20754
3.70964
0.228561
0
0
1
0.552126
0.635505
-1.40891
3.50826
0.228561
0
0
1
0.563484
0.691637
-1.3854
3.47308
0.228561
0
0
1
0.555492
0.694891
-1.56228
2.85321
0.228561
0
0
1
0.515152
0.818219
-1.46628
2.8723
0.228561
0
0
1
0.501003
0.80431
-1.52078
3.14625
0.228561
0
0
1
0.541382
0.764619
-1.56228
3.13799
0.228561
0
0
1
0.547499
0.770633
-1.07969
3.45089
0.228561
0
0
1
0.501003
0.664468
-1.09878
3.54688
0.228561
0
0
1
0.515152
0.65056
-1.36189
3.4379
0.228561
0
0
1
0.547499
0.698146
-1.35363
3.39639
0.228561
0
0
1
0.541382
0.704159
-1.20754
3.00015
0.228561
0
0
1
0.471538
0.754058
-1.15316
3.08153
0.228561
0
0
1
0.471538
0.734389
-1.3854
3.2367
0.228561
0
0
1
0.528643
0.734389
-1.40891
3.20152
0.228561
0
0
1
0.528643
0.742893
-1.07969
3.2589
0.228561
0
0
1
0.479196
0.696548
-1.0606
3.35489
0.228561
0
0
1
0.486853
0.678376
-1.34538
3.35489
0.228561
0
0
1
0.535264
0.710172
-1.35363
3.31339
0.228561
0
0
1
0.531953
0.718029
-1.09878
3.16291
0.228561
0
0
1
0.471538
0.71472
-1.07969
3.2589
0.228561
0
0
1
0.479196
0.696548
-1.35363
3.31339
0.228561
0
0
1
0.531953
0.718029
-1.36189
3.27189
0.228561
0
0
1
0.528643
0.725885
-1.15316
3.08153
0.228561
0
0
1
0.471538
0.734389
-1.09878
3.16291
0.228561
0
0
1
0.471538
0.71472
-1.36189
3.27189
0.228561
0
0
1
0.528643
0.725885
-1.3854
3.2367
0.228561
0
0
1
0.528643
0.734389
-1.09878
3.54688
0.228561
0
0
1
0.515152
0.65056
-1.15316
3.62826
0.228561
0
0
1
0.533639
0.643032
-1.3854
3.47308
0.228561
0
0
1
0.555492
0.694891
-1.36189
3.4379
0.228561
0
0
1
0.547499
0.698146
-1.28891
2.94577
0.228561
0
0
1
0.479196
0.77223
-1.20754
3.00015
0.228561
0
0
1
0.471538
0.754058
-1.40891
3.20152
0.228561
0
0
1
0.528643
0.742893
-1.44409
3.17801
0.228561
0
0
1
0.531953
0.75075
-1.20754
3.70964
0.228561
0
0
1
0.552126
0.635505
-1.28891
3.76401
0.228561
0
0
1
0.572136
0.635505
-1.44409
3.53177
0.228561
0
0
1
0.572136
0.691637
-1.40891
3.50826
0.228561
0
0
1
0.563484
0.691637
-1.46628
2.8723
0.228561
0
0
1
0.501003
0.80431
-1.37029
2.8914
0.228561
0
0
1
0.486854
0.790402
-1.47927
3.1545
0.228561
0
0
1
0.535264
0.758606
-1.52078
3.14625
0.228561
0
0
1
0.541382
0.764619
-1.56228
3.85657
0.228561
0
0
1
0.629119
0.65056
-1.65827
3.83748
0.228561
0
0
1
0.643268
0.664468
-1.60378
3.56354
0.228561
0
0
1
0.60289
0.704159
-1.56228
3.57179
0.228561
0
0
1
0.596772
0.698146
-1.65827
2.8723
0.228561
0
0
1
0.533639
0.825746
-1.56228
2.85321
0.228561
0
0
1
0.515152
0.818219
-1.56228
3.13799
0.228561
0
0
1
0.547499
0.770633
-1.60378
3.14625
0.228561
0
0
1
0.555492
0.773887
-2.02577
3.54688
0.228561
0
0
1
0.672733
0.754058
-2.04487
3.45089
0.228561
0
0
1
0.665075
0.77223
-1.77092
3.39639
0.228561
0
0
1
0.612318
0.75075
-1.76267
3.4379
0.228561
0
0
1
0.615628
0.742893
-1.83564
2.94577
0.228561
0
0
1
0.572136
0.833273
-1.75426
2.8914
0.228561
0
0
1
0.552126
0.833273
-1.64528
3.1545
0.228561
0
0
1
0.563484
0.777141
-1.68047
3.17801
0.228561
0
0
1
0.572136
0.777141
-1.91702
3.00015
0.228561
0
0
1
0.592146
0.833273
-1.83564
2.94577
0.228561
0
0
1
0.572136
0.833273
-1.68047
3.17801
0.228561
0
0
1
0.572136
0.777141
-1.71565
3.20152
0.228561
0
0
1
0.580787
0.777141
-1.9714
3.08153
-0.228561
0
0
-1
0.479196
0.276897
-1.73916
3.2367
-0.228561
0
0
-1
0.531954
0.298378
-1.71565
3.20152
-0.228561
0
0
-1
0.528643
0.306234
-1.91702
3.00015
-0.228561
0
0
-1
0.471538
0.295069
-1.37029
2.8914
-0.228561
0
0
-1
0.515152
0.398568
-1.47927
3.1545
-0.228561
0
0
-1
0.547499
0.350982
-1.44409
3.17801
-0.228561
0
0
-1
0.555492
0.354236
-1.28891
2.94577
-0.228561
0
0
-1
0.533639
0.406095
-1.75426
3.81839
-0.228561
0
0
-1
0.629119
0.230909
-1.64528
3.55528
-0.228561
0
0
-1
0.596772
0.278495
-1.68047
3.53177
-0.228561
0
0
-1
0.58878
0.27524
-1.83564
3.76401
-0.228561
0
0
-1
0.610632
0.223382
-2.04487
3.2589
-0.228561
0
0
-1
0.501003
0.244817
-1.77092
3.31339
-0.228561
0
0
-1
0.541382
0.284508
-1.76267
3.27189
-0.228561
0
0
-1
0.535264
0.290521
-2.02577
3.16291
-0.228561
0
0
-1
0.486853
0.258725
-1.0606
3.35489
-0.228561
0
0
-1
0.629119
0.398568
-1.34538
3.35489
-0.228561
0
0
-1
0.596772
0.350982
-1.35363
3.39639
-0.228561
0
0
-1
0.60289
0.344968
-1.07969
3.45089
-0.228561
0
0
-1
0.643268
0.38466
-1.91702
3.70964
-0.228561
0
0
-1
0.592146
0.215854
-1.71565
3.50826
-0.228561
0
0
-1
0.580787
0.271986
-1.73916
3.47308
-0.228561
0
0
-1
0.572136
0.271986
-1.9714
3.62826
-0.228561
0
0
-1
0.572136
0.215854
-2.04487
3.45089
-0.228561
0
0
-1
0.533639
0.223382
-1.77092
3.39639
-0.228561
0
0
-1
0.555492
0.27524
-1.77918
3.35489
-0.228561
0
0
-1
0.547499
0.278495
-2.06396
3.35489
-0.228561
0
0
-1
0.515152
0.230909
-1.37029
3.81839
-0.228561
0
0
-1
0.672733
0.295069
-1.47927
3.55528
-0.228561
0
0
-1
0.615628
0.306234
-1.52078
3.56354
-0.228561
0
0
-1
0.612318
0.298378
-1.46628
3.83748
-0.228561
0
0
-1
0.665075
0.276897
-2.06396
3.35489
-0.228561
0
0
-1
0.515152
0.230909
-1.77918
3.35489
-0.228561
0
0
-1
0.547499
0.278495
-1.77092
3.31339
-0.228561
0
0
-1
0.541382
0.284508
-2.04487
3.2589
-0.228561
0
0
-1
0.501003
0.244817
-1.9714
3.62826
-0.228561
0
0
-1
0.572136
0.215854
-1.73916
3.47308
-0.228561
0
0
-1
0.572136
0.271986
-1.76267
3.4379
-0.228561
0
0
-1
0.563484
0.271986
-2.02577
3.54688
-0.228561
0
0
-1
0.552126
0.215854
-1.46628
3.83748
-0.228561
0
0
-1
0.665075
0.276897
-1.52078
3.56354
-0.228561
0
0
-1
0.612318
0.298378
-1.56228
3.57179
-0.228561
0
0
-1
0.609007
0.290521
-1.56228
3.85657
-0.228561
0
0
-1
0.657418
0.258725
-2.02577
3.16291
-0.228561
0
0
-1
0.486853
0.258725
-1.76267
3.27189
-0.228561
0
0
-1
0.535264
0.290521
-1.73916
3.2367
-0.228561
0
0
-1
0.531954
0.298378
-1.9714
3.08153
-0.228561
0
0
-1
0.479196
0.276897
-1.83564
3.76401
-0.228561
0
0
-1
0.610632
0.223382
-1.68047
3.53177
-0.228561
0
0
-1
0.58878
0.27524
-1.71565
3.50826
-0.228561
0
0
-1
0.580787
0.271986
-1.91702
3.70964
-0.228561
0
0
-1
0.592146
0.215854
-1.28891
3.76401
-0.228561
0
0
-1
0.672733
0.314738
-1.44409
3.53177
-0.228561
0
0
-1
0.615628
0.314738
-1.47927
3.55528
-0.228561
0
0
-1
0.615628
0.306234
-1.37029
3.81839
-0.228561
0
0
-1
0.672733
0.295069
-1.75426
2.8914
-0.228561
0
0
-1
0.471538
0.334407
-1.64528
3.1545
-0.228561
0
0
-1
0.528643
0.323242
-1.60378
3.14625
-0.228561
0
0
-1
0.531953
0.331099
-1.65827
2.8723
-0.228561
0
0
-1
0.479196
0.352579
-1.65827
3.83748
-0.228561
0
0
-1
0.643269
0.244817
-1.60378
3.56354
-0.228561
0
0
-1
0.60289
0.284508
-1.64528
3.55528
-0.228561
0
0
-1
0.596772
0.278495
-1.75426
3.81839
-0.228561
0
0
-1
0.629119
0.230909
-1.15316
3.62826
-0.228561
0
0
-1
0.665075
0.352579
-1.3854
3.47308
-0.228561
0
0
-1
0.612318
0.331099
-1.40891
3.50826
-0.228561
0
0
-1
0.615628
0.323242
-1.20754
3.70964
-0.228561
0
0
-1
0.672733
0.334407
-1.56228
2.85321
-0.228561
0
0
-1
0.486853
0.370751
-1.56228
3.13799
-0.228561
0
0
-1
0.535264
0.338955
-1.52078
3.14625
-0.228561
0
0
-1
0.541382
0.344968
-1.46628
2.8723
-0.228561
0
0
-1
0.501003
0.38466
-1.07969
3.45089
-0.228561
0
0
-1
0.643268
0.38466
-1.35363
3.39639
-0.228561
0
0
-1
0.60289
0.344968
-1.36189
3.4379
-0.228561
0
0
-1
0.609007
0.338955
-1.09878
3.54688
-0.228561
0
0
-1
0.657418
0.370751
-1.20754
3.00015
-0.228561
0
0
-1
0.552126
0.413622
-1.40891
3.20152
-0.228561
0
0
-1
0.563484
0.35749
-1.3854
3.2367
-0.228561
0
0
-1
0.572136
0.35749
-1.15316
3.08153
-0.228561
0
0
-1
0.572136
0.413622
-1.07969
3.2589
-0.228561
0
0
-1
0.610632
0.406095
-1.35363
3.31339
-0.228561
0
0
-1
0.58878
0.354236
-1.34538
3.35489
-0.228561
0
0
-1
0.596772
0.350982
-1.0606
3.35489
-0.228561
0
0
-1
0.629119
0.398568
-1.09878
3.16291
-0.228561
0
0
-1
0.592146
0.413622
-1.36189
3.27189
-0.228561
0
0
-1
0.580787
0.35749
-1.35363
3.31339
-0.228561
0
0
-1
0.58878
0.354236
-1.07969
3.2589
-0.228561
0
0
-1
0.610632
0.406095
-1.15316
3.08153
-0.228561
0
0
-1
0.572136
0.413622
-1.3854
3.2367
-0.228561
0
0
-1
0.572136
0.35749
-1.36189
3.27189
-0.228561
0
0
-1
0.580787
0.35749
-1.09878
3.16291
-0.228561
0
0
-1
0.592146
0.413622
-1.09878
3.54688
-0.228561
0
0
-1
0.657418
0.370751
-1.36189
3.4379
-0.228561
0
0
-1
0.609007
0.338955
-1.3854
3.47308
-0.228561
0
0
-1
0.612318
0.331099
-1.15316
3.62826
-0.228561
0
0
-1
0.665075
0.352579
-1.28891
2.94577
-0.228561
0
0
-1
0.533639
0.406095
-1.44409
3.17801
-0.228561
0
0
-1
0.555492
0.354236
-1.40891
3.20152
-0.228561
0
0
-1
0.563484
0.35749
-1.20754
3.00015
-0.228561
0
0
-1
0.552126
0.413622
-1.20754
3.70964
-0.228561
0
0
-1
0.672733
0.334407
-1.40891
3.50826
-0.228561
0
0
-1
0.615628
0.323242
-1.44409
3.53177
-0.228561
0
0
-1
0.615628
0.314738
-1.28891
3.76401
-0.228561
0
0
-1
0.672733
0.314738
-1.46628
2.8723
-0.228561
0
0
-1
0.501003
0.38466
-1.52078
3.14625
-0.228561
0
0
-1
0.541382
0.344968
-1.47927
3.1545
-0.228561
0
0
-1
0.547499
0.350982
-1.37029
2.8914
-0.228561
0
0
-1
0.515152
0.398568
-1.56228
3.85657
-0.228561
0
0
-1
0.657418
0.258725
-1.56228
3.57179
-0.228561
0
0
-1
0.609007
0.290521
-1.60378
3.56354
-0.228561
0
0
-1
0.60289
0.284508
-1.65827
3.83748
-0.228561
0
0
-1
0.643269
0.244817
-1.65827
2.8723
-0.228561
0
0
-1
0.479196
0.352579
-1.60378
3.14625
-0.228561
0
0
-1
0.531953
0.331099
-1.56228
3.13799
-0.228561
0
0
-1
0.535264
0.338955
-1.56228
2.85321
-0.228561
0
0
-1
0.486853
0.370751
-2.02577
3.54688
-0.228561
0
0
-1
0.552126
0.215854
-1.76267
3.4379
-0.228561
0
0
-1
0.563484
0.271986
-1.77092
3.39639
-0.228561
0
0
-1
0.555492
0.27524
-2.04487
3.45089
-0.228561
0
0
-1
0.533639
0.223382
-1.83564
2.94577
-0.228561
0
0
-1
0.471539
0.314738
-1.68047
3.17801
-0.228561
0
0
-1
0.528643
0.314738
-1.64528
3.1545
-0.228561
0
0
-1
0.528643
0.323242
-1.75426
2.8914
-0.228561
0
0
-1
0.471538
0.334407
-1.91702
3.00015
-0.228561
0
0
-1
0.471538
0.295069
-1.71565
3.20152
-0.228561
0
0
-1
0.528643
0.306234
-1.68047
3.17801
-0.228561
0
0
-1
0.528643
0.314738
-1.83564
2.94577
-0.228561
0
0
-1
0.471539
0.314738
