0.390011
3.81341
-0.070688
-0.342433
-0.436633
-0.333333
0.370214
0.561519
0.563965
3.79989
-0.070688
-0.03875
-0.4985
-0.5
0.369807
0.647667
0.563965
3.79989
0.187336
-0.0762667
-0.456667
0.651467
0.215982
0.647678
0.390011
3.81341
0.163996
-0.389067
-0.5049
0.3229
0.230304
0.561528
1.07983
3.88011
-0.070688
0.47055
-0.1691
-0.5
0.431145
0.037437
1.07983
3.88011
0.179401
0.5174
-0.465575
0.193675
0.281832
0.037454
1.05586
3.81341
0.167392
0.386067
-0.513567
0.323167
0.28903
1.7e-05
1.05586
3.81341
-0.070688
0.341933
-0.444867
-0.333333
0.431173
0
1.14076
4.48786
-0.070688
0.9886
-0.0425
0
0.431173
0.372373
1.20569
4.82884
-0.070688
0.4963
0.40645
0
0.431133
0.561494
1.20569
4.82884
0.273304
0.362833
0.221067
0.328033
0.225757
0.561519
1.14076
4.48786
0.211581
0.538475
0.041025
0.4744
0.262648
0.372393
0.524012
4.48786
0.247381
-0.035075
0.03425
0.9806
0.623748
0.143046
0.5345
4.82614
0.266238
0.13165
0.419075
0.497975
0.435135
0.148245
0.235192
4.82884
0.26586
-0.343033
0.226533
0.330833
0.433658
0
0.310104
4.48786
0.21631
-0.52545
0.0299
0.481475
0.625507
0.037111
0.552978
3.86929
-0.070688
0
0
-1
0.477353
0.615811
0.737919
3.85847
-0.070688
0
0
-1
0.47133
0.707411
0.737919
3.78637
-0.070688
0.0024
-0.664467
-0.333333
0.431173
0.707411
0.563965
3.79989
-0.070688
-0.03875
-0.4985
-0.5
0.438702
0.621253
0.5345
4.82614
-0.070688
0.29245
0.90875
0
0.857663
0.332434
0.235192
4.82884
-0.070688
-0.48385
0.3927
0
0.857742
0.480679
0.235192
4.82884
0.26586
-0.343033
0.226533
0.330833
0.657122
0.480679
0.5345
4.82614
0.266238
0.13165
0.419075
0.497975
0.656817
0.332434
0.941838
4.83154
-0.070688
-0.2895
0.90395
0
0.857838
0.130684
0.737919
4.68283
-0.070688
-0.00665
0.81275
0
0.853217
0.231632
0.737919
4.68283
0.253619
-0.010875
0.38095
0.49915
0.663612
0.231632
0.941838
4.83154
0.283265
-0.1291
0.397975
0.495325
0.646843
0.130684
0.563965
3.79989
-0.070688
-0.03875
-0.4985
-0.5
0.369807
0.647667
0.737919
3.78637
-0.070688
0.0024
-0.664467
-0.333333
0.369399
0.733816
0.737919
3.78637
0.187336
0.00205
-0.582475
0.492825
0.215574
0.733826
0.563965
3.79989
0.187336
-0.0762667
-0.456667
0.651467
0.215982
0.647678
0.737919
4.44621
0.247381
0.0003
0.2838
0.664733
0.646843
0.248991
0.737919
4.48786
0.253619
-0.007325
-0.062575
0.9977
0.623748
0.248993
0.524012
4.48786
0.247381
-0.035075
0.03425
0.9806
0.623748
0.143046
0.522182
4.44621
0.247381
-0.0273333
0.426067
0.6435
0.646843
0.142138
0.908877
3.86929
0.199345
0.06505
-0.584975
0.4016
0.759713
0.565364
0.737919
3.85847
0.199345
0.0014
-0.57355
0.394875
0.753763
0.650042
0.737919
3.78637
0.187336
0.00205
-0.582475
0.492825
0.713107
0.650061
0.896891
3.79989
0.187336
0.0765
-0.456933
0.6517
0.720559
0.571319
0.737919
4.68283
-0.070688
-0.00665
0.81275
0
0.853217
0.231632
0.5345
4.82614
-0.070688
0.29245
0.90875
0
0.857663
0.332434
0.5345
4.82614
0.266238
0.13165
0.419075
0.497975
0.656817
0.332434
0.737919
4.68283
0.253619
-0.010875
0.38095
0.49915
0.663612
0.231632
0.368037
3.88011
0.176005
-0.522325
-0.4531
0.196275
0.068267
0.524319
0.368037
3.88011
-0.070688
-0.4749
-0.15645
-0.5
0.215552
0.524332
0.390011
3.81341
-0.070688
-0.342433
-0.436633
-0.333333
0.215574
0.561683
0.390011
3.81341
0.163996
-0.389067
-0.5049
0.3229
0.075459
0.561671
0.522182
4.44621
0.247381
-0.0273333
0.426067
0.6435
0.646843
0.142138
0.524012
4.48786
0.247381
-0.035075
0.03425
0.9806
0.623748
0.143046
0.310104
4.48786
0.21631
-0.52545
0.0299
0.481475
0.625507
0.037111
0.306444
4.44621
0.247381
-0.354567
0.48
0.311133
0.646843
0.035285
0.941477
4.44621
0.247381
0.0320667
0.4415
0.636867
0.646843
0.349812
0.939341
4.48786
0.247381
0.0397
0.027125
0.972975
0.623748
0.348756
0.737919
4.48786
0.253619
-0.007325
-0.062575
0.9977
0.623748
0.248993
0.737919
4.44621
0.247381
0.0003
0.2838
0.664733
0.646843
0.248991
0.939341
4.48786
0.247381
0.0397
0.027125
0.972975
0.623748
0.348756
0.941838
4.83154
0.283265
-0.1291
0.397975
0.495325
0.431173
0.34999
0.737919
4.68283
0.253619
-0.010875
0.38095
0.49915
0.515655
0.248999
0.737919
4.48786
0.253619
-0.007325
-0.062575
0.9977
0.623748
0.248993
1.14503
4.44621
-0.070688
0.9948
0.102
0
0.431156
0.349749
1.14076
4.48786
-0.070688
0.9886
-0.0425
0
0.431173
0.372373
1.14076
4.48786
0.211581
0.538475
0.041025
0.4744
0.262648
0.372393
1.14503
4.44621
0.247381
0.358533
0.500267
0.3045
0.241257
0.349771
0.552978
3.86929
0.199345
-0.064275
-0.584975
0.4028
0.759809
0.741638
0.368037
3.88011
0.176005
-0.522325
-0.4531
0.196275
0.764533
0.833226
0.390011
3.81341
0.163996
-0.389067
-0.5049
0.3229
0.72687
0.82236
0.563965
3.79989
0.187336
-0.0762667
-0.456667
0.651467
0.720649
0.736215
0.896891
3.79989
-0.070688
0.04235
-0.4982
-0.5
0.369807
0.812563
1.05586
3.81341
-0.070688
0.341933
-0.444867
-0.333333
0.370214
0.89131
1.05586
3.81341
0.167392
0.386067
-0.513567
0.323167
0.228279
0.89132
0.896891
3.79989
0.187336
0.0765
-0.456933
0.6517
0.215982
0.812573
0.908877
3.86929
-0.070688
0
0
-1
0.477353
0.792085
1.07983
3.88011
-0.070688
0.47055
-0.1691
-0.5
0.483377
0.87676
1.05586
3.81341
-0.070688
0.341933
-0.444867
-0.333333
0.446232
0.864886
0.896891
3.79989
-0.070688
0.04235
-0.4982
-0.5
0.438702
0.786149
0.368037
3.88011
-0.070688
-0.4749
-0.15645
-0.5
0.483377
0.524211
0.552978
3.86929
-0.070688
0
0
-1
0.477353
0.615811
0.563965
3.79989
-0.070688
-0.03875
-0.4985
-0.5
0.438702
0.621253
0.390011
3.81341
-0.070688
-0.342433
-0.436633
-0.333333
0.446232
0.535095
0.737919
3.85847
0.199345
0.0014
-0.57355
0.394875
0.753763
0.650042
0.552978
3.86929
0.199345
-0.064275
-0.584975
0.4028
0.759809
0.741638
0.563965
3.79989
0.187336
-0.0762667
-0.456667
0.651467
0.720649
0.736215
0.737919
3.78637
0.187336
0.00205
-0.582475
0.492825
0.713107
0.650061
0.737919
4.48786
0.253619
-0.007325
-0.062575
0.9977
0.623748
0.248993
0.737919
4.68283
0.253619
-0.010875
0.38095
0.49915
0.515655
0.248999
0.5345
4.82614
0.266238
0.13165
0.419075
0.497975
0.435135
0.148245
0.524012
4.48786
0.247381
-0.035075
0.03425
0.9806
0.623748
0.143046
0.306444
4.44621
0.247381
-0.354567
0.48
0.311133
0.025662
0.212149
0.310104
4.48786
0.21631
-0.52545
0.0299
0.481475
0.044226
0.1895
0.310104
4.48786
-0.070688
-0.98645
-0.06355
0
0.215574
0.189515
0.306444
4.44621
-0.070688
-0.9962
0.0875
0
0.215561
0.212166
0.310104
4.48786
0.21631
-0.52545
0.0299
0.481475
0.044226
0.1895
0.235192
4.82884
0.26586
-0.343033
0.226533
0.330833
0.014588
0
0.235192
4.82884
-0.070688
-0.48385
0.3927
0
0.21552
1.7e-05
0.310104
4.48786
-0.070688
-0.98645
-0.06355
0
0.215574
0.189515
0.737919
3.85847
-0.070688
0
0
-1
0.47133
0.707411
0.908877
3.86929
-0.070688
0
0
-1
0.477353
0.792085
0.896891
3.79989
-0.070688
0.04235
-0.4982
-0.5
0.438702
0.786149
0.737919
3.78637
-0.070688
0.0024
-0.664467
-0.333333
0.431173
0.707411
0.737919
3.78637
-0.070688
0.0024
-0.664467
-0.333333
0.369399
0.733816
0.896891
3.79989
-0.070688
0.04235
-0.4982
-0.5
0.369807
0.812563
0.896891
3.79989
0.187336
0.0765
-0.456933
0.6517
0.215982
0.812573
0.737919
3.78637
0.187336
0.00205
-0.582475
0.492825
0.215574
0.733826
1.14076
4.48786
0.211581
0.538475
0.041025
0.4744
0.625775
0.448532
1.20569
4.82884
0.273304
0.362833
0.221067
0.328033
0.433236
0.480676
0.941838
4.83154
0.283265
-0.1291
0.397975
0.495325
0.431173
0.34999
0.939341
4.48786
0.247381
0.0397
0.027125
0.972975
0.623748
0.348756
1.14503
4.44621
0.247381
0.358533
0.500267
0.3045
0.646843
0.450632
1.14076
4.48786
0.211581
0.538475
0.041025
0.4744
0.625775
0.448532
0.939341
4.48786
0.247381
0.0397
0.027125
0.972975
0.623748
0.348756
0.941477
4.44621
0.247381
0.0320667
0.4415
0.636867
0.646843
0.349812
1.07983
3.88011
0.179401
0.5174
-0.465575
0.193675
0.764533
0.480679
0.908877
3.86929
0.199345
0.06505
-0.584975
0.4016
0.759713
0.565364
0.896891
3.79989
0.187336
0.0765
-0.456933
0.6517
0.720559
0.571319
1.05586
3.81341
0.167392
0.386067
-0.513567
0.323167
0.726882
0.49257
1.20569
4.82884
-0.070688
0.4963
0.40645
0
0.857759
0
0.941838
4.83154
-0.070688
-0.2895
0.90395
0
0.857838
0.130684
0.941838
4.83154
0.283265
-0.1291
0.397975
0.495325
0.646843
0.130684
1.20569
4.82884
0.273304
0.362833
0.221067
0.328033
0.652701
0
1.17572
4.14689
0.1942
0.570825
-0.2216
0.4611
0.891768
0.443576
1.17
4.20266
0.247381
0.3683
-0.439633
0.300133
0.857838
0.440726
0.953962
4.20266
0.247381
0.0388667
-0.465167
0.633367
0.857838
0.333721
0.956821
4.14689
0.247381
0.0904
-0.202925
0.9566
0.888756
0.335135
0.51148
4.20266
0.247381
-0.0371333
-0.4657
0.633333
0.430193
0.673672
0.737919
4.20266
0.247381
0.0001
-0.316433
0.666467
0.430193
0.785826
0.737919
4.20266
0.29023
0
-0.5
0.5
0.404648
0.785828
0.51148
4.20266
0.29023
0
-0.5
0.5
0.404648
0.673674
1.16501
4.25137
0.237923
0.346433
0.368467
0.333
1
0.877302
1.16002
4.30008
0.237923
0.346433
-0.2982
0.333
0.972997
0.874798
0.948968
4.30008
0.247381
0.0148333
-0.3322
0.666333
0.97259
0.770263
0.951465
4.25137
0.247381
0.0148333
0.334467
0.666333
0.999595
0.771531
1.17
4.20266
0.247381
0.3683
-0.439633
0.300133
0.241157
0.217492
1.16501
4.25137
0.237923
0.346433
0.368467
0.333
0.246824
0.243948
1.16501
4.25137
0.29023
0.3316
0.367333
0.333333
0.215594
0.243951
1.17
4.20266
0.29023
0.3316
-0.299333
0.333333
0.215574
0.217496
1.15502
4.34879
0.237923
0.3468
0.3685
0.333
0.088847
0.986223
1.15003
4.3975
0.237923
0.3468
-0.298167
0.333
0.061844
0.983718
0.943974
4.3975
0.247381
0.0152
-0.332167
0.666333
0.061437
0.881656
0.946471
4.34879
0.247381
0.0152
0.3345
0.666333
0.088442
0.882924
1.15502
4.34879
0.237923
0.3468
0.3685
0.333
0.941409
0.868112
0.946471
4.34879
0.247381
0.0152
0.3345
0.666333
0.947047
0.764818
0.946471
4.34879
0.29023
0
0.5
0.5
0.97259
0.764817
1.15502
4.34879
0.29023
0.3316
0.367333
0.333333
0.97259
0.868111
0.280139
4.14689
0.1942
-0.569575
-0.217525
0.462125
0.057316
0.374911
0.28504
4.20266
0.247381
-0.367133
-0.444967
0.3001
0.025583
0.344585
0.28504
4.20266
-0.070688
-0.9962
0.0875
0
0.215481
0.344601
0.280139
4.14689
-0.070688
-0.648667
-0.0751333
-0.333333
0.215463
0.374924
0.28504
4.20266
0.247381
-0.367133
-0.444967
0.3001
0.025583
0.344585
0.289321
4.25137
0.247381
-0.332067
0.3625
0.333333
0.025598
0.318098
0.289321
4.25137
-0.070688
-0.9962
0.0875
0
0.215497
0.318114
0.28504
4.20266
-0.070688
-0.9962
0.0875
0
0.215481
0.344601
0.289321
4.25137
0.247381
-0.332067
0.3625
0.333333
0.025598
0.318098
0.293601
4.30008
0.247381
-0.332067
-0.304167
0.333333
0.025614
0.291611
0.293602
4.30008
-0.070688
-0.9962
0.0875
0
0.215513
0.291627
0.289321
4.25137
-0.070688
-0.9962
0.0875
0
0.215497
0.318114
0.293601
4.30008
0.247381
-0.332067
-0.304167
0.333333
0.025614
0.291611
0.297882
4.34879
0.247381
-0.332067
0.3625
0.333333
0.02563
0.265123
0.297882
4.34879
-0.070688
-0.9962
0.0875
0
0.215529
0.26514
0.293602
4.30008
-0.070688
-0.9962
0.0875
0
0.215513
0.291627
0.297882
4.34879
0.247381
-0.332067
0.3625
0.333333
0.02563
0.265123
0.302163
4.3975
0.247381
-0.332067
-0.304167
0.333333
0.025646
0.238636
0.302163
4.3975
-0.070688
-0.9962
0.0875
0
0.215545
0.238653
0.297882
4.34879
-0.070688
-0.9962
0.0875
0
0.215529
0.26514
0.302163
4.3975
0.247381
-0.332067
-0.304167
0.333333
0.025646
0.238636
0.306444
4.44621
0.247381
-0.354567
0.48
0.311133
0.025662
0.212149
0.306444
4.44621
-0.070688
-0.9962
0.0875
0
0.215561
0.212166
0.302163
4.3975
-0.070688
-0.9962
0.0875
0
0.215545
0.238653
1.17572
4.14689
-0.070688
0.6453
-0.0787333
-0.333333
0.431032
0.187182
1.17
4.20266
-0.070688
0.9948
0.102
0
0.431055
0.21747
1.17
4.20266
0.247381
0.3683
-0.439633
0.300133
0.241157
0.217492
1.17572
4.14689
0.1942
0.570825
-0.2216
0.4611
0.272885
0.187201
1.17
4.20266
-0.070688
0.9948
0.102
0
0.431055
0.21747
1.16501
4.25137
-0.070688
0.9948
0.102
0
0.431075
0.243926
1.16501
4.25137
0.237923
0.346433
0.368467
0.333
0.246824
0.243948
1.17
4.20266
0.247381
0.3683
-0.439633
0.300133
0.241157
0.217492
1.16501
4.25137
-0.070688
0.9948
0.102
0
0.431075
0.243926
1.16002
4.30008
-0.070688
0.9948
0.102
0
0.431095
0.270381
1.16002
4.30008
0.237923
0.346433
-0.2982
0.333
0.246844
0.270403
1.16501
4.25137
0.237923
0.346433
0.368467
0.333
0.246824
0.243948
1.16002
4.30008
-0.070688
0.9948
0.102
0
0.431095
0.270381
1.15502
4.34879
-0.070688
0.9948
0.102
0
0.431115
0.296837
1.15502
4.34879
0.237923
0.3468
0.3685
0.333
0.246864
0.296859
1.16002
4.30008
0.237923
0.346433
-0.2982
0.333
0.246844
0.270403
1.15502
4.34879
-0.070688
0.9948
0.102
0
0.431115
0.296837
1.15003
4.3975
-0.070688
0.9948
0.102
0
0.431136
0.323293
1.15003
4.3975
0.237923
0.3468
-0.298167
0.333
0.246884
0.323315
1.15502
4.34879
0.237923
0.3468
0.3685
0.333
0.246864
0.296859
1.15003
4.3975
-0.070688
0.9948
0.102
0
0.431136
0.323293
1.14503
4.44621
-0.070688
0.9948
0.102
0
0.431156
0.349749
1.14503
4.44621
0.247381
0.358533
0.500267
0.3045
0.241257
0.349771
1.15003
4.3975
0.237923
0.3468
-0.298167
0.333
0.246884
0.323315
0.956821
4.14689
0.247381
0.0904
-0.202925
0.9566
0.888756
0.335135
0.953962
4.20266
0.247381
0.0388667
-0.465167
0.633367
0.857838
0.333721
0.737919
4.20266
0.247381
0.0001
-0.316433
0.666467
0.857838
0.226717
0.737919
4.14689
0.250192
0.000175
-0.08075
0.991025
0.888756
0.226715
0.522182
4.44621
0.247381
-0.0273333
0.426067
0.6435
0.14286
0.668538
0.306444
4.44621
0.247381
-0.354567
0.48
0.311133
0.14286
0.561684
0.306444
4.44621
0.29023
-0.332067
0.3625
0.333333
0.168403
0.561683
0.522182
4.44621
0.29023
0
0.5
0.5
0.168403
0.668537
0.951465
4.25137
0.247381
0.0148333
0.334467
0.666333
0.999595
0.771531
0.948968
4.30008
0.247381
0.0148333
-0.3322
0.666333
0.97259
0.770263
0.737919
4.30008
0.247381
0
-0.5
0.5
0.972719
0.665732
0.737919
4.25137
0.247381
0
0.5
0.5
0.999726
0.665763
0.948968
4.30008
0.247381
0.0148333
-0.3322
0.666333
0.954978
0.324598
1.16002
4.30008
0.237923
0.346433
-0.2982
0.333
0.960609
0.429129
1.16002
4.30008
0.29023
0.3316
-0.299333
0.333333
0.929425
0.429129
0.948968
4.30008
0.29023
0
-0.5
0.5
0.929433
0.324598
0.946471
4.34879
0.247381
0.0152
0.3345
0.666333
0.088442
0.882924
0.943974
4.3975
0.247381
0.0152
-0.332167
0.666333
0.061437
0.881656
0.737919
4.3975
0.247381
0
-0.5
0.5
0.061566
0.779599
0.737919
4.34879
0.247381
0
0.5
0.5
0.088572
0.77963
1.16002
4.30008
0.237923
0.346433
-0.2982
0.333
0.246844
0.270403
1.15502
4.34879
0.237923
0.3468
0.3685
0.333
0.246864
0.296859
1.15502
4.34879
0.29023
0.3316
0.367333
0.333333
0.215634
0.296863
1.16002
4.30008
0.29023
0.3316
-0.299333
0.333333
0.215614
0.270407
0.509029
4.14689
0.247381
-0.08645
-0.20155
0.95765
0.888756
0.113347
0.51148
4.20266
0.247381
-0.0371333
-0.4657
0.633333
0.857838
0.114563
0.28504
4.20266
0.247381
-0.367133
-0.444967
0.3001
0.857838
0.002409
0.280139
4.14689
0.1942
-0.569575
-0.217525
0.462125
0.891768
0
0.302163
4.3975
0.247381
-0.332067
-0.304167
0.333333
0.966217
0.419941
0.520041
4.3975
0.247381
0
-0.5
0.5
0.966225
0.312028
0.520041
4.3975
0.29023
0
-0.5
0.5
0.99177
0.312028
0.302163
4.3975
0.29023
-0.332067
-0.304167
0.333333
0.991763
0.419941
0.51362
4.25137
0.247381
0
0.5
0.5
0.999863
0.554669
0.51576
4.30008
0.247381
0
-0.5
0.5
0.972855
0.555699
0.293601
4.30008
0.247381
-0.332067
-0.304167
0.333333
0.972991
0.445665
0.289321
4.25137
0.247381
-0.332067
0.3625
0.333333
1
0.443576
1.16501
4.25137
0.237923
0.346433
0.368467
0.333
0.910228
0.8773
0.951465
4.25137
0.247381
0.0148333
0.334467
0.666333
0.915866
0.771532
0.951465
4.25137
0.29023
0
0.5
0.5
0.941409
0.771531
1.16501
4.25137
0.29023
0.3316
0.367333
0.333333
0.941409
0.877299
0.517901
4.34879
0.247381
0
0.5
0.5
0.08871
0.670657
0.520041
4.3975
0.247381
0
-0.5
0.5
0.061702
0.671686
0.302163
4.3975
0.247381
-0.332067
-0.304167
0.333333
0.061838
0.563772
0.297882
4.34879
0.247381
-0.332067
0.3625
0.333333
0.088847
0.561683
0.517901
4.34879
0.247381
0
0.5
0.5
0.947047
0.55255
0.297882
4.34879
0.247381
-0.332067
0.3625
0.333333
0.947047
0.443577
0.297882
4.34879
0.29023
-0.332067
0.3625
0.333333
0.97259
0.443576
0.517901
4.34879
0.29023
0
0.5
0.5
0.97259
0.552549
0.737919
4.14689
0.250192
0.000175
-0.08075
0.991025
0.888756
0.226715
0.737919
4.20266
0.247381
0.0001
-0.316433
0.666467
0.857838
0.226717
0.51148
4.20266
0.247381
-0.0371333
-0.4657
0.633333
0.857838
0.114563
0.509029
4.14689
0.247381
-0.08645
-0.20155
0.95765
0.888756
0.113347
0.953962
4.20266
0.247381
0.0388667
-0.465167
0.633367
0.430194
0.892831
1.17
4.20266
0.247381
0.3683
-0.439633
0.300133
0.430193
0.999835
1.17
4.20266
0.29023
0.3316
-0.299333
0.333333
0.404648
0.999837
0.953962
4.20266
0.29023
0
-0.5
0.5
0.404648
0.892832
0.737919
4.25137
0.247381
0
0.5
0.5
0.999726
0.665763
0.737919
4.30008
0.247381
0
-0.5
0.5
0.972719
0.665732
0.51576
4.30008
0.247381
0
-0.5
0.5
0.972855
0.555699
0.51362
4.25137
0.247381
0
0.5
0.5
0.999863
0.554669
1.15003
4.3975
0.237923
0.3468
-0.298167
0.333
0.246884
0.323315
1.14503
4.44621
0.247381
0.358533
0.500267
0.3045
0.241257
0.349771
1.14503
4.44621
0.29023
0.3316
0.367333
0.333333
0.215675
0.349774
1.15003
4.3975
0.29023
0.3316
-0.299333
0.333333
0.215654
0.323319
0.737919
4.34879
0.247381
0
0.5
0.5
0.088572
0.77963
0.737919
4.3975
0.247381
0
-0.5
0.5
0.061566
0.779599
0.520041
4.3975
0.247381
0
-0.5
0.5
0.061702
0.671686
0.517901
4.34879
0.247381
0
0.5
0.5
0.08871
0.670657
0.293601
4.30008
0.247381
-0.332067
-0.304167
0.333333
0.955001
0
0.51576
4.30008
0.247381
0
-0.5
0.5
0.954993
0.110034
0.51576
4.30008
0.29023
0
-0.5
0.5
0.929448
0.110034
0.293601
4.30008
0.29023
-0.332067
-0.304167
0.333333
0.929456
0
1.17
4.20266
0.29023
0.3316
-0.299333
0.333333
0.034431
0.561683
1.16501
4.25137
0.29023
0.3316
0.367333
0.333333
0.061437
0.564155
0.951465
4.25137
0.29023
0
0.5
0.5
0.061437
0.669923
0.953962
4.20266
0.29023
0
-0.5
0.5
0.034431
0.668688
1.16002
4.30008
0.29023
0.3316
-0.299333
0.333333
0.088847
0.561683
1.15502
4.34879
0.29023
0.3316
0.367333
0.333333
0.115853
0.564155
0.946471
4.34879
0.29023
0
0.5
0.5
0.115853
0.667449
0.948968
4.30008
0.29023
0
-0.5
0.5
0.088847
0.666214
1.15003
4.3975
0.29023
0.3316
-0.299333
0.333333
0.14286
0.981625
1.14503
4.44621
0.29023
0.3316
0.367333
0.333333
0.115853
0.979153
0.941477
4.44621
0.29023
0
0.5
0.5
0.115853
0.878332
0.943974
4.3975
0.29023
0
-0.5
0.5
0.14286
0.879568
0.953962
4.20266
0.29023
0
-0.5
0.5
0.034431
0.668688
0.951465
4.25137
0.29023
0
0.5
0.5
0.061437
0.669923
0.737919
4.25137
0.29023
0
0.5
0.5
0.061437
0.775691
0.737919
4.20266
0.29023
0
-0.5
0.5
0.034431
0.775692
0.948968
4.30008
0.29023
0
-0.5
0.5
0.088847
0.666214
0.946471
4.34879
0.29023
0
0.5
0.5
0.115853
0.667449
0.737919
4.34879
0.29023
0
0.5
0.5
0.115853
0.770744
0.737919
4.30008
0.29023
0
-0.5
0.5
0.088847
0.770745
0.943974
4.3975
0.29023
0
-0.5
0.5
0.14286
0.879568
0.941477
4.44621
0.29023
0
0.5
0.5
0.115853
0.878332
0.737919
4.44621
0.29023
0
0.5
0.5
0.115853
0.777512
0.737919
4.3975
0.29023
0
-0.5
0.5
0.14286
0.77751
0.51148
4.20266
0.29023
0
-0.5
0.5
0.034431
0.887846
0.51362
4.25137
0.29023
0
0.5
0.5
0.061437
0.886784
0.289321
4.25137
0.29023
-0.332067
0.3625
0.333333
0.061437
0.997878
0.28504
4.20266
0.29023
-0.332067
-0.304167
0.333333
0.034431
1
0.51576
4.30008
0.29023
0
-0.5
0.5
0.088847
0.880779
0.517901
4.34879
0.29023
0
0.5
0.5
0.115853
0.879717
0.297882
4.34879
0.29023
-0.332067
0.3625
0.333333
0.115853
0.988691
0.293601
4.30008
0.29023
-0.332067
-0.304167
0.333333
0.088847
0.990813
0.520041
4.3975
0.29023
0
-0.5
0.5
0.14286
0.669597
0.522182
4.44621
0.29023
0
0.5
0.5
0.115853
0.670659
0.306444
4.44621
0.29023
-0.332067
0.3625
0.333333
0.115853
0.563805
0.302163
4.3975
0.29023
-0.332067
-0.304167
0.333333
0.14286
0.561683
0.737919
4.20266
0.29023
0
-0.5
0.5
0.034431
0.775692
0.737919
4.25137
0.29023
0
0.5
0.5
0.061437
0.775691
0.51362
4.25137
0.29023
0
0.5
0.5
0.061437
0.886784
0.51148
4.20266
0.29023
0
-0.5
0.5
0.034431
0.887846
0.737919
4.30008
0.29023
0
-0.5
0.5
0.088847
0.770745
0.737919
4.34879
0.29023
0
0.5
0.5
0.115853
0.770744
0.517901
4.34879
0.29023
0
0.5
0.5
0.115853
0.879717
0.51576
4.30008
0.29023
0
-0.5
0.5
0.088847
0.880779
0.737919
4.3975
0.29023
0
-0.5
0.5
0.14286
0.77751
0.737919
4.44621
0.29023
0
0.5
0.5
0.115853
0.777512
0.522182
4.44621
0.29023
0
0.5
0.5
0.115853
0.670659
0.520041
4.3975
0.29023
0
-0.5
0.5
0.14286
0.669597
0.943974
4.3975
0.247381
0.0152
-0.332167
0.666333
0.96624
0.102057
1.15003
4.3975
0.237923
0.3468
-0.298167
0.333
0.960609
0
1.15003
4.3975
0.29023
0.3316
-0.299333
0.333333
0.991793
0
0.943974
4.3975
0.29023
0
-0.5
0.5
0.991785
0.102057
0.737919
4.25137
0.247381
0
0.5
0.5
0.915866
0.665764
0.51362
4.25137
0.247381
0
0.5
0.5
0.915866
0.55467
0.51362
4.25137
0.29023
0
0.5
0.5
0.941409
0.55467
0.737919
4.25137
0.29023
0
0.5
0.5
0.941409
0.665763
0.737919
4.20266
0.247381
0.0001
-0.316433
0.666467
0.430193
0.785826
0.953962
4.20266
0.247381
0.0388667
-0.465167
0.633367
0.430194
0.892831
0.953962
4.20266
0.29023
0
-0.5
0.5
0.404648
0.892832
0.737919
4.20266
0.29023
0
-0.5
0.5
0.404648
0.785828
1.14503
4.44621
0.247381
0.358533
0.500267
0.3045
0.14286
0.977032
0.941477
4.44621
0.247381
0.0320667
0.4415
0.636867
0.14286
0.876212
0.941477
4.44621
0.29023
0
0.5
0.5
0.168403
0.876211
1.14503
4.44621
0.29023
0.3316
0.367333
0.333333
0.168403
0.977031
0.51576
4.30008
0.247381
0
-0.5
0.5
0.954993
0.110034
0.737919
4.30008
0.247381
0
-0.5
0.5
0.954985
0.220067
0.737919
4.30008
0.29023
0
-0.5
0.5
0.92944
0.220067
0.51576
4.30008
0.29023
0
-0.5
0.5
0.929448
0.110034
0.289321
4.25137
0.247381
-0.332067
0.3625
0.333333
0.025598
0.318098
0.28504
4.20266
0.247381
-0.367133
-0.444967
0.3001
0.025583
0.344585
0.28504
4.20266
0.29023
-0.332067
-0.304167
0.333333
0
0.344582
0.289321
4.25137
0.29023
-0.332067
0.3625
0.333333
1.6e-05
0.318095
0.951465
4.25137
0.247381
0.0148333
0.334467
0.666333
0.915866
0.771532
0.737919
4.25137
0.247381
0
0.5
0.5
0.915866
0.665764
0.737919
4.25137
0.29023
0
0.5
0.5
0.941409
0.665763
0.951465
4.25137
0.29023
0
0.5
0.5
0.941409
0.771531
0.737919
4.34879
0.247381
0
0.5
0.5
0.947047
0.661524
0.517901
4.34879
0.247381
0
0.5
0.5
0.947047
0.55255
0.517901
4.34879
0.29023
0
0.5
0.5
0.97259
0.552549
0.737919
4.34879
0.29023
0
0.5
0.5
0.97259
0.661523
0.737919
4.30008
0.247381
0
-0.5
0.5
0.954985
0.220067
0.948968
4.30008
0.247381
0.0148333
-0.3322
0.666333
0.954978
0.324598
0.948968
4.30008
0.29023
0
-0.5
0.5
0.929433
0.324598
0.737919
4.30008
0.29023
0
-0.5
0.5
0.92944
0.220067
0.520041
4.3975
0.247381
0
-0.5
0.5
0.966225
0.312028
0.737919
4.3975
0.247381
0
-0.5
0.5
0.966233
0.204115
0.737919
4.3975
0.29023
0
-0.5
0.5
0.991778
0.204115
0.520041
4.3975
0.29023
0
-0.5
0.5
0.99177
0.312028
0.297882
4.34879
0.247381
-0.332067
0.3625
0.333333
0.02563
0.265123
0.293601
4.30008
0.247381
-0.332067
-0.304167
0.333333
0.025614
0.291611
0.293601
4.30008
0.29023
-0.332067
-0.304167
0.333333
3.2e-05
0.291608
0.297882
4.34879
0.29023
-0.332067
0.3625
0.333333
4.8e-05
0.265121
0.946471
4.34879
0.247381
0.0152
0.3345
0.666333
0.947047
0.764818
0.737919
4.34879
0.247381
0
0.5
0.5
0.947047
0.661524
0.737919
4.34879
0.29023
0
0.5
0.5
0.97259
0.661523
0.946471
4.34879
0.29023
0
0.5
0.5
0.97259
0.764817
0.737919
4.44621
0.247381
0.0003
0.2838
0.664733
0.14286
0.775391
0.522182
4.44621
0.247381
-0.0273333
0.426067
0.6435
0.14286
0.668538
0.522182
4.44621
0.29023
0
0.5
0.5
0.168403
0.668537
0.737919
4.44621
0.29023
0
0.5
0.5
0.168403
0.77539
0.737919
4.3975
0.247381
0
-0.5
0.5
0.966233
0.204115
0.943974
4.3975
0.247381
0.0152
-0.332167
0.666333
0.96624
0.102057
0.943974
4.3975
0.29023
0
-0.5
0.5
0.991785
0.102057
0.737919
4.3975
0.29023
0
-0.5
0.5
0.991778
0.204115
0.306444
4.44621
0.247381
-0.354567
0.48
0.311133
0.025662
0.212149
0.302163
4.3975
0.247381
-0.332067
-0.304167
0.333333
0.025646
0.238636
0.302163
4.3975
0.29023
-0.332067
-0.304167
0.333333
6.3e-05
0.238634
0.306444
4.44621
0.29023
-0.332067
0.3625
0.333333
7.9e-05
0.212147
0.941477
4.44621
0.247381
0.0320667
0.4415
0.636867
0.14286
0.876212
0.737919
4.44621
0.247381
0.0003
0.2838
0.664733
0.14286
0.775391
0.737919
4.44621
0.29023
0
0.5
0.5
0.168403
0.77539
0.941477
4.44621
0.29023
0
0.5
0.5
0.168403
0.876211
0.28504
4.20266
0.247381
-0.367133
-0.444967
0.3001
0.430193
0.561519
0.51148
4.20266
0.247381
-0.0371333
-0.4657
0.633333
0.430193
0.673672
0.51148
4.20266
0.29023
0
-0.5
0.5
0.404648
0.673674
0.28504
4.20266
0.29023
-0.332067
-0.304167
0.333333
0.404648
0.56152
0.51362
4.25137
0.247381
0
0.5
0.5
0.915866
0.55467
0.289321
4.25137
0.247381
-0.332067
0.3625
0.333333
0.915866
0.443577
0.289321
4.25137
0.29023
-0.332067
0.3625
0.333333
0.941409
0.443576
0.51362
4.25137
0.29023
0
0.5
0.5
0.941409
0.55467
1.17572
4.14689
0.1942
0.570825
-0.2216
0.4611
0.891768
0.443576
0.956821
4.14689
0.247381
0.0904
-0.202925
0.9566
0.888756
0.335135
0.944835
4.07749
0.235372
0.0584
0.3895
0.55855
0.927912
0.329201
1.15175
4.08019
0.182191
0.5299
0.021525
0.255675
0.929425
0.431705
1.15175
4.08019
0.182191
0.5299
0.021525
0.255675
0.910228
0.443582
0.944835
4.07749
0.235372
0.0584
0.3895
0.55855
0.878443
0.546065
0.944845
4.07067
0.269441
-0.001125
0.407975
0.569575
0.857922
0.546059
1.15176
4.07338
0.269441
0.3149
0.159633
0.354433
0.858006
0.443576
1.12778
4.0135
0.203419
0.5026
-0.466775
0.19685
0.713107
0.480679
0.932849
4.00809
0.223363
0.040675
-0.5842
0.4025
0.711285
0.577235
0.920863
3.93869
0.211354
0.00925
0.39965
0.57705
0.67213
0.583188
1.10381
3.9468
0.19141
0.489525
0.02935
0.271075
0.675454
0.492568
1.07983
3.88011
0.179401
0.5174
-0.465575
0.193675
0.281832
0.037454
1.10381
3.9468
0.19141
0.489525
0.02935
0.271075
0.274634
0.074892
1.10382
3.93998
0.245423
0.3055
0.160067
0.365067
0.242385
0.071165
1.07984
3.87329
0.233414
0.335167
-0.498067
0.263167
0.249583
0.033728
0.737919
4.14689
-0.070688
0
0
-1
0.631958
0.707411
0.956821
4.14689
-0.070688
0
0
-1
0.631958
0.815832
0.944835
4.07749
-0.070688
0
0
-1
0.593307
0.809895
0.737919
4.07479
-0.070688
0
0
-1
0.591801
0.707411
0.737919
4.07479
-0.070688
0
0
-1
0.591801
0.707411
0.944835
4.07749
-0.070688
0
0
-1
0.593307
0.809895
0.932849
4.00809
-0.070688
0
0
-1
0.554656
0.803959
0.737919
4.00268
-0.070688
0
0
-1
0.551644
0.707411
0.737919
4.00268
-0.070688
0
0
-1
0.551644
0.707411
0.932849
4.00809
-0.070688
0
0
-1
0.554656
0.803959
0.920863
3.93869
-0.070688
0
0
-1
0.516004
0.798022
0.737919
3.93058
-0.070688
0
0
-1
0.511487
0.707411
0.737919
3.93058
-0.070688
0
0
-1
0.511487
0.707411
0.920863
3.93869
-0.070688
0
0
-1
0.516004
0.798022
0.908877
3.86929
-0.070688
0
0
-1
0.477353
0.792085
0.737919
3.85847
-0.070688
0
0
-1
0.47133
0.707411
0.737919
4.14689
0.250192
0.000175
-0.08075
0.991025
0.888756
0.226715
0.509029
4.14689
0.247381
-0.08645
-0.20155
0.95765
0.888756
0.113347
0.520017
4.07749
0.235372
-0.055875
0.391275
0.559625
0.927912
0.118791
0.737919
4.07479
0.235372
-4.99999e-05
0.396825
0.589275
0.929412
0.226717
0.541991
3.93869
0.211354
-0.01305
0.400025
0.575425
0.384128
0.658598
0.346062
3.9468
0.188014
-0.497025
0.0421
0.270875
0.370214
0.561519
0.346073
3.93998
0.245423
-0.3092
0.168667
0.365167
0.404648
0.561612
0.542001
3.93187
0.245423
0.01395
0.40615
0.578425
0.404648
0.658657
0.737919
4.00268
0.223363
0.0005
-0.574
0.3948
0.708333
0.673784
0.531004
4.00809
0.223363
-0.042025
-0.58435
0.40365
0.711381
0.776266
0.541991
3.93869
0.211354
-0.01305
0.400025
0.575425
0.672221
0.770841
0.737919
3.93058
0.211354
-0.0006
0.40595
0.59095
0.667677
0.673801
0.737919
4.00268
0.223363
0.0005
-0.574
0.3948
0.647161
0.673814
0.932849
4.00809
0.223363
0.040675
-0.5842
0.4025
0.646844
0.577263
0.932859
4.00127
0.257432
0.013425
-0.577625
0.4053
0.66736
0.57723
0.73793
3.99586
0.257432
0.00045
-0.5739
0.394825
0.667677
0.673781
0.280139
4.14689
-0.070688
-0.648667
-0.0751333
-0.333333
0.631958
0.480676
0.509029
4.14689
-0.070688
0
0
-1
0.631958
0.594044
0.520017
4.07749
-0.070688
0
0
-1
0.593307
0.599486
0.302114
4.08019
-0.070688
-0.4749
-0.15645
-0.5
0.594812
0.49156
0.302114
4.08019
-0.070688
-0.4749
-0.15645
-0.5
0.594812
0.49156
0.520017
4.07749
-0.070688
0
0
-1
0.593307
0.599486
0.531004
4.00809
-0.070688
0
0
-1
0.554656
0.604928
0.324088
4.0135
-0.070688
-0.4749
-0.15645
-0.5
0.557667
0.502444
0.324088
4.0135
-0.070688
-0.4749
-0.15645
-0.5
0.557667
0.502444
0.531004
4.00809
-0.070688
0
0
-1
0.554656
0.604928
0.541991
3.93869
-0.070688
0
0
-1
0.516004
0.610369
0.346062
3.9468
-0.070688
-0.4749
-0.15645
-0.5
0.520522
0.513327
0.346062
3.9468
-0.070688
-0.4749
-0.15645
-0.5
0.520522
0.513327
0.541991
3.93869
-0.070688
0
0
-1
0.516004
0.610369
0.552978
3.86929
-0.070688
0
0
-1
0.477353
0.615811
0.368037
3.88011
-0.070688
-0.4749
-0.15645
-0.5
0.483377
0.524211
0.956821
4.14689
-0.070688
0
0
-1
0.631958
0.815832
1.17572
4.14689
-0.070688
0.6453
-0.0787333
-0.333333
0.631958
0.924252
1.15175
4.08019
-0.070688
0.47055
-0.1691
-0.5
0.594812
0.912379
0.944835
4.07749
-0.070688
0
0
-1
0.593307
0.809895
0.944835
4.07749
-0.070688
0
0
-1
0.593307
0.809895
1.15175
4.08019
-0.070688
0.47055
-0.1691
-0.5
0.594812
0.912379
1.12778
4.0135
-0.070688
0.47055
-0.1691
-0.5
0.557667
0.900506
0.932849
4.00809
-0.070688
0
0
-1
0.554656
0.803959
0.932849
4.00809
-0.070688
0
0
-1
0.554656
0.803959
1.12778
4.0135
-0.070688
0.47055
-0.1691
-0.5
0.557667
0.900506
1.10381
3.9468
-0.070688
0.47055
-0.1691
-0.5
0.520522
0.888633
0.920863
3.93869
-0.070688
0
0
-1
0.516004
0.798022
0.920863
3.93869
-0.070688
0
0
-1
0.516004
0.798022
1.10381
3.9468
-0.070688
0.47055
-0.1691
-0.5
0.520522
0.888633
1.07983
3.88011
-0.070688
0.47055
-0.1691
-0.5
0.483377
0.87676
0.908877
3.86929
-0.070688
0
0
-1
0.477353
0.792085
0.509029
4.14689
0.247381
-0.08645
-0.20155
0.95765
0.888756
0.113347
0.280139
4.14689
0.1942
-0.569575
-0.217525
0.462125
0.891768
0
0.302114
4.08019
0.182191
-0.5318
0.03615
0.2576
0.929425
0.010886
0.520017
4.07749
0.235372
-0.055875
0.391275
0.559625
0.927912
0.118791
0.324088
4.0135
0.200022
-0.508925
-0.45405
0.198875
0.633246
0.878796
0.531004
4.00809
0.223363
-0.042025
-0.58435
0.40365
0.647161
0.776294
0.531014
4.00127
0.257432
-0.0124
-0.577825
0.406725
0.667677
0.776261
0.324098
4.00668
0.257432
-0.323267
-0.492467
0.269233
0.667677
0.878741
0.531004
4.00809
0.223363
-0.042025
-0.58435
0.40365
0.711381
0.776266
0.324088
4.0135
0.200022
-0.508925
-0.45405
0.198875
0.713107
0.87874
0.346062
3.9468
0.188014
-0.497025
0.0421
0.270875
0.675443
0.867872
0.541991
3.93869
0.211354
-0.01305
0.400025
0.575425
0.672221
0.770841
0.346062
3.9468
0.188014
-0.497025
0.0421
0.270875
0.061075
0.486966
0.368037
3.88011
0.176005
-0.522325
-0.4531
0.196275
0.068267
0.524319
0.368047
3.87329
0.233414
-0.3361
-0.490167
0.266933
0.03399
0.528047
0.346073
3.93998
0.245423
-0.3092
0.168667
0.365167
0.026799
0.490695
0.280139
4.14689
0.1942
-0.569575
-0.217525
0.462125
0.057316
0.374911
0.280139
4.14689
-0.070688
-0.648667
-0.0751333
-0.333333
0.215463
0.374924
0.302114
4.08019
-0.070688
-0.4749
-0.15645
-0.5
0.215485
0.412276
0.302114
4.08019
0.182191
-0.5318
0.03615
0.2576
0.064507
0.412263
0.302114
4.08019
0.182191
-0.5318
0.03615
0.2576
0.064507
0.412263
0.302114
4.08019
-0.070688
-0.4749
-0.15645
-0.5
0.215485
0.412276
0.324088
4.0135
-0.070688
-0.4749
-0.15645
-0.5
0.215508
0.449628
0.324088
4.0135
0.200022
-0.508925
-0.45405
0.198875
0.053883
0.449614
0.324088
4.0135
0.200022
-0.508925
-0.45405
0.198875
0.053883
0.449614
0.324088
4.0135
-0.070688
-0.4749
-0.15645
-0.5
0.215508
0.449628
0.346062
3.9468
-0.070688
-0.4749
-0.15645
-0.5
0.21553
0.48698
0.346062
3.9468
0.188014
-0.497025
0.0421
0.270875
0.061075
0.486966
0.346062
3.9468
0.188014
-0.497025
0.0421
0.270875
0.061075
0.486966
0.346062
3.9468
-0.070688
-0.4749
-0.15645
-0.5
0.21553
0.48698
0.368037
3.88011
-0.070688
-0.4749
-0.15645
-0.5
0.215552
0.524332
0.368037
3.88011
0.176005
-0.522325
-0.4531
0.196275
0.068267
0.524319
0.956821
4.14689
0.247381
0.0904
-0.202925
0.9566
0.888756
0.335135
0.737919
4.14689
0.250192
0.000175
-0.08075
0.991025
0.888756
0.226715
0.737919
4.07479
0.235372
-4.99999e-05
0.396825
0.589275
0.929412
0.226717
0.944835
4.07749
0.235372
0.0584
0.3895
0.55855
0.927912
0.329201
0.944835
4.07749
0.235372
0.0584
0.3895
0.55855
0.878443
0.546065
0.737919
4.07479
0.235372
-4.99999e-05
0.396825
0.589275
0.878359
0.648548
0.73793
4.06797
0.269441
-9.99998e-05
0.40645
0.591025
0.857838
0.648541
0.944845
4.07067
0.269441
-0.001125
0.407975
0.569575
0.857922
0.546059
0.932849
4.00809
0.223363
0.040675
-0.5842
0.4025
0.711285
0.577235
0.737919
4.00268
0.223363
0.0005
-0.574
0.3948
0.708333
0.673784
0.737919
3.93058
0.211354
-0.0006
0.40595
0.59095
0.667677
0.673801
0.920863
3.93869
0.211354
0.00925
0.39965
0.57705
0.67213
0.583188
0.520017
4.07749
0.235372
-0.055875
0.391275
0.559625
0.878443
0.756475
0.302114
4.08019
0.182191
-0.5318
0.03615
0.2576
0.910228
0.8644
0.302124
4.07338
0.269441
-0.317867
0.1684
0.3556
0.858006
0.864395
0.520027
4.07067
0.269441
0.0011
0.408
0.5696
0.857922
0.756468
0.509029
4.14689
-0.070688
0
0
-1
0.631958
0.594044
0.737919
4.14689
-0.070688
0
0
-1
0.631958
0.707411
0.737919
4.07479
-0.070688
0
0
-1
0.591801
0.707411
0.520017
4.07749
-0.070688
0
0
-1
0.593307
0.599486
0.520017
4.07749
-0.070688
0
0
-1
0.593307
0.599486
0.737919
4.07479
-0.070688
0
0
-1
0.591801
0.707411
0.737919
4.00268
-0.070688
0
0
-1
0.551644
0.707411
0.531004
4.00809
-0.070688
0
0
-1
0.554656
0.604928
0.531004
4.00809
-0.070688
0
0
-1
0.554656
0.604928
0.737919
4.00268
-0.070688
0
0
-1
0.551644
0.707411
0.737919
3.93058
-0.070688
0
0
-1
0.511487
0.707411
0.541991
3.93869
-0.070688
0
0
-1
0.516004
0.610369
0.541991
3.93869
-0.070688
0
0
-1
0.516004
0.610369
0.737919
3.93058
-0.070688
0
0
-1
0.511487
0.707411
0.737919
3.85847
-0.070688
0
0
-1
0.47133
0.707411
0.552978
3.86929
-0.070688
0
0
-1
0.477353
0.615811
1.17572
4.14689
-0.070688
0.6453
-0.0787333
-0.333333
0.431032
0.187182
1.17572
4.14689
0.1942
0.570825
-0.2216
0.4611
0.272885
0.187201
1.15175
4.08019
0.182191
0.5299
0.021525
0.255675
0.280083
0.149764
1.15175
4.08019
-0.070688
0.47055
-0.1691
-0.5
0.43106
0.149746
1.15175
4.08019
-0.070688
0.47055
-0.1691
-0.5
0.43106
0.149746
1.15175
4.08019
0.182191
0.5299
0.021525
0.255675
0.280083
0.149764
1.12778
4.0135
0.203419
0.5026
-0.466775
0.19685
0.267437
0.112329
1.12778
4.0135
-0.070688
0.47055
-0.1691
-0.5
0.431088
0.112309
1.12778
4.0135
-0.070688
0.47055
-0.1691
-0.5
0.431088
0.112309
1.12778
4.0135
0.203419
0.5026
-0.466775
0.19685
0.267437
0.112329
1.10381
3.9468
0.19141
0.489525
0.02935
0.271075
0.274634
0.074892
1.10381
3.9468
-0.070688
0.47055
-0.1691
-0.5
0.431117
0.074873
1.10381
3.9468
-0.070688
0.47055
-0.1691
-0.5
0.431117
0.074873
1.10381
3.9468
0.19141
0.489525
0.02935
0.271075
0.274634
0.074892
1.07983
3.88011
0.179401
0.5174
-0.465575
0.193675
0.281832
0.037454
1.07983
3.88011
-0.070688
0.47055
-0.1691
-0.5
0.431145
0.037437
1.15176
4.07338
0.269441
0.3149
0.159633
0.354433
0.808187
0.480679
0.944845
4.07067
0.269441
-0.001125
0.407975
0.569575
0.806688
0.583163
0.932859
4.00127
0.257432
0.013425
-0.577625
0.4053
0.767531
0.589098
1.12779
4.00668
0.257432
0.320967
-0.500933
0.2662
0.77053
0.49255
1.10382
3.93998
0.245423
0.3055
0.160067
0.365067
0.857838
0.480679
0.920873
3.93187
0.245423
-0.015125
0.405725
0.57975
0.853341
0.57129
0.908887
3.86247
0.233414
0.03345
-0.57745
0.405325
0.814184
0.577225
1.07984
3.87329
0.233414
0.335167
-0.498067
0.263167
0.82018
0.49255
0.73793
4.06797
0.269441
-9.99998e-05
0.40645
0.591025
0.805189
0.685647
0.520027
4.07067
0.269441
0.0011
0.408
0.5696
0.806688
0.793573
0.531014
4.00127
0.257432
-0.0124
-0.577825
0.406725
0.767532
0.788129
0.73793
3.99586
0.257432
0.00045
-0.5739
0.394825
0.764533
0.685645
0.73793
3.92376
0.245423
-0.000525
0.405825
0.590925
0.848844
0.661901
0.542001
3.93187
0.245423
0.01395
0.40615
0.578425
0.853341
0.758943
0.552988
3.86247
0.233414
-0.0307
-0.577675
0.40675
0.814184
0.753499
0.73793
3.85166
0.233414
0.001325
-0.57345
0.394925
0.808187
0.661899
0.520027
4.07067
0.269441
0.0011
0.408
0.5696
0.806688
0.793573
0.302124
4.07338
0.269441
-0.317867
0.1684
0.3556
0.808187
0.901498
0.324098
4.00668
0.257432
-0.323267
-0.492467
0.269233
0.77053
0.890612
0.531014
4.00127
0.257432
-0.0124
-0.577825
0.406725
0.767532
0.788129
0.542001
3.93187
0.245423
0.01395
0.40615
0.578425
0.853341
0.758943
0.346073
3.93998
0.245423
-0.3092
0.168667
0.365167
0.857838
0.855985
0.368047
3.87329
0.233414
-0.3361
-0.490167
0.266933
0.82018
0.845099
0.552988
3.86247
0.233414
-0.0307
-0.577675
0.40675
0.814184
0.753499
0.944845
4.07067
0.269441
-0.001125
0.407975
0.569575
0.806688
0.583163
0.73793
4.06797
0.269441
-9.99998e-05
0.40645
0.591025
0.805189
0.685647
0.73793
3.99586
0.257432
0.00045
-0.5739
0.394825
0.764533
0.685645
0.932859
4.00127
0.257432
0.013425
-0.577625
0.4053
0.767531
0.589098
0.920873
3.93187
0.245423
-0.015125
0.405725
0.57975
0.853341
0.57129
0.73793
3.92376
0.245423
-0.000525
0.405825
0.590925
0.848844
0.661901
0.73793
3.85166
0.233414
0.001325
-0.57345
0.394925
0.808187
0.661899
0.908887
3.86247
0.233414
0.03345
-0.57745
0.405325
0.814184
0.577225
0.920863
3.93869
0.211354
0.00925
0.39965
0.57705
0.383641
0.84625
0.737919
3.93058
0.211354
-0.0006
0.40595
0.59095
0.384128
0.755643
0.73793
3.92376
0.245423
-0.000525
0.405825
0.590925
0.404648
0.755702
0.920873
3.93187
0.245423
-0.015125
0.405725
0.57975
0.404161
0.846309
0.302114
4.08019
0.182191
-0.5318
0.03615
0.2576
0.064507
0.412263
0.324088
4.0135
0.200022
-0.508925
-0.45405
0.198875
0.053883
0.449614
0.324098
4.00668
0.257432
-0.323267
-0.492467
0.269233
0.019607
0.453342
0.302124
4.07338
0.269441
-0.317867
0.1684
0.3556
0.012415
0.41599
0.737919
4.07479
0.235372
-4.99999e-05
0.396825
0.589275
0.878359
0.648548
0.520017
4.07749
0.235372
-0.055875
0.391275
0.559625
0.878443
0.756475
0.520027
4.07067
0.269441
0.0011
0.408
0.5696
0.857922
0.756468
0.73793
4.06797
0.269441
-9.99998e-05
0.40645
0.591025
0.857838
0.648541
0.368037
3.88011
0.176005
-0.522325
-0.4531
0.196275
0
0.914351
0.552978
3.86929
0.199345
-0.064275
-0.584975
0.4028
0.013915
0.822709
0.552988
3.86247
0.233414
-0.0307
-0.577675
0.40675
0.034431
0.822636
0.368047
3.87329
0.233414
-0.3361
-0.490167
0.266933
0.034431
0.914229
0.932849
4.00809
0.223363
0.040675
-0.5842
0.4025
0.646844
0.577263
1.12778
4.0135
0.203419
0.5026
-0.466775
0.19685
0.634638
0.480732
1.12779
4.00668
0.257432
0.320967
-0.500933
0.2662
0.667044
0.480679
0.932859
4.00127
0.257432
0.013425
-0.577625
0.4053
0.66736
0.57723
0.737919
3.85847
0.199345
0.0014
-0.57355
0.394875
0.013915
0.731116
0.908877
3.86929
0.199345
0.06505
-0.584975
0.4016
0.013287
0.646436
0.908887
3.86247
0.233414
0.03345
-0.57745
0.405325
0.033803
0.646364
0.73793
3.85166
0.233414
0.001325
-0.57345
0.394925
0.034431
0.731043
0.531004
4.00809
0.223363
-0.042025
-0.58435
0.40365
0.647161
0.776294
0.737919
4.00268
0.223363
0.0005
-0.574
0.3948
0.647161
0.673814
0.73793
3.99586
0.257432
0.00045
-0.5739
0.394825
0.667677
0.673781
0.531014
4.00127
0.257432
-0.0124
-0.577825
0.406725
0.667677
0.776261
1.12778
4.0135
0.203419
0.5026
-0.466775
0.19685
0.267437
0.112329
1.15175
4.08019
0.182191
0.5299
0.021525
0.255675
0.280083
0.149764
1.15176
4.07338
0.269441
0.3149
0.159633
0.354433
0.22799
0.14604
1.12779
4.00668
0.257432
0.320967
-0.500933
0.2662
0.235188
0.108602
1.10381
3.9468
0.19141
0.489525
0.02935
0.271075
0.371265
0.936828
0.920863
3.93869
0.211354
0.00925
0.39965
0.57705
0.383641
0.84625
0.920873
3.93187
0.245423
-0.015125
0.405725
0.57975
0.404161
0.846309
1.10382
3.93998
0.245423
0.3055
0.160067
0.365067
0.403674
0.936916
0.737919
3.93058
0.211354
-0.0006
0.40595
0.59095
0.384128
0.755643
0.541991
3.93869
0.211354
-0.01305
0.400025
0.575425
0.384128
0.658598
0.542001
3.93187
0.245423
0.01395
0.40615
0.578425
0.404648
0.658657
0.73793
3.92376
0.245423
-0.000525
0.405825
0.590925
0.404648
0.755702
0.908877
3.86929
0.199345
0.06505
-0.584975
0.4016
0.013287
0.646436
1.07983
3.88011
0.179401
0.5174
-0.465575
0.193675
0.00077
0.561798
1.07984
3.87329
0.233414
0.335167
-0.498067
0.263167
0.033176
0.561683
0.908887
3.86247
0.233414
0.03345
-0.57745
0.405325
0.033803
0.646364
0.552978
3.86929
0.199345
-0.064275
-0.584975
0.4028
0.013915
0.822709
0.737919
3.85847
0.199345
0.0014
-0.57355
0.394875
0.013915
0.731116
0.73793
3.85166
0.233414
0.001325
-0.57345
0.394925
0.034431
0.731043
0.552988
3.86247
0.233414
-0.0307
-0.577675
0.40675
0.034431
0.822636
0.390011
3.81341
0.070688
-0.342433
-0.436633
0.333333
0.370214
0.561519
0.390011
3.81341
-0.163996
-0.389067
-0.5049
-0.3229
0.230304
0.561528
0.563965
3.79989
-0.187336
-0.0762667
-0.456667
-0.651467
0.215982
0.647678
0.563965
3.79989
0.070688
-0.03875
-0.4985
0.5
0.369807
0.647667
1.07983
3.88011
0.070688
0.47055
-0.1691
0.5
0.431145
0.037437
1.05586
3.81341
0.070688
0.341933
-0.444867
0.333333
0.431173
0
1.05586
3.81341
-0.167392
0.386067
-0.513567
-0.323167
0.28903
1.7e-05
1.07983
3.88011
-0.179401
0.5174
-0.465575
-0.193675
0.281832
0.037454
1.14076
4.48786
0.070688
0.9886
-0.0425
0
0.431173
0.372373
1.14076
4.48786
-0.211581
0.538475
0.041025
-0.4744
0.262648
0.372393
1.20569
4.82884
-0.273304
0.362833
0.221067
-0.328033
0.225757
0.561519
1.20569
4.82884
0.070688
0.4963
0.40645
0
0.431133
0.561494
0.524012
4.48786
-0.247381
-0.024025
0.052675
-0.981175
0.623748
0.143046
0.310104
4.48786
-0.21631
-0.52545
0.0299
-0.481475
0.625507
0.037111
0.235192
4.82884
-0.26586
-0.343033
0.226533
-0.330833
0.433658
0
0.5345
4.82614
-0.266238
0.139075
0.418925
-0.497825
0.435135
0.148245
0.552978
3.86929
0.070688
0
0
1
0.477353
0.615811
0.563965
3.79989
0.070688
-0.03875
-0.4985
0.5
0.438702
0.621253
0.737919
3.78637
0.070688
0.0024
-0.664467
0.333333
0.431173
0.707411
0.737919
3.85847
0.070688
0
0
1
0.47133
0.707411
0.5345
4.82614
0.070688
0.29245
0.90875
0
0.857663
0.332434
0.5345
4.82614
-0.266238
0.139075
0.418925
-0.497825
0.656817
0.332434
0.235192
4.82884
-0.26586
-0.343033
0.226533
-0.330833
0.657122
0.480679
0.235192
4.82884
0.070688
-0.48385
0.3927
0
0.857742
0.480679
0.941838
4.83154
0.070688
-0.2895
0.90395
0
0.857838
0.130684
0.941838
4.83154
-0.283265
-0.13675
0.39805
-0.494975
0.646843
0.130684
0.737919
4.68283
-0.247381
-0.0111
0.380875
-0.49865
0.663612
0.231632
0.737919
4.68283
0.070688
-0.00665
0.81275
0
0.853217
0.231632
0.563965
3.79989
0.070688
-0.03875
-0.4985
0.5
0.369807
0.647667
0.563965
3.79989
-0.187336
-0.0762667
-0.456667
-0.651467
0.215982
0.647678
0.737919
3.78637
-0.187336
0.00205
-0.582475
-0.492825
0.215574
0.733826
0.737919
3.78637
0.070688
0.0024
-0.664467
0.333333
0.369399
0.733816
0.737919
4.44621
-0.247381
0
0.5
-0.5
0.646843
0.248991
0.522182
4.44621
-0.247381
-0.0225
0.450833
-0.644467
0.646843
0.142138
0.524012
4.48786
-0.247381
-0.024025
0.052675
-0.981175
0.623748
0.143046
0.737919
4.48786
-0.247381
-0.0103667
-0.034
-0.9982
0.623748
0.248993
0.908877
3.86929
-0.199345
0.06505
-0.584975
-0.4016
0.759713
0.565364
0.896891
3.79989
-0.187336
0.0765
-0.456933
-0.6517
0.720559
0.571319
0.737919
3.78637
-0.187336
0.00205
-0.582475
-0.492825
0.713107
0.650061
0.737919
3.85847
-0.199345
0.0014
-0.57355
-0.394875
0.753763
0.650042
0.737919
4.68283
0.070688
-0.00665
0.81275
0
0.853217
0.231632
0.737919
4.68283
-0.247381
-0.0111
0.380875
-0.49865
0.663612
0.231632
0.5345
4.82614
-0.266238
0.139075
0.418925
-0.497825
0.656817
0.332434
0.5345
4.82614
0.070688
0.29245
0.90875
0
0.857663
0.332434
0.368037
3.88011
-0.176005
-0.522325
-0.4531
-0.196275
0.068267
0.524319
0.390011
3.81341
-0.163996
-0.389067
-0.5049
-0.3229
0.075459
0.561671
0.390011
3.81341
0.070688
-0.342433
-0.436633
0.333333
0.215574
0.561683
0.368037
3.88011
0.070688
-0.4749
-0.15645
0.5
0.215552
0.524332
0.522182
4.44621
-0.247381
-0.0225
0.450833
-0.644467
0.646843
0.142138
0.306444
4.44621
-0.247381
-0.354567
0.48
-0.311133
0.646843
0.035285
0.310104
4.48786
-0.21631
-0.52545
0.0299
-0.481475
0.625507
0.037111
0.524012
4.48786
-0.247381
-0.024025
0.052675
-0.981175
0.623748
0.143046
0.941477
4.44621
-0.247381
0.0269333
0.466267
-0.637833
0.646843
0.349812
0.737919
4.44621
-0.247381
0
0.5
-0.5
0.646843
0.248991
0.737919
4.48786
-0.247381
-0.0103667
-0.034
-0.9982
0.623748
0.248993
0.939341
4.48786
-0.247381
0.0282
0.045775
-0.97335
0.623748
0.348756
0.939341
4.48786
-0.247381
0.0282
0.045775
-0.97335
0.623748
0.348756
0.737919
4.48786
-0.247381
-0.0103667
-0.034
-0.9982
0.623748
0.248993
0.737919
4.68283
-0.247381
-0.0111
0.380875
-0.49865
0.515655
0.248999
0.941838
4.83154
-0.283265
-0.13675
0.39805
-0.494975
0.431173
0.34999
1.14503
4.44621
0.070688
0.9948
0.102
0
0.431156
0.349749
1.14503
4.44621
-0.247381
0.358533
0.500267
-0.3045
0.241257
0.349771
1.14076
4.48786
-0.211581
0.538475
0.041025
-0.4744
0.262648
0.372393
1.14076
4.48786
0.070688
0.9886
-0.0425
0
0.431173
0.372373
0.552978
3.86929
-0.199345
-0.064275
-0.584975
-0.4028
0.759809
0.741638
0.563965
3.79989
-0.187336
-0.0762667
-0.456667
-0.651467
0.720649
0.736215
0.390011
3.81341
-0.163996
-0.389067
-0.5049
-0.3229
0.72687
0.82236
0.368037
3.88011
-0.176005
-0.522325
-0.4531
-0.196275
0.764533
0.833226
0.896891
3.79989
0.070688
0.04235
-0.4982
0.5
0.369807
0.812563
0.896891
3.79989
-0.187336
0.0765
-0.456933
-0.6517
0.215982
0.812573
1.05586
3.81341
-0.167392
0.386067
-0.513567
-0.323167
0.228279
0.89132
1.05586
3.81341
0.070688
0.341933
-0.444867
0.333333
0.370214
0.89131
0.908877
3.86929
0.070688
0
0
1
0.477353
0.792085
0.896891
3.79989
0.070688
0.04235
-0.4982
0.5
0.438702
0.786149
1.05586
3.81341
0.070688
0.341933
-0.444867
0.333333
0.446232
0.864886
1.07983
3.88011
0.070688
0.47055
-0.1691
0.5
0.483377
0.87676
0.368037
3.88011
0.070688
-0.4749
-0.15645
0.5
0.483377
0.524211
0.390011
3.81341
0.070688
-0.342433
-0.436633
0.333333
0.446232
0.535095
0.563965
3.79989
0.070688
-0.03875
-0.4985
0.5
0.438702
0.621253
0.552978
3.86929
0.070688
0
0
1
0.477353
0.615811
0.737919
3.85847
-0.199345
0.0014
-0.57355
-0.394875
0.753763
0.650042
0.737919
3.78637
-0.187336
0.00205
-0.582475
-0.492825
0.713107
0.650061
0.563965
3.79989
-0.187336
-0.0762667
-0.456667
-0.651467
0.720649
0.736215
0.552978
3.86929
-0.199345
-0.064275
-0.584975
-0.4028
0.759809
0.741638
0.737919
4.48786
-0.247381
-0.0103667
-0.034
-0.9982
0.623748
0.248993
0.524012
4.48786
-0.247381
-0.024025
0.052675
-0.981175
0.623748
0.143046
0.5345
4.82614
-0.266238
0.139075
0.418925
-0.497825
0.435135
0.148245
0.737919
4.68283
-0.247381
-0.0111
0.380875
-0.49865
0.515655
0.248999
0.306444
4.44621
-0.247381
-0.354567
0.48
-0.311133
0.025662
0.212149
0.306444
4.44621
0.070688
-0.9962
0.0875
0
0.215561
0.212166
0.310104
4.48786
0.070688
-0.98645
-0.06355
0
0.215574
0.189515
0.310104
4.48786
-0.21631
-0.52545
0.0299
-0.481475
0.044226
0.1895
0.310104
4.48786
-0.21631
-0.52545
0.0299
-0.481475
0.044226
0.1895
0.310104
4.48786
0.070688
-0.98645
-0.06355
0
0.215574
0.189515
0.235192
4.82884
0.070688
-0.48385
0.3927
0
0.21552
1.7e-05
0.235192
4.82884
-0.26586
-0.343033
0.226533
-0.330833
0.014588
0
0.737919
3.85847
0.070688
0
0
1
0.47133
0.707411
0.737919
3.78637
0.070688
0.0024
-0.664467
0.333333
0.431173
0.707411
0.896891
3.79989
0.070688
0.04235
-0.4982
0.5
0.438702
0.786149
0.908877
3.86929
0.070688
0
0
1
0.477353
0.792085
0.737919
3.78637
0.070688
0.0024
-0.664467
0.333333
0.369399
0.733816
0.737919
3.78637
-0.187336
0.00205
-0.582475
-0.492825
0.215574
0.733826
0.896891
3.79989
-0.187336
0.0765
-0.456933
-0.6517
0.215982
0.812573
0.896891
3.79989
0.070688
0.04235
-0.4982
0.5
0.369807
0.812563
1.14076
4.48786
-0.211581
0.538475
0.041025
-0.4744
0.625775
0.448532
0.939341
4.48786
-0.247381
0.0282
0.045775
-0.97335
0.623748
0.348756
0.941838
4.83154
-0.283265
-0.13675
0.39805
-0.494975
0.431173
0.34999
1.20569
4.82884
-0.273304
0.362833
0.221067
-0.328033
0.433236
0.480676
1.14503
4.44621
-0.247381
0.358533
0.500267
-0.3045
0.646843
0.450632
0.941477
4.44621
-0.247381
0.0269333
0.466267
-0.637833
0.646843
0.349812
0.939341
4.48786
-0.247381
0.0282
0.045775
-0.97335
0.623748
0.348756
1.14076
4.48786
-0.211581
0.538475
0.041025
-0.4744
0.625775
0.448532
1.07983
3.88011
-0.179401
0.5174
-0.465575
-0.193675
0.764533
0.480679
1.05586
3.81341
-0.167392
0.386067
-0.513567
-0.323167
0.726882
0.49257
0.896891
3.79989
-0.187336
0.0765
-0.456933
-0.6517
0.720559
0.571319
0.908877
3.86929
-0.199345
0.06505
-0.584975
-0.4016
0.759713
0.565364
1.20569
4.82884
0.070688
0.4963
0.40645
0
0.857759
0
1.20569
4.82884
-0.273304
0.362833
0.221067
-0.328033
0.652701
0
0.941838
4.83154
-0.283265
-0.13675
0.39805
-0.494975
0.646843
0.130684
0.941838
4.83154
0.070688
-0.2895
0.90395
0
0.857838
0.130684
1.17572
4.14689
-0.1942
0.570825
-0.2216
-0.4611
0.891768
0.443576
0.956821
4.14689
-0.247381
0.087125
-0.2044
-0.957575
0.888756
0.335135
0.953962
4.20266
-0.247381
0.0367
-0.473633
-0.633467
0.857838
0.333721
1.17
4.20266
-0.247381
0.3683
-0.439633
-0.300133
0.857838
0.440726
0.51148
4.20266
-0.247381
-0.0350667
-0.474133
-0.633433
0.430193
0.673672
0.51148
4.20266
-0.29023
0
-0.5
-0.5
0.404648
0.673674
0.737919
4.20266
-0.29023
0
-0.5
-0.5
0.404648
0.785828
0.737919
4.20266
-0.247381
0
-0.5
-0.5
0.430193
0.785826
1.16501
4.25137
-0.237923
0.346433
0.368467
-0.333
1
0.877302
0.951465
4.25137
-0.247381
0.0148333
0.334467
-0.666333
0.999595
0.771531
0.948968
4.30008
-0.247381
0.0148333
-0.3322
-0.666333
0.97259
0.770263
1.16002
4.30008
-0.237923
0.346433
-0.2982
-0.333
0.972997
0.874798
1.17
4.20266
-0.247381
0.3683
-0.439633
-0.300133
0.241157
0.217492
1.17
4.20266
-0.29023
0.3316
-0.299333
-0.333333
0.215574
0.217496
1.16501
4.25137
-0.29023
0.3316
0.367333
-0.333333
0.215594
0.243951
1.16501
4.25137
-0.237923
0.346433
0.368467
-0.333
0.246824
0.243948
1.15502
4.34879
-0.237923
0.3468
0.3685
-0.333
0.088847
0.986223
0.946471
4.34879
-0.247381
0.0152
0.3345
-0.666333
0.088442
0.882924
0.943974
4.3975
-0.247381
0.0152
-0.332167
-0.666333
0.061437
0.881656
1.15003
4.3975
-0.237923
0.3468
-0.298167
-0.333
0.061844
0.983718
1.15502
4.34879
-0.237923
0.3468
0.3685
-0.333
0.941409
0.868112
1.15502
4.34879
-0.29023
0.3316
0.367333
-0.333333
0.97259
0.868111
0.946471
4.34879
-0.29023
0
0.5
-0.5
0.97259
0.764817
0.946471
4.34879
-0.247381
0.0152
0.3345
-0.666333
0.947047
0.764818
0.280139
4.14689
-0.1942
-0.569575
-0.217525
-0.462125
0.057316
0.374911
0.280139
4.14689
0.070688
-0.648667
-0.0751333
0.333333
0.215463
0.374924
0.28504
4.20266
0.070688
-0.9962
0.0875
0
0.215481
0.344601
0.28504
4.20266
-0.247381
-0.367133
-0.444967
-0.3001
0.025583
0.344585
0.28504
4.20266
-0.247381
-0.367133
-0.444967
-0.3001
0.025583
0.344585
0.28504
4.20266
0.070688
-0.9962
0.0875
0
0.215481
0.344601
0.289321
4.25137
0.070688
-0.9962
0.0875
0
0.215497
0.318114
0.289321
4.25137
-0.247381
-0.332067
0.3625
-0.333333
0.025598
0.318098
0.289321
4.25137
-0.247381
-0.332067
0.3625
-0.333333
0.025598
0.318098
0.289321
4.25137
0.070688
-0.9962
0.0875
0
0.215497
0.318114
0.293602
4.30008
0.070688
-0.9962
0.0875
0
0.215513
0.291627
0.293601
4.30008
-0.247381
-0.332067
-0.304167
-0.333333
0.025614
0.291611
0.293601
4.30008
-0.247381
-0.332067
-0.304167
-0.333333
0.025614
0.291611
0.293602
4.30008
0.070688
-0.9962
0.0875
0
0.215513
0.291627
0.297882
4.34879
0.070688
-0.9962
0.0875
0
0.215529
0.26514
0.297882
4.34879
-0.247381
-0.332067
0.3625
-0.333333
0.02563
0.265123
0.297882
4.34879
-0.247381
-0.332067
0.3625
-0.333333
0.02563
0.265123
0.297882
4.34879
0.070688
-0.9962
0.0875
0
0.215529
0.26514
0.302163
4.3975
0.070688
-0.9962
0.0875
0
0.215545
0.238653
0.302163
4.3975
-0.247381
-0.332067
-0.304167
-0.333333
0.025646
0.238636
0.302163
4.3975
-0.247381
-0.332067
-0.304167
-0.333333
0.025646
0.238636
0.302163
4.3975
0.070688
-0.9962
0.0875
0
0.215545
0.238653
0.306444
4.44621
0.070688
-0.9962
0.0875
0
0.215561
0.212166
0.306444
4.44621
-0.247381
-0.354567
0.48
-0.311133
0.025662
0.212149
1.17572
4.14689
0.070688
0.6453
-0.0787333
0.333333
0.431032
0.187182
1.17572
4.14689
-0.1942
0.570825
-0.2216
-0.4611
0.272885
0.187201
1.17
4.20266
-0.247381
0.3683
-0.439633
-0.300133
0.241157
0.217492
1.17
4.20266
0.070688
0.9948
0.102
0
0.431055
0.21747
1.17
4.20266
0.070688
0.9948
0.102
0
0.431055
0.21747
1.17
4.20266
-0.247381
0.3683
-0.439633
-0.300133
0.241157
0.217492
1.16501
4.25137
-0.237923
0.346433
0.368467
-0.333
0.246824
0.243948
1.16501
4.25137
0.070688
0.9948
0.102
0
0.431075
0.243926
1.16501
4.25137
0.070688
0.9948
0.102
0
0.431075
0.243926
1.16501
4.25137
-0.237923
0.346433
0.368467
-0.333
0.246824
0.243948
1.16002
4.30008
-0.237923
0.346433
-0.2982
-0.333
0.246844
0.270403
1.16002
4.30008
0.070688
0.9948
0.102
0
0.431095
0.270381
1.16002
4.30008
0.070688
0.9948
0.102
0
0.431095
0.270381
1.16002
4.30008
-0.237923
0.346433
-0.2982
-0.333
0.246844
0.270403
1.15502
4.34879
-0.237923
0.3468
0.3685
-0.333
0.246864
0.296859
1.15502
4.34879
0.070688
0.9948
0.102
0
0.431115
0.296837
1.15502
4.34879
0.070688
0.9948
0.102
0
0.431115
0.296837
1.15502
4.34879
-0.237923
0.3468
0.3685
-0.333
0.246864
0.296859
1.15003
4.3975
-0.237923
0.3468
-0.298167
-0.333
0.246884
0.323315
1.15003
4.3975
0.070688
0.9948
0.102
0
0.431136
0.323293
1.15003
4.3975
0.070688
0.9948
0.102
0
0.431136
0.323293
1.15003
4.3975
-0.237923
0.3468
-0.298167
-0.333
0.246884
0.323315
1.14503
4.44621
-0.247381
0.358533
0.500267
-0.3045
0.241257
0.349771
1.14503
4.44621
0.070688
0.9948
0.102
0
0.431156
0.349749
0.956821
4.14689
-0.247381
0.087125
-0.2044
-0.957575
0.888756
0.335135
0.737919
4.14689
-0.247381
3.33334e-05
-0.1116
-0.9906
0.888756
0.226715
0.737919
4.20266
-0.247381
0
-0.5
-0.5
0.857838
0.226717
0.953962
4.20266
-0.247381
0.0367
-0.473633
-0.633467
0.857838
0.333721
0.522182
4.44621
-0.247381
-0.0225
0.450833
-0.644467
0.14286
0.668538
0.522182
4.44621
-0.29023
0
0.5
-0.5
0.168403
0.668537
0.306444
4.44621
-0.29023
-0.332067
0.3625
-0.333333
0.168403
0.561683
0.306444
4.44621
-0.247381
-0.354567
0.48
-0.311133
0.14286
0.561684
0.951465
4.25137
-0.247381
0.0148333
0.334467
-0.666333
0.999595
0.771531
0.737919
4.25137
-0.247381
0
0.5
-0.5
0.999726
0.665763
0.737919
4.30008
-0.247381
0
-0.5
-0.5
0.972719
0.665732
0.948968
4.30008
-0.247381
0.0148333
-0.3322
-0.666333
0.97259
0.770263
0.948968
4.30008
-0.247381
0.0148333
-0.3322
-0.666333
0.954978
0.324598
0.948968
4.30008
-0.29023
0
-0.5
-0.5
0.929433
0.324598
1.16002
4.30008
-0.29023
0.3316
-0.299333
-0.333333
0.929425
0.429129
1.16002
4.30008
-0.237923
0.346433
-0.2982
-0.333
0.960609
0.429129
0.946471
4.34879
-0.247381
0.0152
0.3345
-0.666333
0.088442
0.882924
0.737919
4.34879
-0.247381
0
0.5
-0.5
0.088572
0.77963
0.737919
4.3975
-0.247381
0
-0.5
-0.5
0.061566
0.779599
0.943974
4.3975
-0.247381
0.0152
-0.332167
-0.666333
0.061437
0.881656
1.16002
4.30008
-0.237923
0.346433
-0.2982
-0.333
0.246844
0.270403
1.16002
4.30008
-0.29023
0.3316
-0.299333
-0.333333
0.215614
0.270407
1.15502
4.34879
-0.29023
0.3316
0.367333
-0.333333
0.215634
0.296863
1.15502
4.34879
-0.237923
0.3468
0.3685
-0.333
0.246864
0.296859
0.509029
4.14689
-0.247381
-0.083325
-0.203025
-0.9586
0.888756
0.113347
0.280139
4.14689
-0.1942
-0.569575
-0.217525
-0.462125
0.891768
0
0.28504
4.20266
-0.247381
-0.367133
-0.444967
-0.3001
0.857838
0.002409
0.51148
4.20266
-0.247381
-0.0350667
-0.474133
-0.633433
0.857838
0.114563
0.302163
4.3975
-0.247381
-0.332067
-0.304167
-0.333333
0.966217
0.419941
0.302163
4.3975
-0.29023
-0.332067
-0.304167
-0.333333
0.991763
0.419941
0.520041
4.3975
-0.29023
0
-0.5
-0.5
0.99177
0.312028
0.520041
4.3975
-0.247381
0
-0.5
-0.5
0.966225
0.312028
0.51362
4.25137
-0.247381
0
0.5
-0.5
0.999863
0.554669
0.289321
4.25137
-0.247381
-0.332067
0.3625
-0.333333
1
0.443576
0.293601
4.30008
-0.247381
-0.332067
-0.304167
-0.333333
0.972991
0.445665
0.51576
4.30008
-0.247381
0
-0.5
-0.5
0.972855
0.555699
1.16501
4.25137
-0.237923
0.346433
0.368467
-0.333
0.910228
0.8773
1.16501
4.25137
-0.29023
0.3316
0.367333
-0.333333
0.941409
0.877299
0.951465
4.25137
-0.29023
0
0.5
-0.5
0.941409
0.771531
0.951465
4.25137
-0.247381
0.0148333
0.334467
-0.666333
0.915866
0.771532
0.517901
4.34879
-0.247381
0
0.5
-0.5
0.08871
0.670657
0.297882
4.34879
-0.247381
-0.332067
0.3625
-0.333333
0.088847
0.561683
0.302163
4.3975
-0.247381
-0.332067
-0.304167
-0.333333
0.061838
0.563772
0.520041
4.3975
-0.247381
0
-0.5
-0.5
0.061702
0.671686
0.517901
4.34879
-0.247381
0
0.5
-0.5
0.947047
0.55255
0.517901
4.34879
-0.29023
0
0.5
-0.5
0.97259
0.552549
0.297882
4.34879
-0.29023
-0.332067
0.3625
-0.333333
0.97259
0.443576
0.297882
4.34879
-0.247381
-0.332067
0.3625
-0.333333
0.947047
0.443577
0.737919
4.14689
-0.247381
3.33334e-05
-0.1116
-0.9906
0.888756
0.226715
0.509029
4.14689
-0.247381
-0.083325
-0.203025
-0.9586
0.888756
0.113347
0.51148
4.20266
-0.247381
-0.0350667
-0.474133
-0.633433
0.857838
0.114563
0.737919
4.20266
-0.247381
0
-0.5
-0.5
0.857838
0.226717
0.953962
4.20266
-0.247381
0.0367
-0.473633
-0.633467
0.430194
0.892831
0.953962
4.20266
-0.29023
0
-0.5
-0.5
0.404648
0.892832
1.17
4.20266
-0.29023
0.3316
-0.299333
-0.333333
0.404648
0.999837
1.17
4.20266
-0.247381
0.3683
-0.439633
-0.300133
0.430193
0.999835
0.737919
4.25137
-0.247381
0
0.5
-0.5
0.999726
0.665763
0.51362
4.25137
-0.247381
0
0.5
-0.5
0.999863
0.554669
0.51576
4.30008
-0.247381
0
-0.5
-0.5
0.972855
0.555699
0.737919
4.30008
-0.247381
0
-0.5
-0.5
0.972719
0.665732
1.15003
4.3975
-0.237923
0.3468
-0.298167
-0.333
0.246884
0.323315
1.15003
4.3975
-0.29023
0.3316
-0.299333
-0.333333
0.215654
0.323319
1.14503
4.44621
-0.29023
0.3316
0.367333
-0.333333
0.215675
0.349774
1.14503
4.44621
-0.247381
0.358533
0.500267
-0.3045
0.241257
0.349771
0.737919
4.34879
-0.247381
0
0.5
-0.5
0.088572
0.77963
0.517901
4.34879
-0.247381
0
0.5
-0.5
0.08871
0.670657
0.520041
4.3975
-0.247381
0
-0.5
-0.5
0.061702
0.671686
0.737919
4.3975
-0.247381
0
-0.5
-0.5
0.061566
0.779599
0.293601
4.30008
-0.247381
-0.332067
-0.304167
-0.333333
0.955001
0
0.293601
4.30008
-0.29023
-0.332067
-0.304167
-0.333333
0.929456
0
0.51576
4.30008
-0.29023
0
-0.5
-0.5
0.929448
0.110034
0.51576
4.30008
-0.247381
0
-0.5
-0.5
0.954993
0.110034
1.17
4.20266
-0.29023
0.3316
-0.299333
-0.333333
0.034431
0.561683
0.953962
4.20266
-0.29023
0
-0.5
-0.5
0.034431
0.668688
0.951465
4.25137
-0.29023
0
0.5
-0.5
0.061437
0.669923
1.16501
4.25137
-0.29023
0.3316
0.367333
-0.333333
0.061437
0.564155
1.16002
4.30008
-0.29023
0.3316
-0.299333
-0.333333
0.088847
0.561683
0.948968
4.30008
-0.29023
0
-0.5
-0.5
0.088847
0.666214
0.946471
4.34879
-0.29023
0
0.5
-0.5
0.115853
0.667449
1.15502
4.34879
-0.29023
0.3316
0.367333
-0.333333
0.115853
0.564155
1.15003
4.3975
-0.29023
0.3316
-0.299333
-0.333333
0.14286
0.981625
0.943974
4.3975
-0.29023
0
-0.5
-0.5
0.14286
0.879568
0.941477
4.44621
-0.29023
0
0.5
-0.5
0.115853
0.878332
1.14503
4.44621
-0.29023
0.3316
0.367333
-0.333333
0.115853
0.979153
0.953962
4.20266
-0.29023
0
-0.5
-0.5
0.034431
0.668688
0.737919
4.20266
-0.29023
0
-0.5
-0.5
0.034431
0.775692
0.737919
4.25137
-0.29023
0
0.5
-0.5
0.061437
0.775691
0.951465
4.25137
-0.29023
0
0.5
-0.5
0.061437
0.669923
0.948968
4.30008
-0.29023
0
-0.5
-0.5
0.088847
0.666214
0.737919
4.30008
-0.29023
0
-0.5
-0.5
0.088847
0.770745
0.737919
4.34879
-0.29023
0
0.5
-0.5
0.115853
0.770744
0.946471
4.34879
-0.29023
0
0.5
-0.5
0.115853
0.667449
0.943974
4.3975
-0.29023
0
-0.5
-0.5
0.14286
0.879568
0.737919
4.3975
-0.29023
0
-0.5
-0.5
0.14286
0.77751
0.737919
4.44621
-0.29023
0
0.5
-0.5
0.115853
0.777512
0.941477
4.44621
-0.29023
0
0.5
-0.5
0.115853
0.878332
0.51148
4.20266
-0.29023
0
-0.5
-0.5
0.034431
0.887846
0.28504
4.20266
-0.29023
-0.332067
-0.304167
-0.333333
0.034431
1
0.289321
4.25137
-0.29023
-0.332067
0.3625
-0.333333
0.061437
0.997878
0.51362
4.25137
-0.29023
0
0.5
-0.5
0.061437
0.886784
0.51576
4.30008
-0.29023
0
-0.5
-0.5
0.088847
0.880779
0.293601
4.30008
-0.29023
-0.332067
-0.304167
-0.333333
0.088847
0.990813
0.297882
4.34879
-0.29023
-0.332067
0.3625
-0.333333
0.115853
0.988691
0.517901
4.34879
-0.29023
0
0.5
-0.5
0.115853
0.879717
0.520041
4.3975
-0.29023
0
-0.5
-0.5
0.14286
0.669597
0.302163
4.3975
-0.29023
-0.332067
-0.304167
-0.333333
0.14286
0.561683
0.306444
4.44621
-0.29023
-0.332067
0.3625
-0.333333
0.115853
0.563805
0.522182
4.44621
-0.29023
0
0.5
-0.5
0.115853
0.670659
0.737919
4.20266
-0.29023
0
-0.5
-0.5
0.034431
0.775692
0.51148
4.20266
-0.29023
0
-0.5
-0.5
0.034431
0.887846
0.51362
4.25137
-0.29023
0
0.5
-0.5
0.061437
0.886784
0.737919
4.25137
-0.29023
0
0.5
-0.5
0.061437
0.775691
0.737919
4.30008
-0.29023
0
-0.5
-0.5
0.088847
0.770745
0.51576
4.30008
-0.29023
0
-0.5
-0.5
0.088847
0.880779
0.517901
4.34879
-0.29023
0
0.5
-0.5
0.115853
0.879717
0.737919
4.34879
-0.29023
0
0.5
-0.5
0.115853
0.770744
0.737919
4.3975
-0.29023
0
-0.5
-0.5
0.14286
0.77751
0.520041
4.3975
-0.29023
0
-0.5
-0.5
0.14286
0.669597
0.522182
4.44621
-0.29023
0
0.5
-0.5
0.115853
0.670659
0.737919
4.44621
-0.29023
0
0.5
-0.5
0.115853
0.777512
0.943974
4.3975
-0.247381
0.0152
-0.332167
-0.666333
0.96624
0.102057
0.943974
4.3975
-0.29023
0
-0.5
-0.5
0.991785
0.102057
1.15003
4.3975
-0.29023
0.3316
-0.299333
-0.333333
0.991793
0
1.15003
4.3975
-0.237923
0.3468
-0.298167
-0.333
0.960609
0
0.737919
4.25137
-0.247381
0
0.5
-0.5
0.915866
0.665764
0.737919
4.25137
-0.29023
0
0.5
-0.5
0.941409
0.665763
0.51362
4.25137
-0.29023
0
0.5
-0.5
0.941409
0.55467
0.51362
4.25137
-0.247381
0
0.5
-0.5
0.915866
0.55467
0.737919
4.20266
-0.247381
0
-0.5
-0.5
0.430193
0.785826
0.737919
4.20266
-0.29023
0
-0.5
-0.5
0.404648
0.785828
0.953962
4.20266
-0.29023
0
-0.5
-0.5
0.404648
0.892832
0.953962
4.20266
-0.247381
0.0367
-0.473633
-0.633467
0.430194
0.892831
1.14503
4.44621
-0.247381
0.358533
0.500267
-0.3045
0.14286
0.977032
1.14503
4.44621
-0.29023
0.3316
0.367333
-0.333333
0.168403
0.977031
0.941477
4.44621
-0.29023
0
0.5
-0.5
0.168403
0.876211
0.941477
4.44621
-0.247381
0.0269333
0.466267
-0.637833
0.14286
0.876212
0.51576
4.30008
-0.247381
0
-0.5
-0.5
0.954993
0.110034
0.51576
4.30008
-0.29023
0
-0.5
-0.5
0.929448
0.110034
0.737919
4.30008
-0.29023
0
-0.5
-0.5
0.92944
0.220067
0.737919
4.30008
-0.247381
0
-0.5
-0.5
0.954985
0.220067
0.289321
4.25137
-0.247381
-0.332067
0.3625
-0.333333
0.025598
0.318098
0.289321
4.25137
-0.29023
-0.332067
0.3625
-0.333333
1.6e-05
0.318095
0.28504
4.20266
-0.29023
-0.332067
-0.304167
-0.333333
0
0.344582
0.28504
4.20266
-0.247381
-0.367133
-0.444967
-0.3001
0.025583
0.344585
0.951465
4.25137
-0.247381
0.0148333
0.334467
-0.666333
0.915866
0.771532
0.951465
4.25137
-0.29023
0
0.5
-0.5
0.941409
0.771531
0.737919
4.25137
-0.29023
0
0.5
-0.5
0.941409
0.665763
0.737919
4.25137
-0.247381
0
0.5
-0.5
0.915866
0.665764
0.737919
4.34879
-0.247381
0
0.5
-0.5
0.947047
0.661524
0.737919
4.34879
-0.29023
0
0.5
-0.5
0.97259
0.661523
0.517901
4.34879
-0.29023
0
0.5
-0.5
0.97259
0.552549
0.517901
4.34879
-0.247381
0
0.5
-0.5
0.947047
0.55255
0.737919
4.30008
-0.247381
0
-0.5
-0.5
0.954985
0.220067
0.737919
4.30008
-0.29023
0
-0.5
-0.5
0.92944
0.220067
0.948968
4.30008
-0.29023
0
-0.5
-0.5
0.929433
0.324598
0.948968
4.30008
-0.247381
0.0148333
-0.3322
-0.666333
0.954978
0.324598
0.520041
4.3975
-0.247381
0
-0.5
-0.5
0.966225
0.312028
0.520041
4.3975
-0.29023
0
-0.5
-0.5
0.99177
0.312028
0.737919
4.3975
-0.29023
0
-0.5
-0.5
0.991778
0.204115
0.737919
4.3975
-0.247381
0
-0.5
-0.5
0.966233
0.204115
0.297882
4.34879
-0.247381
-0.332067
0.3625
-0.333333
0.02563
0.265123
0.297882
4.34879
-0.29023
-0.332067
0.3625
-0.333333
4.8e-05
0.265121
0.293601
4.30008
-0.29023
-0.332067
-0.304167
-0.333333
3.2e-05
0.291608
0.293601
4.30008
-0.247381
-0.332067
-0.304167
-0.333333
0.025614
0.291611
0.946471
4.34879
-0.247381
0.0152
0.3345
-0.666333
0.947047
0.764818
0.946471
4.34879
-0.29023
0
0.5
-0.5
0.97259
0.764817
0.737919
4.34879
-0.29023
0
0.5
-0.5
0.97259
0.661523
0.737919
4.34879
-0.247381
0
0.5
-0.5
0.947047
0.661524
0.737919
4.44621
-0.247381
0
0.5
-0.5
0.14286
0.775391
0.737919
4.44621
-0.29023
0
0.5
-0.5
0.168403
0.77539
0.522182
4.44621
-0.29023
0
0.5
-0.5
0.168403
0.668537
0.522182
4.44621
-0.247381
-0.0225
0.450833
-0.644467
0.14286
0.668538
0.737919
4.3975
-0.247381
0
-0.5
-0.5
0.966233
0.204115
0.737919
4.3975
-0.29023
0
-0.5
-0.5
0.991778
0.204115
0.943974
4.3975
-0.29023
0
-0.5
-0.5
0.991785
0.102057
0.943974
4.3975
-0.247381
0.0152
-0.332167
-0.666333
0.96624
0.102057
0.306444
4.44621
-0.247381
-0.354567
0.48
-0.311133
0.025662
0.212149
0.306444
4.44621
-0.29023
-0.332067
0.3625
-0.333333
7.9e-05
0.212147
0.302163
4.3975
-0.29023
-0.332067
-0.304167
-0.333333
6.3e-05
0.238634
0.302163
4.3975
-0.247381
-0.332067
-0.304167
-0.333333
0.025646
0.238636
0.941477
4.44621
-0.247381
0.0269333
0.466267
-0.637833
0.14286
0.876212
0.941477
4.44621
-0.29023
0
0.5
-0.5
0.168403
0.876211
0.737919
4.44621
-0.29023
0
0.5
-0.5
0.168403
0.77539
0.737919
4.44621
-0.247381
0
0.5
-0.5
0.14286
0.775391
0.28504
4.20266
-0.247381
-0.367133
-0.444967
-0.3001
0.430193
0.561519
0.28504
4.20266
-0.29023
-0.332067
-0.304167
-0.333333
0.404648
0.56152
0.51148
4.20266
-0.29023
0
-0.5
-0.5
0.404648
0.673674
0.51148
4.20266
-0.247381
-0.0350667
-0.474133
-0.633433
0.430193
0.673672
0.51362
4.25137
-0.247381
0
0.5
-0.5
0.915866
0.55467
0.51362
4.25137
-0.29023
0
0.5
-0.5
0.941409
0.55467
0.289321
4.25137
-0.29023
-0.332067
0.3625
-0.333333
0.941409
0.443576
0.289321
4.25137
-0.247381
-0.332067
0.3625
-0.333333
0.915866
0.443577
1.17572
4.14689
-0.1942
0.570825
-0.2216
-0.4611
0.891768
0.443576
1.15175
4.08019
-0.182191
0.5299
0.021525
-0.255675
0.929425
0.431705
0.944835
4.07749
-0.235372
0.05675
0.394375
-0.55945
0.927912
0.329201
0.956821
4.14689
-0.247381
0.087125
-0.2044
-0.957575
0.888756
0.335135
1.15175
4.08019
-0.182191
0.5299
0.021525
-0.255675
0.910228
0.443582
1.15176
4.07338
-0.269441
0.3149
0.159633
-0.354433
0.858006
0.443576
0.944845
4.07067
-0.269441
-0.001125
0.407975
-0.569575
0.857922
0.546059
0.944835
4.07749
-0.235372
0.05675
0.394375
-0.55945
0.878443
0.546065
1.12778
4.0135
-0.203419
0.5026
-0.466775
-0.19685
0.713107
0.480679
1.10381
3.9468
-0.19141
0.489525
0.02935
-0.271075
0.675454
0.492568
0.920863
3.93869
-0.211354
0.00925
0.39965
-0.57705
0.67213
0.583188
0.932849
4.00809
-0.223363
0.040675
-0.5842
-0.4025
0.711285
0.577235
1.07983
3.88011
-0.179401
0.5174
-0.465575
-0.193675
0.281832
0.037454
1.07984
3.87329
-0.233414
0.335167
-0.498067
-0.263167
0.249583
0.033728
1.10382
3.93998
-0.245423
0.3055
0.160067
-0.365067
0.242385
0.071165
1.10381
3.9468
-0.19141
0.489525
0.02935
-0.271075
0.274634
0.074892
0.737919
4.14689
0.070688
0
0
1
0.631958
0.707411
0.737919
4.07479
0.070688
0
0
1
0.591801
0.707411
0.944835
4.07749
0.070688
0
0
1
0.593307
0.809895
0.956821
4.14689
0.070688
0
0
1
0.631958
0.815832
0.737919
4.07479
0.070688
0
0
1
0.591801
0.707411
0.737919
4.00268
0.070688
0
0
1
0.551644
0.707411
0.932849
4.00809
0.070688
0
0
1
0.554656
0.803959
0.944835
4.07749
0.070688
0
0
1
0.593307
0.809895
0.737919
4.00268
0.070688
0
0
1
0.551644
0.707411
0.737919
3.93058
0.070688
0
0
1
0.511487
0.707411
0.920863
3.93869
0.070688
0
0
1
0.516004
0.798022
0.932849
4.00809
0.070688
0
0
1
0.554656
0.803959
0.737919
3.93058
0.070688
0
0
1
0.511487
0.707411
0.737919
3.85847
0.070688
0
0
1
0.47133
0.707411
0.908877
3.86929
0.070688
0
0
1
0.477353
0.792085
0.920863
3.93869
0.070688
0
0
1
0.516004
0.798022
0.737919
4.14689
-0.247381
3.33334e-05
-0.1116
-0.9906
0.888756
0.226715
0.737919
4.07479
-0.235372
-0.000125
0.40655
-0.59105
0.929412
0.226717
0.520017
4.07749
-0.235372
-0.0543
0.396125
-0.5605
0.927912
0.118791
0.509029
4.14689
-0.247381
-0.083325
-0.203025
-0.9586
0.888756
0.113347
0.541991
3.93869
-0.211354
-0.01305
0.400025
-0.575425
0.384128
0.658598
0.542001
3.93187
-0.245423
0.01395
0.40615
-0.578425
0.404648
0.658657
0.346073
3.93998
-0.245423
-0.3092
0.168667
-0.365167
0.404648
0.561612
0.346062
3.9468
-0.188014
-0.497025
0.0421
-0.270875
0.370214
0.561519
0.737919
4.00268
-0.223363
0.0005
-0.574
-0.3948
0.708333
0.673784
0.737919
3.93058
-0.211354
-0.0006
0.40595
-0.59095
0.667677
0.673801
0.541991
3.93869
-0.211354
-0.01305
0.400025
-0.575425
0.672221
0.770841
0.531004
4.00809
-0.223363
-0.042025
-0.58435
-0.40365
0.711381
0.776266
0.737919
4.00268
-0.223363
0.0005
-0.574
-0.3948
0.647161
0.673814
0.73793
3.99586
-0.257432
0.00045
-0.5739
-0.394825
0.667677
0.673781
0.932859
4.00127
-0.257432
0.013425
-0.577625
-0.4053
0.66736
0.57723
0.932849
4.00809
-0.223363
0.040675
-0.5842
-0.4025
0.646844
0.577263
0.280139
4.14689
0.070688
-0.648667
-0.0751333
0.333333
0.631958
0.480676
0.302114
4.08019
0.070688
-0.4749
-0.15645
0.5
0.594812
0.49156
0.520017
4.07749
0.070688
0
0
1
0.593307
0.599486
0.509029
4.14689
0.070688
0
0
1
0.631958
0.594044
0.302114
4.08019
0.070688
-0.4749
-0.15645
0.5
0.594812
0.49156
0.324088
4.0135
0.070688
-0.4749
-0.15645
0.5
0.557667
0.502444
0.531004
4.00809
0.070688
0
0
1
0.554656
0.604928
0.520017
4.07749
0.070688
0
0
1
0.593307
0.599486
0.324088
4.0135
0.070688
-0.4749
-0.15645
0.5
0.557667
0.502444
0.346062
3.9468
0.070688
-0.4749
-0.15645
0.5
0.520522
0.513327
0.541991
3.93869
0.070688
0
0
1
0.516004
0.610369
0.531004
4.00809
0.070688
0
0
1
0.554656
0.604928
0.346062
3.9468
0.070688
-0.4749
-0.15645
0.5
0.520522
0.513327
0.368037
3.88011
0.070688
-0.4749
-0.15645
0.5
0.483377
0.524211
0.552978
3.86929
0.070688
0
0
1
0.477353
0.615811
0.541991
3.93869
0.070688
0
0
1
0.516004
0.610369
0.956821
4.14689
0.070688
0
0
1
0.631958
0.815832
0.944835
4.07749
0.070688
0
0
1
0.593307
0.809895
1.15175
4.08019
0.070688
0.47055
-0.1691
0.5
0.594812
0.912379
1.17572
4.14689
0.070688
0.6453
-0.0787333
0.333333
0.631958
0.924252
0.944835
4.07749
0.070688
0
0
1
0.593307
0.809895
0.932849
4.00809
0.070688
0
0
1
0.554656
0.803959
1.12778
4.0135
0.070688
0.47055
-0.1691
0.5
0.557667
0.900506
1.15175
4.08019
0.070688
0.47055
-0.1691
0.5
0.594812
0.912379
0.932849
4.00809
0.070688
0
0
1
0.554656
0.803959
0.920863
3.93869
0.070688
0
0
1
0.516004
0.798022
1.10381
3.9468
0.070688
0.47055
-0.1691
0.5
0.520522
0.888633
1.12778
4.0135
0.070688
0.47055
-0.1691
0.5
0.557667
0.900506
0.920863
3.93869
0.070688
0
0
1
0.516004
0.798022
0.908877
3.86929
0.070688
0
0
1
0.477353
0.792085
1.07983
3.88011
0.070688
0.47055
-0.1691
0.5
0.483377
0.87676
1.10381
3.9468
0.070688
0.47055
-0.1691
0.5
0.520522
0.888633
0.509029
4.14689
-0.247381
-0.083325
-0.203025
-0.9586
0.888756
0.113347
0.520017
4.07749
-0.235372
-0.0543
0.396125
-0.5605
0.927912
0.118791
0.302114
4.08019
-0.182191
-0.5318
0.03615
-0.2576
0.929425
0.010886
0.280139
4.14689
-0.1942
-0.569575
-0.217525
-0.462125
0.891768
0
0.324088
4.0135
-0.200022
-0.508925
-0.45405
-0.198875
0.633246
0.878796
0.324098
4.00668
-0.257432
-0.323267
-0.492467
-0.269233
0.667677
0.878741
0.531014
4.00127
-0.257432
-0.0124
-0.577825
-0.406725
0.667677
0.776261
0.531004
4.00809
-0.223363
-0.042025
-0.58435
-0.40365
0.647161
0.776294
0.531004
4.00809
-0.223363
-0.042025
-0.58435
-0.40365
0.711381
0.776266
0.541991
3.93869
-0.211354
-0.01305
0.400025
-0.575425
0.672221
0.770841
0.346062
3.9468
-0.188014
-0.497025
0.0421
-0.270875
0.675443
0.867872
0.324088
4.0135
-0.200022
-0.508925
-0.45405
-0.198875
0.713107
0.87874
0.346062
3.9468
-0.188014
-0.497025
0.0421
-0.270875
0.061075
0.486966
0.346073
3.93998
-0.245423
-0.3092
0.168667
-0.365167
0.026799
0.490695
0.368047
3.87329
-0.233414
-0.3361
-0.490167
-0.266933
0.03399
0.528047
0.368037
3.88011
-0.176005
-0.522325
-0.4531
-0.196275
0.068267
0.524319
0.280139
4.14689
-0.1942
-0.569575
-0.217525
-0.462125
0.057316
0.374911
0.302114
4.08019
-0.182191
-0.5318
0.03615
-0.2576
0.064507
0.412263
0.302114
4.08019
0.070688
-0.4749
-0.15645
0.5
0.215485
0.412276
0.280139
4.14689
0.070688
-0.648667
-0.0751333
0.333333
0.215463
0.374924
0.302114
4.08019
-0.182191
-0.5318
0.03615
-0.2576
0.064507
0.412263
0.324088
4.0135
-0.200022
-0.508925
-0.45405
-0.198875
0.053883
0.449614
0.324088
4.0135
0.070688
-0.4749
-0.15645
0.5
0.215508
0.449628
0.302114
4.08019
0.070688
-0.4749
-0.15645
0.5
0.215485
0.412276
0.324088
4.0135
-0.200022
-0.508925
-0.45405
-0.198875
0.053883
0.449614
0.346062
3.9468
-0.188014
-0.497025
0.0421
-0.270875
0.061075
0.486966
0.346062
3.9468
0.070688
-0.4749
-0.15645
0.5
0.21553
0.48698
0.324088
4.0135
0.070688
-0.4749
-0.15645
0.5
0.215508
0.449628
0.346062
3.9468
-0.188014
-0.497025
0.0421
-0.270875
0.061075
0.486966
0.368037
3.88011
-0.176005
-0.522325
-0.4531
-0.196275
0.068267
0.524319
0.368037
3.88011
0.070688
-0.4749
-0.15645
0.5
0.215552
0.524332
0.346062
3.9468
0.070688
-0.4749
-0.15645
0.5
0.21553
0.48698
0.956821
4.14689
-0.247381
0.087125
-0.2044
-0.957575
0.888756
0.335135
0.944835
4.07749
-0.235372
0.05675
0.394375
-0.55945
0.927912
0.329201
0.737919
4.07479
-0.235372
-0.000125
0.40655
-0.59105
0.929412
0.226717
0.737919
4.14689
-0.247381
3.33334e-05
-0.1116
-0.9906
0.888756
0.226715
0.944835
4.07749
-0.235372
0.05675
0.394375
-0.55945
0.878443
0.546065
0.944845
4.07067
-0.269441
-0.001125
0.407975
-0.569575
0.857922
0.546059
0.73793
4.06797
-0.269441
-9.99998e-05
0.40645
-0.591025
0.857838
0.648541
0.737919
4.07479
-0.235372
-0.000125
0.40655
-0.59105
0.878359
0.648548
0.932849
4.00809
-0.223363
0.040675
-0.5842
-0.4025
0.711285
0.577235
0.920863
3.93869
-0.211354
0.00925
0.39965
-0.57705
0.67213
0.583188
0.737919
3.93058
-0.211354
-0.0006
0.40595
-0.59095
0.667677
0.673801
0.737919
4.00268
-0.223363
0.0005
-0.574
-0.3948
0.708333
0.673784
0.520017
4.07749
-0.235372
-0.0543
0.396125
-0.5605
0.878443
0.756475
0.520027
4.07067
-0.269441
0.0011
0.408
-0.5696
0.857922
0.756468
0.302124
4.07338
-0.269441
-0.317867
0.1684
-0.3556
0.858006
0.864395
0.302114
4.08019
-0.182191
-0.5318
0.03615
-0.2576
0.910228
0.8644
0.509029
4.14689
0.070688
0
0
1
0.631958
0.594044
0.520017
4.07749
0.070688
0
0
1
0.593307
0.599486
0.737919
4.07479
0.070688
0
0
1
0.591801
0.707411
0.737919
4.14689
0.070688
0
0
1
0.631958
0.707411
0.520017
4.07749
0.070688
0
0
1
0.593307
0.599486
0.531004
4.00809
0.070688
0
0
1
0.554656
0.604928
0.737919
4.00268
0.070688
0
0
1
0.551644
0.707411
0.737919
4.07479
0.070688
0
0
1
0.591801
0.707411
0.531004
4.00809
0.070688
0
0
1
0.554656
0.604928
0.541991
3.93869
0.070688
0
0
1
0.516004
0.610369
0.737919
3.93058
0.070688
0
0
1
0.511487
0.707411
0.737919
4.00268
0.070688
0
0
1
0.551644
0.707411
0.541991
3.93869
0.070688
0
0
1
0.516004
0.610369
0.552978
3.86929
0.070688
0
0
1
0.477353
0.615811
0.737919
3.85847
0.070688
0
0
1
0.47133
0.707411
0.737919
3.93058
0.070688
0
0
1
0.511487
0.707411
1.17572
4.14689
0.070688
0.6453
-0.0787333
0.333333
0.431032
0.187182
1.15175
4.08019
0.070688
0.47055
-0.1691
0.5
0.43106
0.149746
1.15175
4.08019
-0.182191
0.5299
0.021525
-0.255675
0.280083
0.149764
1.17572
4.14689
-0.1942
0.570825
-0.2216
-0.4611
0.272885
0.187201
1.15175
4.08019
0.070688
0.47055
-0.1691
0.5
0.43106
0.149746
1.12778
4.0135
0.070688
0.47055
-0.1691
0.5
0.431088
0.112309
1.12778
4.0135
-0.203419
0.5026
-0.466775
-0.19685
0.267437
0.112329
1.15175
4.08019
-0.182191
0.5299
0.021525
-0.255675
0.280083
0.149764
1.12778
4.0135
0.070688
0.47055
-0.1691
0.5
0.431088
0.112309
1.10381
3.9468
0.070688
0.47055
-0.1691
0.5
0.431117
0.074873
1.10381
3.9468
-0.19141
0.489525
0.02935
-0.271075
0.274634
0.074892
1.12778
4.0135
-0.203419
0.5026
-0.466775
-0.19685
0.267437
0.112329
1.10381
3.9468
0.070688
0.47055
-0.1691
0.5
0.431117
0.074873
1.07983
3.88011
0.070688
0.47055
-0.1691
0.5
0.431145
0.037437
1.07983
3.88011
-0.179401
0.5174
-0.465575
-0.193675
0.281832
0.037454
1.10381
3.9468
-0.19141
0.489525
0.02935
-0.271075
0.274634
0.074892
1.15176
4.07338
-0.269441
0.3149
0.159633
-0.354433
0.808187
0.480679
1.12779
4.00668
-0.257432
0.320967
-0.500933
-0.2662
0.77053
0.49255
0.932859
4.00127
-0.257432
0.013425
-0.577625
-0.4053
0.767531
0.589098
0.944845
4.07067
-0.269441
-0.001125
0.407975
-0.569575
0.806688
0.583163
1.10382
3.93998
-0.245423
0.3055
0.160067
-0.365067
0.857838
0.480679
1.07984
3.87329
-0.233414
0.335167
-0.498067
-0.263167
0.82018
0.49255
0.908887
3.86247
-0.233414
0.03345
-0.57745
-0.405325
0.814184
0.577225
0.920873
3.93187
-0.245423
-0.015125
0.405725
-0.57975
0.853341
0.57129
0.73793
4.06797
-0.269441
-9.99998e-05
0.40645
-0.591025
0.805189
0.685647
0.73793
3.99586
-0.257432
0.00045
-0.5739
-0.394825
0.764533
0.685645
0.531014
4.00127
-0.257432
-0.0124
-0.577825
-0.406725
0.767532
0.788129
0.520027
4.07067
-0.269441
0.0011
0.408
-0.5696
0.806688
0.793573
0.73793
3.92376
-0.245423
-0.000525
0.405825
-0.590925
0.848844
0.661901
0.73793
3.85166
-0.233414
0.001325
-0.57345
-0.394925
0.808187
0.661899
0.552988
3.86247
-0.233414
-0.0307
-0.577675
-0.40675
0.814184
0.753499
0.542001
3.93187
-0.245423
0.01395
0.40615
-0.578425
0.853341
0.758943
0.520027
4.07067
-0.269441
0.0011
0.408
-0.5696
0.806688
0.793573
0.531014
4.00127
-0.257432
-0.0124
-0.577825
-0.406725
0.767532
0.788129
0.324098
4.00668
-0.257432
-0.323267
-0.492467
-0.269233
0.77053
0.890612
0.302124
4.07338
-0.269441
-0.317867
0.1684
-0.3556
0.808187
0.901498
0.542001
3.93187
-0.245423
0.01395
0.40615
-0.578425
0.853341
0.758943
0.552988
3.86247
-0.233414
-0.0307
-0.577675
-0.40675
0.814184
0.753499
0.368047
3.87329
-0.233414
-0.3361
-0.490167
-0.266933
0.82018
0.845099
0.346073
3.93998
-0.245423
-0.3092
0.168667
-0.365167
0.857838
0.855985
0.944845
4.07067
-0.269441
-0.001125
0.407975
-0.569575
0.806688
0.583163
0.932859
4.00127
-0.257432
0.013425
-0.577625
-0.4053
0.767531
0.589098
0.73793
3.99586
-0.257432
0.00045
-0.5739
-0.394825
0.764533
0.685645
0.73793
4.06797
-0.269441
-9.99998e-05
0.40645
-0.591025
0.805189
0.685647
0.920873
3.93187
-0.245423
-0.015125
0.405725
-0.57975
0.853341
0.57129
0.908887
3.86247
-0.233414
0.03345
-0.57745
-0.405325
0.814184
0.577225
0.73793
3.85166
-0.233414
0.001325
-0.57345
-0.394925
0.808187
0.661899
0.73793
3.92376
-0.245423
-0.000525
0.405825
-0.590925
0.848844
0.661901
0.920863
3.93869
-0.211354
0.00925
0.39965
-0.57705
0.383641
0.84625
0.920873
3.93187
-0.245423
-0.015125
0.405725
-0.57975
0.404161
0.846309
0.73793
3.92376
-0.245423
-0.000525
0.405825
-0.590925
0.404648
0.755702
0.737919
3.93058
-0.211354
-0.0006
0.40595
-0.59095
0.384128
0.755643
0.302114
4.08019
-0.182191
-0.5318
0.03615
-0.2576
0.064507
0.412263
0.302124
4.07338
-0.269441
-0.317867
0.1684
-0.3556
0.012415
0.41599
0.324098
4.00668
-0.257432
-0.323267
-0.492467
-0.269233
0.019607
0.453342
0.324088
4.0135
-0.200022
-0.508925
-0.45405
-0.198875
0.053883
0.449614
0.737919
4.07479
-0.235372
-0.000125
0.40655
-0.59105
0.878359
0.648548
0.73793
4.06797
-0.269441
-9.99998e-05
0.40645
-0.591025
0.857838
0.648541
0.520027
4.07067
-0.269441
0.0011
0.408
-0.5696
0.857922
0.756468
0.520017
4.07749
-0.235372
-0.0543
0.396125
-0.5605
0.878443
0.756475
0.368037
3.88011
-0.176005
-0.522325
-0.4531
-0.196275
0
0.914351
0.368047
3.87329
-0.233414
-0.3361
-0.490167
-0.266933
0.034431
0.914229
0.552988
3.86247
-0.233414
-0.0307
-0.577675
-0.40675
0.034431
0.822636
0.552978
3.86929
-0.199345
-0.064275
-0.584975
-0.4028
0.013915
0.822709
0.932849
4.00809
-0.223363
0.040675
-0.5842
-0.4025
0.646844
0.577263
0.932859
4.00127
-0.257432
0.013425
-0.577625
-0.4053
0.66736
0.57723
1.12779
4.00668
-0.257432
0.320967
-0.500933
-0.2662
0.667044
0.480679
1.12778
4.0135
-0.203419
0.5026
-0.466775
-0.19685
0.634638
0.480732
0.737919
3.85847
-0.199345
0.0014
-0.57355
-0.394875
0.013915
0.731116
0.73793
3.85166
-0.233414
0.001325
-0.57345
-0.394925
0.034431
0.731043
0.908887
3.86247
-0.233414
0.03345
-0.57745
-0.405325
0.033803
0.646364
0.908877
3.86929
-0.199345
0.06505
-0.584975
-0.4016
0.013287
0.646436
0.531004
4.00809
-0.223363
-0.042025
-0.58435
-0.40365
0.647161
0.776294
0.531014
4.00127
-0.257432
-0.0124
-0.577825
-0.406725
0.667677
0.776261
0.73793
3.99586
-0.257432
0.00045
-0.5739
-0.394825
0.667677
0.673781
0.737919
4.00268
-0.223363
0.0005
-0.574
-0.3948
0.647161
0.673814
1.12778
4.0135
-0.203419
0.5026
-0.466775
-0.19685
0.267437
0.112329
1.12779
4.00668
-0.257432
0.320967
-0.500933
-0.2662
0.235188
0.108602
1.15176
4.07338
-0.269441
0.3149
0.159633
-0.354433
0.22799
0.14604
1.15175
4.08019
-0.182191
0.5299
0.021525
-0.255675
0.280083
0.149764
1.10381
3.9468
-0.19141
0.489525
0.02935
-0.271075
0.371265
0.936828
1.10382
3.93998
-0.245423
0.3055
0.160067
-0.365067
0.403674
0.936916
0.920873
3.93187
-0.245423
-0.015125
0.405725
-0.57975
0.404161
0.846309
0.920863
3.93869
-0.211354
0.00925
0.39965
-0.57705
0.383641
0.84625
0.737919
3.93058
-0.211354
-0.0006
0.40595
-0.59095
0.384128
0.755643
0.73793
3.92376
-0.245423
-0.000525
0.405825
-0.590925
0.404648
0.755702
0.542001
3.93187
-0.245423
0.01395
0.40615
-0.578425
0.404648
0.658657
0.541991
3.93869
-0.211354
-0.01305
0.400025
-0.575425
0.384128
0.658598
0.908877
3.86929
-0.199345
0.06505
-0.584975
-0.4016
0.013287
0.646436
0.908887
3.86247
-0.233414
0.03345
-0.57745
-0.405325
0.033803
0.646364
1.07984
3.87329
-0.233414
0.335167
-0.498067
-0.263167
0.033176
0.561683
1.07983
3.88011
-0.179401
0.5174
-0.465575
-0.193675
0.00077
0.561798
0.552978
3.86929
-0.199345
-0.064275
-0.584975
-0.4028
0.013915
0.822709
0.552988
3.86247
-0.233414
-0.0307
-0.577675
-0.40675
0.034431
0.822636
0.73793
3.85166
-0.233414
0.001325
-0.57345
-0.394925
0.034431
0.731043
0.737919
3.85847
-0.199345
0.0014
-0.57355
-0.394875
0.013915
0.731116
